0.000000000000000000e+00 1.000000000000000000e+00
1.000000000000000000e+00 9.998167466178740082e-01
2.000000000000000000e+00 9.993235758807877955e-01
3.000000000000000000e+00 9.985404694571999862e-01
4.000000000000000000e+00 9.974356264528209115e-01
5.000000000000000000e+00 9.960232099956377594e-01
6.000000000000000000e+00 9.943235783351191959e-01
7.000000000000000000e+00 9.923287443272613695e-01
8.000000000000000000e+00 9.900155389109689397e-01
9.000000000000000000e+00 9.873813934666779701e-01
1.000000000000000000e+01 9.844795878289502866e-01
1.100000000000000000e+01 9.812486734735734739e-01
1.200000000000000000e+01 9.777389658665924799e-01
1.300000000000000178e+01 9.739336823517052988e-01
1.400000000000000000e+01 9.698132602599179863e-01
1.500000000000000000e+01 9.654192606717182379e-01
1.600000000000000000e+01 9.607088601458884103e-01
1.700000000000000355e+01 9.557332830719283967e-01
1.800000000000000000e+01 9.504374319297863583e-01
1.900000000000000355e+01 9.448779293147632208e-01
2.000000000000000000e+01 9.389992514414903235e-01
2.100000000000000000e+01 9.328678029964508900e-01
2.200000000000000000e+01 9.264429408200347549e-01
2.300000000000000000e+01 9.197315409658950447e-01
2.400000000000000000e+01 9.127355081311654406e-01
2.500000000000000000e+01 9.054680862020699772e-01
2.600000000000000355e+01 8.979299371693970633e-01
2.700000000000000000e+01 8.901000822271893931e-01
2.800000000000000000e+01 8.820182736264589041e-01
2.900000000000000355e+01 8.736516289940224889e-01
3.000000000000000000e+01 8.650238583953187010e-01
3.100000000000000000e+01 8.561298071740164328e-01
3.200000000000000000e+01 8.469945747612207532e-01
3.300000000000000000e+01 8.375862493024252009e-01
3.400000000000000711e+01 8.279217207056913663e-01
3.500000000000000000e+01 8.180008198952345433e-01
3.600000000000000000e+01 8.078371431895108312e-01
3.700000000000000000e+01 7.974238132987048200e-01
3.800000000000000711e+01 7.867783437617795750e-01
3.899999999999999289e+01 7.758785058575616844e-01
4.000000000000000000e+01 7.647531984865489907e-01
4.100000000000000000e+01 7.533889478793591721e-01
4.200000000000000000e+01 7.418130563742044714e-01
4.300000000000000000e+01 7.299980966874938249e-01
4.400000000000000000e+01 7.179472763858243400e-01
4.500000000000000000e+01 7.056886062484341027e-01
4.600000000000000000e+01 6.932167466970754477e-01
4.700000000000000000e+01 6.805315004212653118e-01
4.800000000000000000e+01 6.676347999988094806e-01
4.899999999999999289e+01 6.545473268342926199e-01
5.000000000000000000e+01 6.412504775667747792e-01
5.100000000000000000e+01 6.277641830069200513e-01
5.200000000000000711e+01 6.140813701522722656e-01
5.300000000000000000e+01 6.002026401502856823e-01
5.400000000000000000e+01 5.861556258971891697e-01
5.500000000000000711e+01 5.719329080462930426e-01
5.600000000000000000e+01 5.575207739703612608e-01
5.700000000000000711e+01 5.429518363353673660e-01
5.800000000000000711e+01 5.282173063541871771e-01
5.900000000000000711e+01 5.133129006839045605e-01
6.000000000000000000e+01 4.982599630488322995e-01
6.099999999999999289e+01 4.830500646205731496e-01
6.200000000000000000e+01 4.676971049021558247e-01
6.299999999999999289e+01 4.522081246839065871e-01
6.400000000000000000e+01 4.365711110333508893e-01
6.500000000000000000e+01 4.208008620757504592e-01
6.600000000000000000e+01 4.049005383201357833e-01
6.700000000000000000e+01 3.888851101770565699e-01
6.800000000000001421e+01 3.727457590983633273e-01
6.900000000000000000e+01 3.564947680665626062e-01
7.000000000000000000e+01 3.401344706962941000e-01
7.100000000000000000e+01 3.236732892815250562e-01
7.200000000000000000e+01 3.071102399977355124e-01
7.300000000000000000e+01 2.904543735463774867e-01
7.400000000000000000e+01 2.737107824452246763e-01
7.500000000000000000e+01 2.568860902391997270e-01
7.600000000000001421e+01 2.399868371000553335e-01
7.700000000000000000e+01 2.230008022658232503e-01
7.799999999999998579e+01 2.059585253502831392e-01
7.900000000000000000e+01 1.888526772979613189e-01
8.000000000000000000e+01 1.716859360622988717e-01
8.100000000000000000e+01 1.544702956928604709e-01
8.200000000000000000e+01 1.372061061031175644e-01
8.300000000000000000e+01 1.199049844323392677e-01
8.400000000000000000e+01 1.025669902418564344e-01
8.500000000000001421e+01 8.520056300537100225e-02
8.600000000000000000e+01 6.781281213963423482e-02
8.700000000000000000e+01 5.041529902790183731e-02
8.800000000000000000e+01 3.302941700960553006e-02
8.900000000000000000e+01 1.574901275062070768e-02
9.000000000000000000e+01 3.741633687683734028e-03
9.100000000000000000e+01 1.972675772633536093e-02
9.200000000000000000e+01 3.705414509402898959e-02
9.300000000000001421e+01 5.444611816738340743e-02
9.400000000000000000e+01 7.184285276381016661e-02
9.500000000000000000e+01 8.922586050350667097e-02
9.600000000000000000e+01 1.065869457218875521e-01
9.700000000000000000e+01 1.239171163181003316e-01
9.799999999999998579e+01 1.412110976591976208e-01
9.900000000000001421e+01 1.584619492558587139e-01
1.000000000000000000e+02 1.756701063182460609e-01
1.010000000000000000e+02 1.928203357167676546e-01
1.020000000000000000e+02 2.099129104073071128e-01
1.030000000000000142e+02 2.269428067249613656e-01
1.040000000000000142e+02 2.439062701419068280e-01
1.050000000000000000e+02 2.607897416959095716e-01
1.060000000000000000e+02 2.776008459304924458e-01
1.070000000000000000e+02 2.943248165250261228e-01
1.080000000000000000e+02 3.109561462574073620e-01
1.089999999999999858e+02 3.274974598804569759e-01
1.100000000000000142e+02 3.439356754310033959e-01
1.110000000000000000e+02 3.602696458792763456e-01
1.120000000000000000e+02 3.764909712949322529e-01
1.130000000000000000e+02 3.926092622205962224e-01
1.140000000000000142e+02 4.085981461972632012e-01
1.149999999999999858e+02 4.244635208018176509e-01
1.160000000000000142e+02 4.402083368053386625e-01
1.170000000000000000e+02 4.558079019038546176e-01
1.180000000000000142e+02 4.712711750636851549e-01
1.190000000000000000e+02 4.865921209388996971e-01
1.200000000000000000e+02 5.017629003929101605e-01
1.210000000000000142e+02 5.167819812458622764e-01
1.219999999999999858e+02 5.316491440007022895e-01
1.230000000000000000e+02 5.463503090423237341e-01
1.240000000000000000e+02 5.608813929683231780e-01
1.250000000000000142e+02 5.752380839509848576e-01
1.259999999999999858e+02 5.894295410427780046e-01
1.270000000000000142e+02 6.034357684114588505e-01
1.280000000000000000e+02 6.172664631200123209e-01
1.290000000000000000e+02 6.309045831887418743e-01
1.300000000000000000e+02 6.443399007591402716e-01
1.310000000000000000e+02 6.575923270381579533e-01
1.320000000000000000e+02 6.706480634774655281e-01
1.330000000000000000e+02 6.834823293056031535e-01
1.340000000000000000e+02 6.961252105198398876e-01
1.350000000000000000e+02 7.085453426679627631e-01
1.360000000000000284e+02 7.207494762628005036e-01
1.370000000000000000e+02 7.327460917560869591e-01
1.380000000000000000e+02 7.444996658832366832e-01
1.390000000000000000e+02 7.560456225415275178e-01
1.400000000000000000e+02 7.673571659502055331e-01
1.410000000000000000e+02 7.784197964447074902e-01
1.420000000000000000e+02 7.892612627510239287e-01
1.430000000000000000e+02 7.998531475543840807e-01
1.440000000000000000e+02 8.102142587697109821e-01
1.450000000000000000e+02 8.203267943644267923e-01
1.460000000000000000e+02 8.301813481247606319e-01
1.470000000000000000e+02 8.397772285975816375e-01
1.480000000000000000e+02 8.491259379407067875e-01
1.490000000000000000e+02 8.582139607387981872e-01
1.500000000000000000e+02 8.670546886829413324e-01
1.510000000000000000e+02 8.756054674554785144e-01
1.520000000000000284e+02 8.839050574672767668e-01
1.530000000000000000e+02 8.919322199072011736e-01
1.540000000000000000e+02 8.996856207973785713e-01
1.550000000000000000e+02 9.071697868599652992e-01
1.559999999999999716e+02 9.143746191751791486e-01
1.570000000000000000e+02 9.213075433829343019e-01
1.580000000000000000e+02 9.279455045900554255e-01
1.590000000000000284e+02 9.343137014404547802e-01
1.600000000000000000e+02 9.403996648888889309e-01
1.610000000000000000e+02 9.461982121148652114e-01
1.620000000000000000e+02 9.516798764932105081e-01
1.630000000000000284e+02 9.569135678106078791e-01
1.640000000000000000e+02 9.618273852452231543e-01
1.650000000000000000e+02 9.664657305970431045e-01
1.660000000000000000e+02 9.707889969775698180e-01
1.670000000000000000e+02 9.748288916712172236e-01
1.680000000000000000e+02 9.785702335241800442e-01
1.690000000000000000e+02 9.820279551982653565e-01
1.700000000000000284e+02 9.851804507238483000e-01
1.710000000000000000e+02 9.880193651700029944e-01
1.720000000000000000e+02 9.905541007902731732e-01
1.730000000000000000e+02 9.928069624290319917e-01
1.740000000000000000e+02 9.947372807378135340e-01
1.750000000000000000e+02 9.963773543325964432e-01
1.760000000000000000e+02 9.977181077351168215e-01
1.770000000000000000e+02 9.987586035698352571e-01
1.780000000000000000e+02 9.994954200620483897e-01
1.790000000000000000e+02 9.998998626460934291e-01
1.800000000000000000e+02 1.000000000000000000e+00
1.810000000000000000e+02 9.998167466178740082e-01
1.820000000000000000e+02 9.993235758807877955e-01
1.830000000000000000e+02 9.985404694571999862e-01
1.840000000000000000e+02 9.974356264528209115e-01
1.849999999999999716e+02 9.960232099956377594e-01
1.860000000000000284e+02 9.943235783351191959e-01
1.870000000000000284e+02 9.923239228082859631e-01
1.880000000000000000e+02 9.900096784488356949e-01
1.890000000000000000e+02 9.873813934666779701e-01
1.900000000000000000e+02 9.844795878289502866e-01
1.910000000000000000e+02 9.812486734735734739e-01
1.920000000000000000e+02 9.777364094452410948e-01
1.930000000000000000e+02 9.739336823517052988e-01
1.940000000000000000e+02 9.698132602599179863e-01
1.950000000000000284e+02 9.654192606717182379e-01
1.959999999999999716e+02 9.607088601458884103e-01
1.970000000000000284e+02 9.557332830719283967e-01
1.980000000000000284e+02 9.504369844547142510e-01
1.990000000000000000e+02 9.448675810389602914e-01
2.000000000000000000e+02 9.389992514414903235e-01
2.010000000000000000e+02 9.328678029964508900e-01
2.020000000000000000e+02 9.264429408200347549e-01
2.030000000000000000e+02 9.197315409658950447e-01
2.040000000000000000e+02 9.127355081311654406e-01
2.050000000000000000e+02 9.054590624690571632e-01
2.060000000000000284e+02 8.979170849002319210e-01
2.069999999999999716e+02 8.901000822271893931e-01
2.080000000000000284e+02 8.820124537580038560e-01
2.090000000000000284e+02 8.736519173507284464e-01
2.100000000000000000e+02 8.650307154292028455e-01
2.110000000000000000e+02 8.561298071740164328e-01
2.120000000000000000e+02 8.469944650603533631e-01
2.130000000000000000e+02 8.375862493024252009e-01
2.140000000000000000e+02 8.279148714573992818e-01
2.150000000000000000e+02 8.180008198952345433e-01
2.160000000000000000e+02 8.078345374592688088e-01
2.170000000000000284e+02 7.974238132987048200e-01
2.179999999999999716e+02 7.867746805359678852e-01
2.190000000000000284e+02 7.758866711123278970e-01
2.200000000000000284e+02 7.647531984865489907e-01
2.210000000000000000e+02 7.533912185857556398e-01
2.220000000000000000e+02 7.418130563742044714e-01
2.230000000000000000e+02 7.299919323358201595e-01
2.240000000000000000e+02 7.179481027059236853e-01
2.250000000000000000e+02 7.056868417450843367e-01
2.260000000000000000e+02 6.932167466970754477e-01
2.270000000000000000e+02 6.805302175740618464e-01
2.280000000000000284e+02 6.676384629055810427e-01
2.290000000000000000e+02 6.545473268342926199e-01
2.299999999999999716e+02 6.412523594741001975e-01
2.309999999999999716e+02 6.277641048767975684e-01
2.320000000000000284e+02 6.140837140036772279e-01
2.330000000000000000e+02 6.002054247993249270e-01
2.340000000000000000e+02 5.861546777251658291e-01
2.350000000000000000e+02 5.719370563624857073e-01
2.360000000000000284e+02 5.575253588387717452e-01
2.370000000000000000e+02 5.429525185628383266e-01
2.380000000000000000e+02 5.282212789850975199e-01
2.390000000000000000e+02 5.133125481609642771e-01
2.400000000000000000e+02 4.982620289913685663e-01
2.410000000000000284e+02 4.830552749815580360e-01
2.420000000000000284e+02 4.676934255719215616e-01
2.430000000000000284e+02 4.522048636005565059e-01
2.439999999999999716e+02 4.365681496486420454e-01
2.450000000000000000e+02 4.208002787625105823e-01
2.460000000000000000e+02 4.049014575801705984e-01
2.470000000000000000e+02 3.888830540871898167e-01
2.480000000000000000e+02 3.727490631488495909e-01
2.490000000000000000e+02 3.565004705248362438e-01
2.500000000000000284e+02 3.401334940287068509e-01
2.510000000000000284e+02 3.236757643070872215e-01
2.519999999999999716e+02 3.071113647433765248e-01
2.529999999999999716e+02 2.904532927433405853e-01
2.540000000000000284e+02 2.737118950179091570e-01
2.550000000000000000e+02 2.568857801025561383e-01
2.560000000000000000e+02 2.399854880076875974e-01
2.570000000000000000e+02 2.230029037677840886e-01
2.580000000000000000e+02 2.059600543920782900e-01
2.590000000000000568e+02 1.888521913958174925e-01
2.600000000000000000e+02 1.716861686560841593e-01
2.610000000000000000e+02 1.544698900022762889e-01
2.620000000000000000e+02 1.372075662892356107e-01
2.630000000000000000e+02 1.199056489448634966e-01
2.640000000000000000e+02 1.025663708768297933e-01
2.650000000000000000e+02 8.520071629314771022e-02
2.660000000000000000e+02 6.781214283003413057e-02
2.669999999999999432e+02 5.041507071676504942e-02
2.680000000000000000e+02 3.302962820055106719e-02
2.690000000000000000e+02 1.574876436455365306e-02
2.700000000000000000e+02 3.741633733288640597e-03
2.710000000000000000e+02 1.972682377008529164e-02
2.720000000000000568e+02 3.705397087748856649e-02
2.730000000000000568e+02 5.444622039351097731e-02
2.740000000000000000e+02 7.184265417503886419e-02
2.750000000000000000e+02 8.922566167757671474e-02
2.760000000000000000e+02 1.065848374714549324e-01
2.770000000000000000e+02 1.239173066270884138e-01
2.780000000000000000e+02 1.412116468634764532e-01
2.790000000000000000e+02 1.584620784930936277e-01
2.800000000000000000e+02 1.756695405240821517e-01
2.810000000000000568e+02 1.928208244216600975e-01
2.820000000000000000e+02 2.099139622741314493e-01
2.830000000000000000e+02 2.269435563309690762e-01
2.840000000000000000e+02 2.439051214214274788e-01
2.850000000000000000e+02 2.607899650683632164e-01
2.860000000000000000e+02 2.776014990915086078e-01
2.870000000000000000e+02 2.943234593634116991e-01
2.880000000000000000e+02 3.109576590314059308e-01
2.890000000000000000e+02 3.274992202579862233e-01
2.900000000000000000e+02 3.439343737944433599e-01
2.910000000000000000e+02 3.602706758881348281e-01
2.920000000000000000e+02 3.764928808922715087e-01
2.930000000000000000e+02 3.926061525409626496e-01
2.940000000000000000e+02 4.086006869388377760e-01
2.950000000000000568e+02 4.244637214983661977e-01
2.960000000000000000e+02 4.401991735991783727e-01
2.970000000000000000e+02 4.558044847155752755e-01
2.980000000000000000e+02 4.712721002293716044e-01
2.990000000000000000e+02 4.865895323515861404e-01
3.000000000000000000e+02 5.017672885924605586e-01
3.010000000000000000e+02 5.167830922953819961e-01
3.020000000000000000e+02 5.316542274275096736e-01
3.030000000000000000e+02 5.463481233467859521e-01
3.040000000000000568e+02 5.608827382449378396e-01
3.050000000000000000e+02 5.752393122294079397e-01
3.060000000000000000e+02 5.894331969108245195e-01
3.070000000000000000e+02 6.034391476505004404e-01
3.080000000000000000e+02 6.172637834789476141e-01
3.090000000000000000e+02 6.308985633445598484e-01
3.100000000000000000e+02 6.443379630662837698e-01
3.110000000000000000e+02 6.575933138575316139e-01
3.119999999999999432e+02 6.706373320542232674e-01
3.130000000000000000e+02 6.834889949073371662e-01
3.140000000000000000e+02 6.961268423335277289e-01
3.150000000000000000e+02 7.085465177620853261e-01
3.160000000000000000e+02 7.207493132019608950e-01
3.170000000000000568e+02 7.327389552198908529e-01
3.180000000000000568e+02 7.445043789900717135e-01
3.190000000000000000e+02 7.560440863686683777e-01
3.200000000000000000e+02 7.673537439167422702e-01
3.210000000000000000e+02 7.784355289452756788e-01
3.220000000000000000e+02 7.892579581532029875e-01
3.230000000000000000e+02 7.998457261856320999e-01
3.240000000000000000e+02 8.102142587697109821e-01
3.250000000000000000e+02 8.203244678051989647e-01
3.260000000000000568e+02 8.301834304588060487e-01
3.270000000000000000e+02 8.397802416312306617e-01
3.280000000000000000e+02 8.491259379407067875e-01
3.290000000000000000e+02 8.582156030485881271e-01
3.300000000000000000e+02 8.670495907128775714e-01
3.310000000000000000e+02 8.756038681619797703e-01
3.320000000000000000e+02 8.839071251780016292e-01
3.330000000000000000e+02 8.919322199072011736e-01
3.340000000000000000e+02 8.996859366397946811e-01
3.350000000000000000e+02 9.071728133452727771e-01
3.360000000000000000e+02 9.143654983451980911e-01
3.370000000000000000e+02 9.213013460046559633e-01
3.380000000000000000e+02 9.279455045900554255e-01
3.390000000000000000e+02 9.343155332661509105e-01
3.400000000000000568e+02 9.403911113367626751e-01
3.410000000000000000e+02 9.461982121148652114e-01
3.420000000000000000e+02 9.516798764932105081e-01
3.430000000000000000e+02 9.569167618835251465e-01
3.440000000000000000e+02 9.618273852452231543e-01
3.450000000000000000e+02 9.664649233378417303e-01
3.460000000000000000e+02 9.707889969775698180e-01
3.470000000000000000e+02 9.748288916712172236e-01
3.480000000000000000e+02 9.785691129019745693e-01
3.490000000000000568e+02 9.820279551982653565e-01
3.500000000000000000e+02 9.851804507238483000e-01
3.510000000000000000e+02 9.880193651700029944e-01
3.520000000000000000e+02 9.905591811165485039e-01
3.530000000000000000e+02 9.928020066519253062e-01
3.540000000000000000e+02 9.947372807378135340e-01
3.550000000000000000e+02 9.963773543325964432e-01
3.560000000000000000e+02 9.977181077351168215e-01
3.569999999999999432e+02 9.987586035698352571e-01
3.580000000000000000e+02 9.994954200620483897e-01
3.590000000000000000e+02 9.998998626460934291e-01
3.600000000000000000e+02 1.000000000000000000e+00
