0.000000000000000000e+00 1.000000000000000000e+00
1.000000000000000000e+00 9.998172613488576221e-01
2.000000000000000000e+00 9.993299686830862116e-01
3.000000000000000000e+00 9.985382704367585793e-01
4.000000000000000000e+00 9.974424077688499590e-01
5.000000000000000000e+00 9.960427144897682217e-01
6.000000000000000000e+00 9.943396169597037426e-01
7.000000000000000000e+00 9.923336339586872334e-01
8.000000000000000000e+00 9.900253765286286534e-01
9.000000000000000000e+00 9.874155477871724429e-01
1.000000000000000000e+01 9.845049427135001974e-01
1.100000000000000000e+01 9.812944479061853631e-01
1.200000000000000000e+01 9.777850413131485841e-01
1.300000000000000178e+01 9.739777919337331280e-01
1.400000000000000000e+01 9.698738594930761403e-01
1.500000000000000000e+01 9.654744940888898563e-01
1.600000000000000000e+01 9.607810358106144699e-01
1.700000000000000355e+01 9.557949143312406415e-01
1.800000000000000000e+01 9.505176484718451668e-01
1.900000000000000355e+01 9.449508457388857696e-01
2.000000000000000000e+01 9.390962018345820894e-01
2.100000000000000000e+01 9.329555001403668779e-01
2.200000000000000000e+01 9.265306111736901773e-01
2.300000000000000000e+01 9.198234920181632690e-01
2.400000000000000000e+01 9.128361857275218982e-01
2.500000000000000000e+01 9.055708207031860635e-01
2.600000000000000355e+01 8.980296100460011255e-01
2.700000000000000000e+01 8.902148508820894035e-01
2.800000000000000000e+01 8.821289236631090214e-01
2.900000000000000355e+01 8.737742914411589235e-01
3.000000000000000000e+01 8.651534991185054757e-01
3.100000000000000000e+01 8.562691726723965502e-01
3.200000000000000000e+01 8.471240183551562719e-01
3.300000000000000000e+01 8.377208218698204423e-01
3.400000000000000711e+01 8.280624475216186164e-01
3.500000000000000000e+01 8.181518373454585991e-01
3.600000000000000000e+01 8.079920102097605250e-01
3.700000000000000000e+01 7.975860608968917687e-01
3.800000000000000711e+01 7.869371591604674698e-01
3.899999999999999289e+01 7.760485487598196563e-01
4.000000000000000000e+01 7.649235464719006394e-01
4.100000000000000000e+01 7.535655410809968258e-01
4.200000000000000000e+01 7.419779923464715488e-01
4.300000000000000000e+01 7.301644299488745382e-01
4.400000000000000000e+01 7.181284524147836246e-01
4.500000000000000000e+01 7.058737260206944253e-01
4.600000000000000000e+01 6.934039836762123654e-01
4.700000000000000000e+01 6.807230237869947853e-01
4.800000000000000000e+01 6.678347090977463374e-01
4.899999999999999289e+01 6.547429655155836414e-01
5.000000000000000000e+01 6.414517809141909721e-01
5.100000000000000000e+01 6.279652039191095936e-01
5.200000000000000711e+01 6.142873426744878129e-01
5.300000000000000000e+01 6.004223635917375068e-01
5.400000000000000000e+01 5.863744900804396254e-01
5.500000000000000711e+01 5.721480012618841426e-01
5.600000000000000000e+01 5.577472306656509060e-01
5.700000000000000711e+01 5.431765649096262916e-01
5.800000000000000711e+01 5.284404423638623394e-01
5.900000000000000711e+01 5.135433517986686125e-01
6.000000000000000000e+01 4.984898310173769276e-01
6.099999999999999289e+01 4.832844654741945134e-01
6.200000000000000000e+01 4.679318868775555473e-01
6.299999999999999289e+01 4.524367717793922883e-01
6.400000000000000000e+01 4.368038401508307356e-01
6.500000000000000000e+01 4.210378539446562596e-01
6.600000000000000000e+01 4.051436156450809456e-01
6.700000000000000000e+01 3.891259668052208243e-01
6.800000000000001421e+01 3.729897865727990758e-01
6.900000000000000000e+01 3.567399902045021998e-01
7.000000000000000000e+01 3.403815275695402098e-01
7.100000000000000000e+01 3.239193816429056239e-01
7.200000000000000000e+01 3.073585669889060679e-01
7.300000000000000000e+01 2.907041282355446454e-01
7.400000000000000000e+01 2.739611385404683297e-01
7.500000000000000000e+01 2.571346980492543177e-01
7.600000000000001421e+01 2.402299323470479253e-01
7.700000000000000000e+01 2.232519909048441553e-01
7.799999999999998579e+01 2.062060455223304889e-01
7.900000000000000000e+01 1.890972887701855565e-01
8.000000000000000000e+01 1.719309324367933878e-01
8.100000000000000000e+01 1.547122059881880229e-01
8.200000000000000000e+01 1.374463550587314009e-01
8.300000000000000000e+01 1.201386400094780760e-01
8.400000000000000000e+01 1.027943346408877329e-01
8.500000000000001421e+01 8.541872528704760881e-02
8.600000000000000000e+01 6.801711098363111274e-02
8.700000000000000000e+01 5.059480730996416403e-02
8.800000000000000000e+01 3.315716745159887069e-02
8.900000000000000000e+01 1.570975441716782398e-02
9.000000000000000000e+01 1.751907951668989953e-03
9.100000000000000000e+01 1.919669477635049457e-02
9.200000000000000000e+01 3.664263736868301341e-02
9.300000000000001421e+01 5.407764468464960200e-02
9.400000000000000000e+01 7.149624022107158028e-02
9.500000000000000000e+01 8.889308237037976679e-02
9.600000000000000000e+01 1.062628595789453373e-01
9.700000000000000000e+01 1.236002754681885529e-01
9.799999999999998579e+01 1.409000461703518170e-01
9.900000000000001421e+01 1.581569004805771228e-01
1.000000000000000000e+02 1.753655808708129427e-01
1.010000000000000000e+02 1.925208448193467259e-01
1.020000000000000000e+02 2.096174662705962699e-01
1.030000000000000142e+02 2.266502371526660231e-01
1.040000000000000142e+02 2.436139689210546078e-01
1.050000000000000000e+02 2.605034941133668180e-01
1.060000000000000000e+02 2.773136679072250588e-01
1.070000000000000000e+02 2.940393696769131870e-01
1.080000000000000000e+02 3.106755045461695453e-01
1.089999999999999858e+02 3.272170049353020360e-01
1.100000000000000142e+02 3.436588321014475422e-01
1.110000000000000000e+02 3.599959776709955594e-01
1.120000000000000000e+02 3.762234651634353000e-01
1.130000000000000000e+02 3.923363515059141160e-01
1.140000000000000142e+02 4.083297285379807184e-01
1.149999999999999858e+02 4.241987245058966849e-01
1.160000000000000142e+02 4.399385055460488525e-01
1.170000000000000000e+02 4.555442771569439553e-01
1.180000000000000142e+02 4.710112856593047237e-01
1.190000000000000000e+02 4.863348196438039839e-01
1.200000000000000000e+02 5.015102114059770688e-01
1.210000000000000142e+02 5.165328383678894353e-01
1.219999999999999858e+02 5.313981244860361830e-01
1.230000000000000000e+02 5.461015416451534543e-01
1.240000000000000000e+02 5.606386110374232956e-01
1.250000000000000142e+02 5.750049045266653058e-01
1.259999999999999858e+02 5.891960459971344877e-01
1.270000000000000142e+02 6.032077126864729966e-01
1.280000000000000000e+02 6.170356365023961231e-01
1.290000000000000000e+02 6.306756053227740022e-01
1.300000000000000000e+02 6.441234642786402009e-01
1.310000000000000000e+02 6.573751170197773552e-01
1.320000000000000000e+02 6.704265269624710699e-01
1.330000000000000000e+02 6.832737185190917995e-01
1.340000000000000000e+02 6.959127783090433006e-01
1.350000000000000000e+02 7.083398563508398471e-01
1.360000000000000284e+02 7.205511672347951757e-01
1.370000000000000000e+02 7.325429912761121098e-01
1.380000000000000000e+02 7.443116756479023488e-01
1.390000000000000000e+02 7.558536354938858448e-01
1.400000000000000000e+02 7.671653550203367811e-01
1.410000000000000000e+02 7.782433885670317908e-01
1.420000000000000000e+02 7.890843616568418151e-01
1.430000000000000000e+02 7.996849720235936765e-01
1.440000000000000000e+02 8.100419906179977536e-01
1.450000000000000000e+02 8.201522625912172071e-01
1.460000000000000000e+02 8.300127082558819147e-01
1.470000000000000000e+02 8.396203240241683075e-01
1.480000000000000000e+02 8.489721833227229508e-01
1.490000000000000000e+02 8.580654374841408805e-01
1.500000000000000000e+02 8.668973166146762832e-01
1.510000000000000000e+02 8.754651304379799104e-01
1.520000000000000284e+02 8.837662691145631300e-01
1.530000000000000000e+02 8.917982040368236385e-01
1.540000000000000000e+02 8.995584885992429225e-01
1.550000000000000000e+02 9.070447589436503311e-01
1.559999999999999716e+02 9.142547346792881946e-01
1.570000000000000000e+02 9.211862195774387363e-01
1.580000000000000000e+02 9.278371022403889556e-01
1.590000000000000284e+02 9.342053567446271245e-01
1.600000000000000000e+02 9.402890432579200652e-01
1.610000000000000000e+02 9.460863086302152558e-01
1.620000000000000000e+02 9.515953869581307289e-01
1.630000000000000284e+02 9.568146001228705622e-01
1.640000000000000000e+02 9.617423583013636756e-01
1.650000000000000000e+02 9.663771604506077306e-01
1.660000000000000000e+02 9.707175947648181147e-01
1.670000000000000000e+02 9.747623391055273423e-01
1.680000000000000000e+02 9.785101614043226759e-01
1.690000000000000000e+02 9.819599200380977333e-01
1.700000000000000284e+02 9.851105641768762577e-01
1.710000000000000000e+02 9.879611341038401218e-01
1.720000000000000000e+02 9.905107615076812477e-01
1.730000000000000000e+02 9.927586697471497690e-01
1.740000000000000000e+02 9.947041740875592897e-01
1.750000000000000000e+02 9.963466819093675930e-01
1.760000000000000000e+02 9.976856928887474218e-01
1.770000000000000000e+02 9.987207991499583715e-01
1.780000000000000000e+02 9.994516853895722974e-01
1.790000000000000000e+02 9.998781289725355848e-01
1.800000000000000000e+02 1.000000000000000000e+00
1.810000000000000000e+02 9.998172613488576221e-01
1.820000000000000000e+02 9.993299686830862116e-01
1.830000000000000000e+02 9.985382704367585793e-01
1.840000000000000000e+02 9.974424077688499590e-01
1.849999999999999716e+02 9.960427144897682217e-01
1.860000000000000284e+02 9.943396169597037426e-01
1.870000000000000284e+02 9.923336339586870114e-01
1.880000000000000000e+02 9.900253765286270990e-01
1.890000000000000000e+02 9.874155477871724429e-01
1.900000000000000000e+02 9.845049427135001974e-01
1.910000000000000000e+02 9.812944479061853631e-01
1.920000000000000000e+02 9.777850413131480289e-01
1.930000000000000000e+02 9.739777919337331280e-01
1.940000000000000000e+02 9.698738594930761403e-01
1.950000000000000284e+02 9.654744940888898563e-01
1.959999999999999716e+02 9.607810358106144699e-01
1.970000000000000284e+02 9.557949143312406415e-01
1.980000000000000284e+02 9.505176484718479424e-01
1.990000000000000000e+02 9.449508457388857696e-01
2.000000000000000000e+02 9.390962018345820894e-01
2.010000000000000000e+02 9.329555001403668779e-01
2.020000000000000000e+02 9.265306111736901773e-01
2.030000000000000000e+02 9.198234920181632690e-01
2.040000000000000000e+02 9.128361857275218982e-01
2.050000000000000000e+02 9.055708207031823997e-01
2.060000000000000284e+02 8.980296100460024578e-01
2.069999999999999716e+02 8.902148508820894035e-01
2.080000000000000284e+02 8.821289236631073560e-01
2.090000000000000284e+02 8.737742914411575912e-01
2.100000000000000000e+02 8.651534991185043655e-01
2.110000000000000000e+02 8.562691726723965502e-01
2.120000000000000000e+02 8.471240183551586034e-01
2.130000000000000000e+02 8.377208218698204423e-01
2.140000000000000000e+02 8.280624475216201708e-01
2.150000000000000000e+02 8.181518373454585991e-01
2.160000000000000000e+02 8.079920102097563062e-01
2.170000000000000284e+02 7.975860608968917687e-01
2.179999999999999716e+02 7.869371591604663596e-01
2.190000000000000284e+02 7.760485487598182130e-01
2.200000000000000284e+02 7.649235464719006394e-01
2.210000000000000000e+02 7.535655410809987131e-01
2.220000000000000000e+02 7.419779923464715488e-01
2.230000000000000000e+02 7.301644299488720957e-01
2.240000000000000000e+02 7.181284524147822923e-01
2.250000000000000000e+02 7.058737260206990882e-01
2.260000000000000000e+02 6.934039836762123654e-01
2.270000000000000000e+02 6.807230237869967837e-01
2.280000000000000284e+02 6.678347090977481137e-01
2.290000000000000000e+02 6.547429655155836414e-01
2.299999999999999716e+02 6.414517809141914162e-01
2.309999999999999716e+02 6.279652039191082613e-01
2.320000000000000284e+02 6.142873426744868137e-01
2.330000000000000000e+02 6.004223635917360635e-01
2.340000000000000000e+02 5.863744900804392923e-01
2.350000000000000000e+02 5.721480012618820332e-01
2.360000000000000284e+02 5.577472306656483525e-01
2.370000000000000000e+02 5.431765649096277349e-01
2.380000000000000000e+02 5.284404423638598969e-01
2.390000000000000000e+02 5.135433517986699448e-01
2.400000000000000000e+02 4.984898310173781488e-01
2.410000000000000284e+02 4.832844654741956236e-01
2.420000000000000284e+02 4.679318868775528828e-01
2.430000000000000284e+02 4.524367717793922883e-01
2.439999999999999716e+02 4.368038401508311241e-01
2.450000000000000000e+02 4.210378539446566482e-01
2.460000000000000000e+02 4.051436156450795578e-01
2.470000000000000000e+02 3.891259668052211018e-01
2.480000000000000000e+02 3.729897865728002970e-01
2.490000000000000000e+02 3.567399902045029769e-01
2.500000000000000284e+02 3.403815275695386000e-01
2.510000000000000284e+02 3.239193816429051243e-01
2.519999999999999716e+02 3.073585669889060124e-01
2.529999999999999716e+02 2.907041282355454781e-01
2.540000000000000284e+02 2.739611385404669974e-01
2.550000000000000000e+02 2.571346980492548173e-01
2.560000000000000000e+02 2.402299323470477588e-01
2.570000000000000000e+02 2.232519909048438500e-01
2.580000000000000000e+02 2.062060455223302113e-01
2.590000000000000568e+02 1.890972887701856953e-01
2.600000000000000000e+02 1.719309324367924996e-01
2.610000000000000000e+02 1.547122059881880507e-01
2.620000000000000000e+02 1.374463550587315119e-01
2.630000000000000000e+02 1.201386400094777152e-01
2.640000000000000000e+02 1.027943346408879965e-01
2.650000000000000000e+02 8.541872528704756717e-02
2.660000000000000000e+02 6.801711098363133479e-02
2.669999999999999432e+02 5.059480730996457343e-02
2.680000000000000000e+02 3.315716745159844742e-02
2.690000000000000000e+02 1.570975441716775459e-02
2.700000000000000000e+02 1.751907951668867655e-03
2.710000000000000000e+02 1.919669477635011293e-02
2.720000000000000568e+02 3.664263736868336035e-02
2.730000000000000568e+02 5.407764468465007385e-02
2.740000000000000000e+02 7.149624022107181620e-02
2.750000000000000000e+02 8.889308237037911453e-02
2.760000000000000000e+02 1.062628595789453928e-01
2.770000000000000000e+02 1.236002754681891219e-01
2.780000000000000000e+02 1.409000461703520390e-01
2.790000000000000000e+02 1.581569004805772893e-01
2.800000000000000000e+02 1.753655808708123320e-01
2.810000000000000568e+02 1.925208448193467814e-01
2.820000000000000000e+02 2.096174662705959924e-01
2.830000000000000000e+02 2.266502371526666337e-01
2.840000000000000000e+02 2.436139689210547188e-01
2.850000000000000000e+02 2.605034941133667625e-01
2.860000000000000000e+02 2.773136679072260580e-01
2.870000000000000000e+02 2.940393696769124654e-01
2.880000000000000000e+02 3.106755045461693232e-01
2.890000000000000000e+02 3.272170049353007037e-01
2.900000000000000000e+02 3.436588321014449332e-01
2.910000000000000000e+02 3.599959776709960591e-01
2.920000000000000000e+02 3.762234651634350779e-01
2.930000000000000000e+02 3.923363515059136164e-01
2.940000000000000000e+02 4.083297285379814401e-01
2.950000000000000568e+02 4.241987245058965739e-01
2.960000000000000000e+02 4.399385055460492966e-01
2.970000000000000000e+02 4.555442771569440108e-01
2.980000000000000000e+02 4.710112856593057784e-01
2.990000000000000000e+02 4.863348196438034843e-01
3.000000000000000000e+02 5.015102114059775129e-01
3.010000000000000000e+02 5.165328383678896573e-01
3.020000000000000000e+02 5.313981244860369602e-01
3.030000000000000000e+02 5.461015416451531213e-01
3.040000000000000568e+02 5.606386110374228515e-01
3.050000000000000000e+02 5.750049045266663050e-01
3.060000000000000000e+02 5.891960459971353758e-01
3.070000000000000000e+02 6.032077126864729966e-01
3.080000000000000000e+02 6.170356365023959011e-01
3.090000000000000000e+02 6.306756053227755565e-01
3.100000000000000000e+02 6.441234642786409781e-01
3.110000000000000000e+02 6.573751170197780214e-01
3.119999999999999432e+02 6.704265269624692936e-01
3.130000000000000000e+02 6.832737185190929097e-01
3.140000000000000000e+02 6.959127783090444108e-01
3.150000000000000000e+02 7.083398563508377377e-01
3.160000000000000000e+02 7.205511672347970631e-01
3.170000000000000568e+02 7.325429912761107776e-01
3.180000000000000568e+02 7.443116756479039031e-01
3.190000000000000000e+02 7.558536354938861779e-01
3.200000000000000000e+02 7.671653550203357819e-01
3.210000000000000000e+02 7.782433885670303475e-01
3.220000000000000000e+02 7.890843616568399277e-01
3.230000000000000000e+02 7.996849720235937875e-01
3.240000000000000000e+02 8.100419906179977536e-01
3.250000000000000000e+02 8.201522625912236464e-01
3.260000000000000568e+02 8.300127082558808045e-01
3.270000000000000000e+02 8.396203240241647547e-01
3.280000000000000000e+02 8.489721833227229508e-01
3.290000000000000000e+02 8.580654374841421017e-01
3.300000000000000000e+02 8.668973166146777265e-01
3.310000000000000000e+02 8.754651304379810206e-01
3.320000000000000000e+02 8.837662691145660165e-01
3.330000000000000000e+02 8.917982040368236385e-01
3.340000000000000000e+02 8.995584885992418123e-01
3.350000000000000000e+02 9.070447589436525515e-01
3.360000000000000000e+02 9.142547346792876395e-01
3.370000000000000000e+02 9.211862195774392914e-01
3.380000000000000000e+02 9.278371022403889556e-01
3.390000000000000000e+02 9.342053567446201301e-01
3.400000000000000568e+02 9.402890432579211755e-01
3.410000000000000000e+02 9.460863086302152558e-01
3.420000000000000000e+02 9.515953869581307289e-01
3.430000000000000000e+02 9.568146001228668984e-01
3.440000000000000000e+02 9.617423583013636756e-01
3.450000000000000000e+02 9.663771604506081747e-01
3.460000000000000000e+02 9.707175947648181147e-01
3.470000000000000000e+02 9.747623391055273423e-01
3.480000000000000000e+02 9.785101614043216767e-01
3.490000000000000568e+02 9.819599200380977333e-01
3.500000000000000000e+02 9.851105641768762577e-01
3.510000000000000000e+02 9.879611341038401218e-01
3.520000000000000000e+02 9.905107615076833572e-01
3.530000000000000000e+02 9.927586697471548760e-01
3.540000000000000000e+02 9.947041740875592897e-01
3.550000000000000000e+02 9.963466819093675930e-01
3.560000000000000000e+02 9.976856928887474218e-01
3.569999999999999432e+02 9.987207991499583715e-01
3.580000000000000000e+02 9.994516853895722974e-01
3.590000000000000000e+02 9.998781289725355848e-01
3.600000000000000000e+02 1.000000000000000000e+00
