0.000000000000000000e+00 1.000000000000000000e+00
1.000000000000000000e+00 9.998477492113698739e-01
2.000000000000000000e+00 9.993462772041703523e-01
3.000000000000000000e+00 9.985807927794911887e-01
4.000000000000000000e+00 9.974634983996327753e-01
5.000000000000000000e+00 9.960624997148912474e-01
6.000000000000000000e+00 9.944545716338522023e-01
7.000000000000000000e+00 9.923890976754399240e-01
8.000000000000000000e+00 9.900303589401534543e-01
9.000000000000000000e+00 9.874958762012069347e-01
1.000000000000000000e+01 9.845815258032156736e-01
1.100000000000000000e+01 9.814145537540149844e-01
1.200000000000000000e+01 9.780424356615108339e-01
1.300000000000000178e+01 9.740586151630522549e-01
1.400000000000000000e+01 9.701149572863431159e-01
1.500000000000000000e+01 9.655991412018901654e-01
1.600000000000000000e+01 9.609126635838125541e-01
1.700000000000000355e+01 9.560273673276045159e-01
1.800000000000000000e+01 9.507483360926960447e-01
1.900000000000000355e+01 9.451134263939258151e-01
2.000000000000000000e+01 9.393980260013469197e-01
2.100000000000000000e+01 9.332819781941196213e-01
2.200000000000000000e+01 9.267948047013511159e-01
2.300000000000000000e+01 9.201665783496010276e-01
2.400000000000000000e+01 9.132021395093881111e-01
2.500000000000000000e+01 9.059796113320189859e-01
2.600000000000000355e+01 8.984404573020152718e-01
2.700000000000000000e+01 8.905523335475257207e-01
2.800000000000000000e+01 8.824088184023640702e-01
2.900000000000000355e+01 8.741283265857539009e-01
3.000000000000000000e+01 8.655645264727602761e-01
3.100000000000000000e+01 8.567378215388335994e-01
3.200000000000000000e+01 8.475963022812459391e-01
3.300000000000000000e+01 8.381108723514085757e-01
3.400000000000000711e+01 8.285659907567169968e-01
3.500000000000000000e+01 8.185777318976109607e-01
3.600000000000000000e+01 8.084724129075545607e-01
3.700000000000000000e+01 7.980625393458538053e-01
3.800000000000000711e+01 7.874652684025885696e-01
3.899999999999999289e+01 7.765817009472236743e-01
4.000000000000000000e+01 7.653961402577994511e-01
4.100000000000000000e+01 7.541102319316065339e-01
4.200000000000000000e+01 7.425063077947264834e-01
4.300000000000000000e+01 7.307542870697674164e-01
4.400000000000000000e+01 7.186945492145029313e-01
4.500000000000000000e+01 7.064090061670311727e-01
4.600000000000000000e+01 6.939801148885506032e-01
4.700000000000000000e+01 6.812787542034056676e-01
4.800000000000000000e+01 6.684076466904179670e-01
4.899999999999999289e+01 6.553113276422897204e-01
5.000000000000000000e+01 6.420032391373310388e-01
5.100000000000000000e+01 6.285778576024366737e-01
5.200000000000000711e+01 6.149670718119166768e-01
5.300000000000000000e+01 6.011015338149076070e-01
5.400000000000000000e+01 5.870560456347796441e-01
5.500000000000000711e+01 5.727971311121444753e-01
5.600000000000000000e+01 5.584463344444445809e-01
5.700000000000000711e+01 5.439016520934492060e-01
5.800000000000000711e+01 5.291000624027588639e-01
5.900000000000000711e+01 5.142525750584312494e-01
6.000000000000000000e+01 4.992090291152283532e-01
6.099999999999999289e+01 4.839861163241589992e-01
6.200000000000000000e+01 4.686771898548013904e-01
6.299999999999999289e+01 4.531679627263095478e-01
6.400000000000000000e+01 4.374968343283920924e-01
6.500000000000000000e+01 4.218147322447902137e-01
6.600000000000000000e+01 4.058671247419482486e-01
6.700000000000000000e+01 3.898872998543982948e-01
6.800000000000001421e+01 3.737423030428551063e-01
6.900000000000000000e+01 3.574893638275057905e-01
7.000000000000000000e+01 3.411443944280558305e-01
7.100000000000000000e+01 3.247051439814754303e-01
7.200000000000000000e+01 3.081016357663641236e-01
7.300000000000000000e+01 2.914806165529486015e-01
7.400000000000000000e+01 2.747418261092068326e-01
7.500000000000000000e+01 2.579247285359260733e-01
7.600000000000001421e+01 2.410261402087157667e-01
7.700000000000000000e+01 2.240370807863477642e-01
7.799999999999998579e+01 2.069976601359998503e-01
7.900000000000000000e+01 1.899176484578838919e-01
8.000000000000000000e+01 1.727176452843835475e-01
8.100000000000000000e+01 1.555332015884201280e-01
8.200000000000000000e+01 1.382703922945892339e-01
8.300000000000000000e+01 1.209662995989656403e-01
8.400000000000000000e+01 1.036164189251372186e-01
8.500000000000001421e+01 8.624614528686441739e-02
8.600000000000000000e+01 6.885679448489392951e-02
8.700000000000000000e+01 5.144383277040480429e-02
8.800000000000000000e+01 3.402578197399745707e-02
8.900000000000000000e+01 1.663820517072038541e-02
9.000000000000000000e+01 2.186860308655890015e-03
9.100000000000000000e+01 1.848950882983771415e-02
9.200000000000000000e+01 3.588815598965531400e-02
9.300000000000001421e+01 5.329782117577241962e-02
9.400000000000000000e+01 7.071440268533556173e-02
9.500000000000000000e+01 8.810068579080354567e-02
9.600000000000000000e+01 1.054725343614703742e-01
9.700000000000000000e+01 1.228055543858400239e-01
9.799999999999998579e+01 1.401145377079386356e-01
9.900000000000001421e+01 1.573564162187105486e-01
1.000000000000000000e+02 1.745826256270003596e-01
1.010000000000000000e+02 1.917211979201736138e-01
1.020000000000000000e+02 2.088305311706199763e-01
1.030000000000000142e+02 2.258800843687696069e-01
1.040000000000000142e+02 2.428158254575501773e-01
1.050000000000000000e+02 2.597015332619032058e-01
1.060000000000000000e+02 2.765420487614985712e-01
1.070000000000000000e+02 2.932624353337366374e-01
1.080000000000000000e+02 3.099438023091694028e-01
1.089999999999999858e+02 3.264571350099251257e-01
1.100000000000000142e+02 3.429018897453574577e-01
1.110000000000000000e+02 3.592758750388754252e-01
1.120000000000000000e+02 3.754703367343771858e-01
1.130000000000000000e+02 3.916180708222029017e-01
1.140000000000000142e+02 4.075921215586424395e-01
1.149999999999999858e+02 4.234794381877390879e-01
1.160000000000000142e+02 4.392151207870708673e-01
1.170000000000000000e+02 4.547931765061644094e-01
1.180000000000000142e+02 4.702833568999173486e-01
1.190000000000000000e+02 4.856105267157070915e-01
1.200000000000000000e+02 5.008130070165223158e-01
1.210000000000000142e+02 5.158591157503263913e-01
1.219999999999999858e+02 5.306793854950032641e-01
1.230000000000000000e+02 5.454244176435812941e-01
1.240000000000000000e+02 5.599763700758910723e-01
1.250000000000000142e+02 5.743458818935689436e-01
1.259999999999999858e+02 5.885918171041103486e-01
1.270000000000000142e+02 6.025444098951826533e-01
1.280000000000000000e+02 6.164181884660828725e-01
1.290000000000000000e+02 6.300055472409157309e-01
1.300000000000000000e+02 6.434724633157786755e-01
1.310000000000000000e+02 6.567521142586115745e-01
1.320000000000000000e+02 6.698186451161697308e-01
1.330000000000000000e+02 6.826790272977848462e-01
1.340000000000000000e+02 6.953196847764538946e-01
1.350000000000000000e+02 7.078180524542142527e-01
1.360000000000000284e+02 7.200474897348084768e-01
1.370000000000000000e+02 7.319755709252769860e-01
1.380000000000000000e+02 7.437333745105797478e-01
1.390000000000000000e+02 7.553355554508451863e-01
1.400000000000000000e+02 7.666081674763649545e-01
1.410000000000000000e+02 7.777633947978092044e-01
1.420000000000000000e+02 7.885819582852390264e-01
1.430000000000000000e+02 7.991414202757287644e-01
1.440000000000000000e+02 8.095407593300484317e-01
1.450000000000000000e+02 8.196135063166274382e-01
1.460000000000000000e+02 8.295109081953538910e-01
1.470000000000000000e+02 8.391279970874189198e-01
1.480000000000000000e+02 8.485828246486349924e-01
1.490000000000000000e+02 8.576061288095867541e-01
1.500000000000000000e+02 8.665381075583896697e-01
1.510000000000000000e+02 8.750864552670543084e-01
1.520000000000000284e+02 8.834520072974147986e-01
1.530000000000000000e+02 8.914144888344534001e-01
1.540000000000000000e+02 8.990981105954161112e-01
1.550000000000000000e+02 9.066564549131987949e-01
1.559999999999999716e+02 9.139541063578886515e-01
1.570000000000000000e+02 9.208626702425700694e-01
1.580000000000000000e+02 9.275587439735898387e-01
1.590000000000000284e+02 9.339762572851235678e-01
1.600000000000000000e+02 9.399122441051904753e-01
1.610000000000000000e+02 9.457996056726487577e-01
1.620000000000000000e+02 9.513862977931709652e-01
1.630000000000000284e+02 9.566397491771668760e-01
1.640000000000000000e+02 9.614143550922837900e-01
1.650000000000000000e+02 9.662430720902163150e-01
1.660000000000000000e+02 9.705418699487186052e-01
1.670000000000000000e+02 9.745933031977895844e-01
1.680000000000000000e+02 9.783221105902679682e-01
1.690000000000000000e+02 9.817567805836595607e-01
1.700000000000000284e+02 9.850633649982388773e-01
1.710000000000000000e+02 9.878637316149758707e-01
1.720000000000000000e+02 9.903906431067385219e-01
1.730000000000000000e+02 9.926808588798673449e-01
1.740000000000000000e+02 9.946580720470414860e-01
1.750000000000000000e+02 9.962749824824309597e-01
1.760000000000000000e+02 9.976314284826123258e-01
1.770000000000000000e+02 9.985804857601896511e-01
1.780000000000000000e+02 9.995059325255181149e-01
1.790000000000000000e+02 9.996734450814529493e-01
1.800000000000000000e+02 1.000000000000000000e+00
1.810000000000000000e+02 9.998477492113698739e-01
1.820000000000000000e+02 9.993462772041703523e-01
1.830000000000000000e+02 9.985807927794911887e-01
1.840000000000000000e+02 9.974634983996327753e-01
1.849999999999999716e+02 9.960624997148912474e-01
1.860000000000000284e+02 9.944545716338522023e-01
1.870000000000000284e+02 9.924013671378829615e-01
1.880000000000000000e+02 9.902175610379890802e-01
1.890000000000000000e+02 9.874958762012069347e-01
1.900000000000000000e+02 9.845815258032156736e-01
1.910000000000000000e+02 9.814145537540149844e-01
1.920000000000000000e+02 9.780007613584501547e-01
1.930000000000000000e+02 9.740586151630522549e-01
1.940000000000000000e+02 9.701149572863431159e-01
1.950000000000000284e+02 9.655991412018901654e-01
1.959999999999999716e+02 9.609126635838125541e-01
1.970000000000000284e+02 9.560273673276045159e-01
1.980000000000000284e+02 9.507929755999847687e-01
1.990000000000000000e+02 9.451371557115753053e-01
2.000000000000000000e+02 9.393980260013469197e-01
2.010000000000000000e+02 9.332819781941196213e-01
2.020000000000000000e+02 9.267948047013511159e-01
2.030000000000000000e+02 9.201665783496010276e-01
2.040000000000000000e+02 9.132021395093881111e-01
2.050000000000000000e+02 9.058978063209093268e-01
2.060000000000000284e+02 8.983555122540433091e-01
2.069999999999999716e+02 8.905523335475257207e-01
2.080000000000000284e+02 8.824933344424613635e-01
2.090000000000000284e+02 8.742045406248483141e-01
2.100000000000000000e+02 8.655548879918315563e-01
2.110000000000000000e+02 8.567378215388335994e-01
2.120000000000000000e+02 8.475229305491420728e-01
2.130000000000000000e+02 8.381108723514085757e-01
2.140000000000000000e+02 8.285048894119388940e-01
2.150000000000000000e+02 8.185777318976109607e-01
2.160000000000000000e+02 8.084466120321075477e-01
2.170000000000000284e+02 7.980625393458538053e-01
2.179999999999999716e+02 7.874208444056997047e-01
2.190000000000000284e+02 7.765511870425465535e-01
2.200000000000000284e+02 7.653961402577994511e-01
2.210000000000000000e+02 7.541759336076349074e-01
2.220000000000000000e+02 7.425063077947264834e-01
2.230000000000000000e+02 7.307896502907672565e-01
2.240000000000000000e+02 7.186674020959862297e-01
2.250000000000000000e+02 7.064905169222669423e-01
2.260000000000000000e+02 6.939801148885506032e-01
2.270000000000000000e+02 6.813473785243531200e-01
2.280000000000000284e+02 6.683197782484012750e-01
2.290000000000000000e+02 6.553113276422897204e-01
2.299999999999999716e+02 6.421158029943403456e-01
2.309999999999999716e+02 6.285785141075057592e-01
2.320000000000000284e+02 6.149412391400542743e-01
2.330000000000000000e+02 6.010774879224277667e-01
2.340000000000000000e+02 5.870298824957858042e-01
2.350000000000000000e+02 5.727844173713068088e-01
2.360000000000000284e+02 5.584942534256984725e-01
2.370000000000000000e+02 5.438300388659118578e-01
2.380000000000000000e+02 5.291617419809796496e-01
2.390000000000000000e+02 5.142773265460248711e-01
2.400000000000000000e+02 4.991786951728994781e-01
2.410000000000000284e+02 4.840052745494194397e-01
2.420000000000000284e+02 4.686316718061909192e-01
2.430000000000000284e+02 4.531781912033767679e-01
2.439999999999999716e+02 4.375458179586824703e-01
2.450000000000000000e+02 4.218088140904814876e-01
2.460000000000000000e+02 4.059092905838982412e-01
2.470000000000000000e+02 3.898517563252314466e-01
2.480000000000000000e+02 3.737769955530337307e-01
2.490000000000000000e+02 3.575012118719960164e-01
2.500000000000000284e+02 3.411448114441069657e-01
2.510000000000000284e+02 3.246930713866859608e-01
2.519999999999999716e+02 3.081447602477078718e-01
2.529999999999999716e+02 2.914724130090637910e-01
2.540000000000000284e+02 2.747154736340552406e-01
2.550000000000000000e+02 2.579126412736494900e-01
2.560000000000000000e+02 2.410257967533468715e-01
2.570000000000000000e+02 2.240634223254428514e-01
2.580000000000000000e+02 2.070194707774354603e-01
2.590000000000000568e+02 1.899177269214847585e-01
2.600000000000000000e+02 1.727389277509632226e-01
2.610000000000000000e+02 1.555246044690286322e-01
2.620000000000000000e+02 1.382581529587082192e-01
2.630000000000000000e+02 1.209731217185943258e-01
2.640000000000000000e+02 1.036172036408119501e-01
2.650000000000000000e+02 8.625331828316147587e-02
2.660000000000000000e+02 6.885039399004728999e-02
2.669999999999999432e+02 5.144161669695263006e-02
2.680000000000000000e+02 3.402924539245759383e-02
2.690000000000000000e+02 1.663876570100641245e-02
2.700000000000000000e+02 2.186860452084867044e-03
2.710000000000000000e+02 1.848923522778651851e-02
2.720000000000000568e+02 3.588753644624391448e-02
2.730000000000000568e+02 5.329788482587145826e-02
2.740000000000000000e+02 7.071036393709748125e-02
2.750000000000000000e+02 8.810646224936612148e-02
2.760000000000000000e+02 1.054780985331085497e-01
2.770000000000000000e+02 1.228059431162539517e-01
2.780000000000000000e+02 1.401149819603276503e-01
2.790000000000000000e+02 1.573547187545309978e-01
2.800000000000000000e+02 1.745722702724209208e-01
2.810000000000000568e+02 1.917634826468007092e-01
2.820000000000000000e+02 2.088195328548656804e-01
2.830000000000000000e+02 2.258695483581989738e-01
2.840000000000000000e+02 2.428398257429516816e-01
2.850000000000000000e+02 2.597374131428438759e-01
2.860000000000000000e+02 2.765322307852219885e-01
2.870000000000000000e+02 2.932634356705398071e-01
2.880000000000000000e+02 3.099283607106040894e-01
2.890000000000000000e+02 3.264356650248585456e-01
2.900000000000000000e+02 3.429450041712909791e-01
2.910000000000000000e+02 3.592200706627958762e-01
2.920000000000000000e+02 3.754337645595416939e-01
2.930000000000000000e+02 3.915853592105117964e-01
2.940000000000000000e+02 4.076077672318600409e-01
2.950000000000000568e+02 4.234671796676672817e-01
2.960000000000000000e+02 4.392159554250346098e-01
2.970000000000000000e+02 4.548602067019583695e-01
2.980000000000000000e+02 4.703012834185250624e-01
2.990000000000000000e+02 4.855714525966182138e-01
3.000000000000000000e+02 5.007705929586752092e-01
3.010000000000000000e+02 5.158228880572668373e-01
3.020000000000000000e+02 5.306409321590688233e-01
3.030000000000000000e+02 5.453928942931104418e-01
3.040000000000000568e+02 5.599698902373102527e-01
3.050000000000000000e+02 5.743136291219163025e-01
3.060000000000000000e+02 5.885374490709398554e-01
3.070000000000000000e+02 6.025266264995317034e-01
3.080000000000000000e+02 6.163798818779424593e-01
3.090000000000000000e+02 6.300401215207698247e-01
3.100000000000000000e+02 6.435177967267317056e-01
3.110000000000000000e+02 6.567897211596737117e-01
3.119999999999999432e+02 6.698121584086690339e-01
3.130000000000000000e+02 6.826592118175807133e-01
3.140000000000000000e+02 6.953873552119429480e-01
3.150000000000000000e+02 7.077914161672433924e-01
3.160000000000000000e+02 7.200109665733914754e-01
3.170000000000000568e+02 7.319577031285210422e-01
3.180000000000000568e+02 7.437089877642305558e-01
3.190000000000000000e+02 7.553450499483299607e-01
3.200000000000000000e+02 7.666745348635551904e-01
3.210000000000000000e+02 7.777249172986534509e-01
3.220000000000000000e+02 7.886670648224244351e-01
3.230000000000000000e+02 7.992671584430953713e-01
3.240000000000000000e+02 8.095407593300484317e-01
3.250000000000000000e+02 8.196824891676525171e-01
3.260000000000000568e+02 8.295399069281614857e-01
3.270000000000000000e+02 8.392162502948009584e-01
3.280000000000000000e+02 8.485828246486349924e-01
3.290000000000000000e+02 8.576233881251391633e-01
3.300000000000000000e+02 8.664605169893176972e-01
3.310000000000000000e+02 8.751091995764184173e-01
3.320000000000000000e+02 8.833816821291807786e-01
3.330000000000000000e+02 8.914144888344534001e-01
3.340000000000000000e+02 8.990841369600837130e-01
3.350000000000000000e+02 9.066352284081611312e-01
3.360000000000000000e+02 9.138640825621613395e-01
3.370000000000000000e+02 9.208018896252094798e-01
3.380000000000000000e+02 9.275587439735898387e-01
3.390000000000000000e+02 9.339046209651961084e-01
3.400000000000000568e+02 9.399068114622429748e-01
3.410000000000000000e+02 9.457996056726487577e-01
3.420000000000000000e+02 9.513862977931709652e-01
3.430000000000000000e+02 9.565941775308672845e-01
3.440000000000000000e+02 9.614143550922837900e-01
3.450000000000000000e+02 9.662006021242997011e-01
3.460000000000000000e+02 9.705418699487186052e-01
3.470000000000000000e+02 9.745933031977895844e-01
3.480000000000000000e+02 9.783025666372279217e-01
3.490000000000000568e+02 9.817567805836595607e-01
3.500000000000000000e+02 9.850633649982388773e-01
3.510000000000000000e+02 9.878637316149758707e-01
3.520000000000000000e+02 9.903827135222156297e-01
3.530000000000000000e+02 9.925771245732120107e-01
3.540000000000000000e+02 9.946580720470414860e-01
3.550000000000000000e+02 9.962749824824309597e-01
3.560000000000000000e+02 9.976314284826123258e-01
3.569999999999999432e+02 9.985804857601896511e-01
3.580000000000000000e+02 9.995059325255181149e-01
3.590000000000000000e+02 9.996734450814529493e-01
3.600000000000000000e+02 1.000000000000000000e+00
