0.000000000000000000e+00 9.999921760640229085e-01
1.000000000000000000e+00 1.000000000000000000e+00
2.000000000000000000e+00 9.996225209152542757e-01
3.000000000000000000e+00 9.990104462971131083e-01
4.000000000000000000e+00 9.980737466899183286e-01
5.000000000000000000e+00 9.967966778877521694e-01
6.000000000000000000e+00 9.952447304868451416e-01
7.000000000000000000e+00 9.933742027471195168e-01
8.000000000000000000e+00 9.912202830522072183e-01
9.000000000000000000e+00 9.887935612713570910e-01
1.000000000000000000e+01 9.859816925766328177e-01
1.100000000000000000e+01 9.829230088946777633e-01
1.200000000000000000e+01 9.796041218981113019e-01
1.300000000000000178e+01 9.759251902146226509e-01
1.400000000000000000e+01 9.719412017697521833e-01
1.500000000000000000e+01 9.676893283344688568e-01
1.600000000000000000e+01 9.631620632752043720e-01
1.700000000000000355e+01 9.583251124116893838e-01
1.800000000000000000e+01 9.531381165344430251e-01
1.900000000000000355e+01 9.477203178808798478e-01
2.000000000000000000e+01 9.420047652785571435e-01
2.100000000000000000e+01 9.360029453371434549e-01
2.200000000000000000e+01 9.297264115506888027e-01
2.300000000000000000e+01 9.231131781823133098e-01
2.400000000000000000e+01 9.163202897478929243e-01
2.500000000000000000e+01 9.091479715913872717e-01
2.600000000000000355e+01 9.017874729569846926e-01
2.700000000000000000e+01 8.941118594859593927e-01
2.800000000000000000e+01 8.861406889614759086e-01
2.900000000000000355e+01 8.779026659604409755e-01
3.000000000000000000e+01 8.693880607276827099e-01
3.100000000000000000e+01 8.606515465228204986e-01
3.200000000000000000e+01 8.516170341595119542e-01
3.300000000000000000e+01 8.423390128001689847e-01
3.400000000000000711e+01 8.327980663375674775e-01
3.500000000000000000e+01 8.230219410445713812e-01
3.600000000000000000e+01 8.130007905570538762e-01
3.700000000000000000e+01 8.027017998720382685e-01
3.800000000000000711e+01 7.921825353260587566e-01
3.899999999999999289e+01 7.814234627840969116e-01
4.000000000000000000e+01 7.703628249284922846e-01
4.100000000000000000e+01 7.591113305706912451e-01
4.200000000000000000e+01 7.476752644978590379e-01
4.300000000000000000e+01 7.359817761828065796e-01
4.400000000000000000e+01 7.240463513098335246e-01
4.500000000000000000e+01 7.118550428004556396e-01
4.600000000000000000e+01 6.995323023467061585e-01
4.700000000000000000e+01 6.869115930041695961e-01
4.800000000000000000e+01 6.741436409739297586e-01
4.899999999999999289e+01 6.611400806623046744e-01
5.000000000000000000e+01 6.479299427687074120e-01
5.100000000000000000e+01 6.345589318190355543e-01
5.200000000000000711e+01 6.209871633143774217e-01
5.300000000000000000e+01 6.072055801649001161e-01
5.400000000000000000e+01 5.932276524065637213e-01
5.500000000000000711e+01 5.791140412489199640e-01
5.600000000000000000e+01 5.647733598784734355e-01
5.700000000000000711e+01 5.503176739288442310e-01
5.800000000000000711e+01 5.356316537168709369e-01
5.900000000000000711e+01 5.208087991146076456e-01
6.000000000000000000e+01 5.058265697985029341e-01
6.099999999999999289e+01 4.907159657225201310e-01
6.200000000000000000e+01 4.754229189205830264e-01
6.299999999999999289e+01 4.599761163481526083e-01
6.400000000000000000e+01 4.444409482031610459e-01
6.500000000000000000e+01 4.287133814657462794e-01
6.600000000000000000e+01 4.128605429705527463e-01
6.700000000000000000e+01 3.969245699313426745e-01
6.800000000000001421e+01 3.808630198333614048e-01
6.900000000000000000e+01 3.646546631941560701e-01
7.000000000000000000e+01 3.483431289922049867e-01
7.100000000000000000e+01 3.319276688471908265e-01
7.200000000000000000e+01 3.154225667043722980e-01
7.300000000000000000e+01 2.988099819818232361e-01
7.400000000000000000e+01 2.821115347401980666e-01
7.500000000000000000e+01 2.653172587791298165e-01
7.600000000000001421e+01 2.484543551004949613e-01
7.700000000000000000e+01 2.315043934147237858e-01
7.799999999999998579e+01 2.144937393855218533e-01
7.900000000000000000e+01 1.974049436486049192e-01
8.000000000000000000e+01 1.802747172905139195e-01
8.100000000000000000e+01 1.630743856800123681e-01
8.200000000000000000e+01 1.458316113134768000e-01
8.300000000000000000e+01 1.285451519135864806e-01
8.400000000000000000e+01 1.112175300888641333e-01
8.500000000000001421e+01 9.385936006008284427e-02
8.600000000000000000e+01 7.646806852973883628e-02
8.700000000000000000e+01 5.905446077260180504e-02
8.800000000000000000e+01 4.162402353806474165e-02
8.900000000000000000e+01 2.418616025291185634e-02
9.000000000000000000e+01 6.772197378944817998e-03
9.100000000000000000e+01 1.076692507031667100e-02
9.200000000000000000e+01 2.819628713760484115e-02
9.300000000000001421e+01 4.563503043180646562e-02
9.400000000000000000e+01 6.306070079172969300e-02
9.500000000000000000e+01 8.046967608350584500e-02
9.600000000000000000e+01 9.785419051806514001e-02
9.700000000000000000e+01 1.152100098203020367e-01
9.799999999999998579e+01 1.325239794113272362e-01
9.900000000000001421e+01 1.498109317534936646e-01
1.000000000000000000e+02 1.670318109594754741e-01
1.010000000000000000e+02 1.842173614412641047e-01
1.020000000000000000e+02 2.013416222743874828e-01
1.030000000000000142e+02 2.184098737250121935e-01
1.040000000000000142e+02 2.354092967941171788e-01
1.050000000000000000e+02 2.523380536335592117e-01
1.060000000000000000e+02 2.691840613797170101e-01
1.070000000000000000e+02 2.859470847722698772e-01
1.080000000000000000e+02 3.026333324679325032e-01
1.089999999999999858e+02 3.192346796653141028e-01
1.100000000000000142e+02 3.357238511293330063e-01
1.110000000000000000e+02 3.521140527963717015e-01
1.120000000000000000e+02 3.683943957210751297e-01
1.130000000000000000e+02 3.845732219135248320e-01
1.140000000000000142e+02 4.006331424409591557e-01
1.149999999999999858e+02 4.165362615623231513e-01
1.160000000000000142e+02 4.323521386037488812e-01
1.170000000000000000e+02 4.480283339936080855e-01
1.180000000000000142e+02 4.635485732356839916e-01
1.190000000000000000e+02 4.789336012269728160e-01
1.200000000000000000e+02 4.941980193250791187e-01
1.210000000000000142e+02 5.092901744063833558e-01
1.219999999999999858e+02 5.242393247725360972e-01
1.230000000000000000e+02 5.390211318884486902e-01
1.240000000000000000e+02 5.536414215687812668e-01
1.250000000000000142e+02 5.681004101575718446e-01
1.259999999999999858e+02 5.823492944604209409e-01
1.270000000000000142e+02 5.964699579503763838e-01
1.280000000000000000e+02 6.103838813946368402e-01
1.290000000000000000e+02 6.241197179290774999e-01
1.300000000000000000e+02 6.376589758300260646e-01
1.310000000000000000e+02 6.509884911444953071e-01
1.320000000000000000e+02 6.641633730222997745e-01
1.330000000000000000e+02 6.770880927985516440e-01
1.340000000000000000e+02 6.898592952934951006e-01
1.350000000000000000e+02 7.023954310243624155e-01
1.360000000000000284e+02 7.146971055981120591e-01
1.370000000000000000e+02 7.268155866504071305e-01
1.380000000000000000e+02 7.386754102466844829e-01
1.390000000000000000e+02 7.503174557342268125e-01
1.400000000000000000e+02 7.617568702789442314e-01
1.410000000000000000e+02 7.729237126759130883e-01
1.420000000000000000e+02 7.839129980045347335e-01
1.430000000000000000e+02 7.946257791107993462e-01
1.440000000000000000e+02 8.050848681409471519e-01
1.450000000000000000e+02 8.153292138685860335e-01
1.460000000000000000e+02 8.253133745510132790e-01
1.470000000000000000e+02 8.350182573001938557e-01
1.480000000000000000e+02 8.445051342452341014e-01
1.490000000000000000e+02 8.537469187203643450e-01
1.500000000000000000e+02 8.627051728511762052e-01
1.510000000000000000e+02 8.713916396061887060e-01
1.520000000000000284e+02 8.798215943118561366e-01
1.530000000000000000e+02 8.879935494362427573e-01
1.540000000000000000e+02 8.958909704496116344e-01
1.550000000000000000e+02 9.034859427524599695e-01
1.559999999999999716e+02 9.108374422135434578e-01
1.570000000000000000e+02 9.179134974852496409e-01
1.580000000000000000e+02 9.247363627998751445e-01
1.590000000000000284e+02 9.311918611554028669e-01
1.600000000000000000e+02 9.374179325287956832e-01
1.610000000000000000e+02 9.433665487958685647e-01
1.620000000000000000e+02 9.489769531834609806e-01
1.630000000000000284e+02 9.543619825624319875e-01
1.640000000000000000e+02 9.594045544743599052e-01
1.650000000000000000e+02 9.642002422553281882e-01
1.660000000000000000e+02 9.687000069698670224e-01
1.670000000000000000e+02 9.729260331661157002e-01
1.680000000000000000e+02 9.767527403656164342e-01
1.690000000000000000e+02 9.803761294143586991e-01
1.700000000000000284e+02 9.836749998757687852e-01
1.710000000000000000e+02 9.866819261406305497e-01
1.720000000000000000e+02 9.893512297796919208e-01
1.730000000000000000e+02 9.917964467566866560e-01
1.740000000000000000e+02 9.938778548345986730e-01
1.750000000000000000e+02 9.956370795797072626e-01
1.760000000000000000e+02 9.971613802470354893e-01
1.770000000000000000e+02 9.982850281349124888e-01
1.780000000000000000e+02 9.991784623235261398e-01
1.790000000000000000e+02 9.997492647833926549e-01
1.800000000000000000e+02 9.999921760640229085e-01
1.810000000000000000e+02 1.000000000000000000e+00
1.820000000000000000e+02 9.996225209152542757e-01
1.830000000000000000e+02 9.990104462971131083e-01
1.840000000000000000e+02 9.980737466899183286e-01
1.849999999999999716e+02 9.967966778877521694e-01
1.860000000000000284e+02 9.952447304868451416e-01
1.870000000000000284e+02 9.933740815752951647e-01
1.880000000000000000e+02 9.912302671782208252e-01
1.890000000000000000e+02 9.887935612713570910e-01
1.900000000000000000e+02 9.859816925766328177e-01
1.910000000000000000e+02 9.829230088946777633e-01
1.920000000000000000e+02 9.796053620259219663e-01
1.930000000000000000e+02 9.759251902146226509e-01
1.940000000000000000e+02 9.719412017697521833e-01
1.950000000000000284e+02 9.676893283344688568e-01
1.959999999999999716e+02 9.631620632752043720e-01
1.970000000000000284e+02 9.583251124116893838e-01
1.980000000000000284e+02 9.531586548153804239e-01
1.990000000000000000e+02 9.477169981256767795e-01
2.000000000000000000e+02 9.420047652785571435e-01
2.010000000000000000e+02 9.360029453371434549e-01
2.020000000000000000e+02 9.297264115506888027e-01
2.030000000000000000e+02 9.231131781823133098e-01
2.040000000000000000e+02 9.163202897478929243e-01
2.050000000000000000e+02 9.091675851437134304e-01
2.060000000000000284e+02 9.017631141954418617e-01
2.069999999999999716e+02 8.941118594859593927e-01
2.080000000000000284e+02 8.861088027372041598e-01
2.090000000000000284e+02 8.779009630455315571e-01
2.100000000000000000e+02 8.693925061949729916e-01
2.110000000000000000e+02 8.606515465228204986e-01
2.120000000000000000e+02 8.516312337561887658e-01
2.130000000000000000e+02 8.423390128001689847e-01
2.140000000000000000e+02 8.327996880438369720e-01
2.150000000000000000e+02 8.230219410445713812e-01
2.160000000000000000e+02 8.129950842211380868e-01
2.170000000000000284e+02 8.027017998720382685e-01
2.179999999999999716e+02 7.921474923285768410e-01
2.190000000000000284e+02 7.813732889926067182e-01
2.200000000000000284e+02 7.703628249284922846e-01
2.210000000000000000e+02 7.591275988726403634e-01
2.220000000000000000e+02 7.476752644978590379e-01
2.230000000000000000e+02 7.359822355985917719e-01
2.240000000000000000e+02 7.240476476538477701e-01
2.250000000000000000e+02 7.119045630947842263e-01
2.260000000000000000e+02 6.995323023467061585e-01
2.270000000000000000e+02 6.869313828903398367e-01
2.280000000000000284e+02 6.741400892230405839e-01
2.290000000000000000e+02 6.611400806623046744e-01
2.299999999999999716e+02 6.479626987689537376e-01
2.309999999999999716e+02 6.345676705882650204e-01
2.320000000000000284e+02 6.209717477587772816e-01
2.330000000000000000e+02 6.071982758037313133e-01
2.340000000000000000e+02 5.932409107189244857e-01
2.350000000000000000e+02 5.791220346955207043e-01
2.360000000000000284e+02 5.647713885626627350e-01
2.370000000000000000e+02 5.502973427753872215e-01
2.380000000000000000e+02 5.356437168262198067e-01
2.390000000000000000e+02 5.208066886118666305e-01
2.400000000000000000e+02 5.058370856917181468e-01
2.410000000000000284e+02 4.907024597756894924e-01
2.420000000000000284e+02 4.754157480618328435e-01
2.430000000000000284e+02 4.599922378076714002e-01
2.439999999999999716e+02 4.444187794325760721e-01
2.450000000000000000e+02 4.287259489618716057e-01
2.460000000000000000e+02 4.128814716033759047e-01
2.470000000000000000e+02 3.969298779716796122e-01
2.480000000000000000e+02 3.808548742477889659e-01
2.490000000000000000e+02 3.646550849912009173e-01
2.500000000000000284e+02 3.483399123302907685e-01
2.510000000000000284e+02 3.319455914488633197e-01
2.519999999999999716e+02 3.154261967657672749e-01
2.529999999999999716e+02 2.988033958510629695e-01
2.540000000000000284e+02 2.821034167449220087e-01
2.550000000000000000e+02 2.653292683972652277e-01
2.560000000000000000e+02 2.484394623549568137e-01
2.570000000000000000e+02 2.315084452755996336e-01
2.580000000000000000e+02 2.144959662902156394e-01
2.590000000000000568e+02 1.974184619451403722e-01
2.600000000000000000e+02 1.802730415294970800e-01
2.610000000000000000e+02 1.630796095473745488e-01
2.620000000000000000e+02 1.458359573134438425e-01
2.630000000000000000e+02 1.285484450836429648e-01
2.640000000000000000e+02 1.112180660885420391e-01
2.650000000000000000e+02 9.385790656443111779e-02
2.660000000000000000e+02 7.646640519787496759e-02
2.669999999999999432e+02 5.905376579672563103e-02
2.680000000000000000e+02 4.162556574831352552e-02
2.690000000000000000e+02 2.418636858643401222e-02
2.700000000000000000e+02 6.772196421788494181e-03
2.710000000000000000e+02 1.076779003804940321e-02
2.720000000000000568e+02 2.819768517910671915e-02
2.730000000000000568e+02 4.563630723380704413e-02
2.740000000000000000e+02 6.306116899218133787e-02
2.750000000000000000e+02 8.047177573320425659e-02
2.760000000000000000e+02 9.785296423522606146e-02
2.770000000000000000e+02 1.152108103169395270e-01
2.780000000000000000e+02 1.325215680632362281e-01
2.790000000000000000e+02 1.498080134529004293e-01
2.800000000000000000e+02 1.670425444514582747e-01
2.810000000000000568e+02 1.842207363854434510e-01
2.820000000000000000e+02 2.013376366589403055e-01
2.830000000000000000e+02 2.184036994577492619e-01
2.840000000000000000e+02 2.354127787321139420e-01
2.850000000000000000e+02 2.523421347251824098e-01
2.860000000000000000e+02 2.691871596684497492e-01
2.870000000000000000e+02 2.859572223424951543e-01
2.880000000000000000e+02 3.026333068419905792e-01
2.890000000000000000e+02 3.192253912542478700e-01
2.900000000000000000e+02 3.357084763618874423e-01
2.910000000000000000e+02 3.521217510138918150e-01
2.920000000000000000e+02 3.683910842961068965e-01
2.930000000000000000e+02 3.845752883445938686e-01
2.940000000000000000e+02 4.006328299411102689e-01
2.950000000000000568e+02 4.165481010442522170e-01
2.960000000000000000e+02 4.323536352189151777e-01
2.970000000000000000e+02 4.480350527351731338e-01
2.980000000000000000e+02 4.635598860572601732e-01
2.990000000000000000e+02 4.789625449998302642e-01
3.000000000000000000e+02 4.941792165657638569e-01
3.010000000000000000e+02 5.093066536731446492e-01
3.020000000000000000e+02 5.242118239277324676e-01
3.030000000000000000e+02 5.390223209127726900e-01
3.040000000000000568e+02 5.536427296914565588e-01
3.050000000000000000e+02 5.681010519896845246e-01
3.060000000000000000e+02 5.823643356695161755e-01
3.070000000000000000e+02 5.964852126322129910e-01
3.080000000000000000e+02 6.104039879540706925e-01
3.090000000000000000e+02 6.241213841727694112e-01
3.100000000000000000e+02 6.376708042965071321e-01
3.110000000000000000e+02 6.510091482633093563e-01
3.119999999999999432e+02 6.641234893894508717e-01
3.130000000000000000e+02 6.770907602844360440e-01
3.140000000000000000e+02 6.898436001504504311e-01
3.150000000000000000e+02 7.023652158598615580e-01
3.160000000000000000e+02 7.147104746413383003e-01
3.170000000000000568e+02 7.268058480253405396e-01
3.180000000000000568e+02 7.386796164999935854e-01
3.190000000000000000e+02 7.503356484592869080e-01
3.200000000000000000e+02 7.617457275268531003e-01
3.210000000000000000e+02 7.729230059467571134e-01
3.220000000000000000e+02 7.838844724050266777e-01
3.230000000000000000e+02 7.946117469117679466e-01
3.240000000000000000e+02 8.050848681409471519e-01
3.250000000000000000e+02 8.153036979071389689e-01
3.260000000000000568e+02 8.252992817924764690e-01
3.270000000000000000e+02 8.350405815264356768e-01
3.280000000000000000e+02 8.445051342452341014e-01
3.290000000000000000e+02 8.537786083877810794e-01
3.300000000000000000e+02 8.626814071408603901e-01
3.310000000000000000e+02 8.713445985633350155e-01
3.320000000000000000e+02 8.798481251018639426e-01
3.330000000000000000e+02 8.879935494362427573e-01
3.340000000000000000e+02 8.959062714682899387e-01
3.350000000000000000e+02 9.034996646017519062e-01
3.360000000000000000e+02 9.108337698563075957e-01
3.370000000000000000e+02 9.178990195141376596e-01
3.380000000000000000e+02 9.247363627998751445e-01
3.390000000000000000e+02 9.312329192601846994e-01
3.400000000000000568e+02 9.374073845936191640e-01
3.410000000000000000e+02 9.433665487958685647e-01
3.420000000000000000e+02 9.489769531834609806e-01
3.430000000000000000e+02 9.543670896652314273e-01
3.440000000000000000e+02 9.594045544743599052e-01
3.450000000000000000e+02 9.642101817255535057e-01
3.460000000000000000e+02 9.687000069698670224e-01
3.470000000000000000e+02 9.729260331661157002e-01
3.480000000000000000e+02 9.767932400543698490e-01
3.490000000000000568e+02 9.803761294143586991e-01
3.500000000000000000e+02 9.836749998757687852e-01
3.510000000000000000e+02 9.866819261406305497e-01
3.520000000000000000e+02 9.893849845903051055e-01
3.530000000000000000e+02 9.917294142636470244e-01
3.540000000000000000e+02 9.938778548345986730e-01
3.550000000000000000e+02 9.956370795797072626e-01
3.560000000000000000e+02 9.971613802470354893e-01
3.569999999999999432e+02 9.982850281349124888e-01
3.580000000000000000e+02 9.991784623235261398e-01
3.590000000000000000e+02 9.997492647833926549e-01
3.600000000000000000e+02 9.999921760640229085e-01
