0.000000000000000000e+00 1.000000000000000000e+00
1.000000000000000000e+00 9.998639398130592104e-01
2.000000000000000000e+00 9.994233586851198892e-01
3.000000000000000000e+00 9.986782004593964812e-01
4.000000000000000000e+00 9.976292216300540749e-01
5.000000000000000000e+00 9.962759352386730827e-01
6.000000000000000000e+00 9.946195552446160937e-01
7.000000000000000000e+00 9.926602343973596199e-01
8.000000000000000000e+00 9.903983859906215770e-01
9.000000000000000000e+00 9.878345899810334618e-01
1.000000000000000000e+01 9.849701688308364345e-01
1.100000000000000000e+01 9.818058830476329435e-01
1.200000000000000000e+01 9.783425125630189623e-01
1.300000000000000178e+01 9.745810975510900143e-01
1.400000000000000000e+01 9.705227234528067681e-01
1.500000000000000000e+01 9.661690125241039206e-01
1.600000000000000000e+01 9.615209336415146968e-01
1.700000000000000355e+01 9.565796530797806563e-01
1.800000000000000000e+01 9.513473206382372371e-01
1.900000000000000355e+01 9.458251521223222102e-01
2.000000000000000000e+01 9.400149366176169252e-01
2.100000000000000000e+01 9.339184016380409625e-01
2.200000000000000000e+01 9.275372716292251685e-01
2.300000000000000000e+01 9.208737949481931029e-01
2.400000000000000000e+01 9.139294339625440022e-01
2.500000000000000000e+01 9.067071310329722911e-01
2.600000000000000355e+01 8.992085450713739325e-01
2.700000000000000000e+01 8.914363450298700142e-01
2.800000000000000000e+01 8.833923260235271302e-01
2.900000000000000355e+01 8.750792812183453284e-01
3.000000000000000000e+01 8.664995520459057854e-01
3.100000000000000000e+01 8.576561689972427294e-01
3.200000000000000000e+01 8.485513931247057329e-01
3.300000000000000000e+01 8.391883074125666697e-01
3.400000000000000711e+01 8.295695335196472397e-01
3.500000000000000000e+01 8.196982736882810761e-01
3.600000000000000000e+01 8.095769635607319437e-01
3.700000000000000000e+01 7.992094518982454376e-01
3.800000000000000711e+01 7.885985581693287783e-01
3.899999999999999289e+01 7.777473778174613939e-01
4.000000000000000000e+01 7.666590084660973581e-01
4.100000000000000000e+01 7.553374954852861700e-01
4.200000000000000000e+01 7.437859318042973067e-01
4.300000000000000000e+01 7.320074458346040869e-01
4.400000000000000000e+01 7.200066796976491990e-01
4.500000000000000000e+01 7.077862192569129851e-01
4.600000000000000000e+01 6.953503577673730840e-01
4.700000000000000000e+01 6.827026498569769286e-01
4.800000000000000000e+01 6.698472784656837042e-01
4.899999999999999289e+01 6.567876594493807785e-01
5.000000000000000000e+01 6.435281525548846027e-01
5.100000000000000000e+01 6.300724114185497493e-01
5.200000000000000711e+01 6.164250766255466862e-01
5.300000000000000000e+01 6.025900065677221029e-01
5.400000000000000000e+01 5.885717343030665294e-01
5.500000000000000711e+01 5.743738941870130121e-01
5.600000000000000000e+01 5.600011618093547749e-01
5.700000000000000711e+01 5.454580456174218384e-01
5.800000000000000711e+01 5.307490236704281994e-01
5.900000000000000711e+01 5.158782894893968463e-01
6.000000000000000000e+01 5.008504956085927384e-01
6.099999999999999289e+01 4.856705366184935202e-01
6.200000000000000000e+01 4.703426504861930590e-01
6.299999999999999289e+01 4.548716795641005728e-01
6.400000000000000000e+01 4.392622522011024322e-01
6.500000000000000000e+01 4.235193060860593661e-01
6.600000000000000000e+01 4.076475683729716692e-01
6.700000000000000000e+01 3.916519615102582730e-01
6.800000000000001421e+01 3.755373538245842524e-01
6.900000000000000000e+01 3.593085680138033422e-01
7.000000000000000000e+01 3.429708905708062638e-01
7.100000000000000000e+01 3.265290289648497546e-01
7.200000000000000000e+01 3.099882812704161106e-01
7.300000000000000000e+01 2.933536956696524700e-01
7.400000000000000000e+01 2.766304073613582437e-01
7.500000000000000000e+01 2.598237500665617206e-01
7.600000000000001421e+01 2.429390121160860117e-01
7.700000000000000000e+01 2.259813888626620859e-01
7.799999999999998579e+01 2.089566139249827981e-01
7.900000000000000000e+01 1.918700564022530752e-01
8.000000000000000000e+01 1.747275724889203741e-01
8.100000000000000000e+01 1.575353088502834398e-01
8.200000000000000000e+01 1.402995857930647294e-01
8.300000000000000000e+01 1.230276952316063238e-01
8.400000000000000000e+01 1.057279895391533414e-01
8.500000000000001421e+01 8.841150269706841980e-02
8.600000000000000000e+01 7.109477406030775826e-02
8.700000000000000000e+01 5.380885932376432840e-02
8.800000000000000000e+01 3.663330678714760147e-02
8.900000000000000000e+01 1.990424135267920835e-02
9.000000000000000000e+01 7.686663100205458343e-03
9.100000000000000000e+01 1.819691262896247844e-02
9.200000000000000000e+01 3.481344386783694067e-02
9.300000000000001421e+01 5.196688633130976814e-02
9.400000000000000000e+01 6.924633002664488945e-02
9.500000000000000000e+01 8.656165005227264841e-02
9.600000000000000000e+01 1.038791126092799000e-01
9.700000000000000000e+01 1.211811755035241966e-01
9.799999999999998579e+01 1.384564969017227920e-01
9.900000000000001421e+01 1.556964115528157444e-01
1.000000000000000000e+02 1.728936685531770878e-01
1.010000000000000000e+02 1.900418062304715106e-01
1.020000000000000000e+02 2.071345604715704447e-01
1.030000000000000142e+02 2.241662522620945230e-01
1.040000000000000142e+02 2.411311972414104388e-01
1.050000000000000000e+02 2.580240184792701452e-01
1.060000000000000000e+02 2.748393506156447952e-01
1.070000000000000000e+02 2.915717397948447420e-01
1.080000000000000000e+02 3.082160274746368334e-01
1.089999999999999858e+02 3.247670086247858579e-01
1.100000000000000142e+02 3.412196963532754812e-01
1.110000000000000000e+02 3.575687452322129922e-01
1.120000000000000000e+02 3.738093453697683977e-01
1.130000000000000000e+02 3.899364365829098844e-01
1.140000000000000142e+02 4.059449631165663597e-01
1.149999999999999858e+02 4.218302893425155964e-01
1.160000000000000142e+02 4.375871480277898073e-01
1.170000000000000000e+02 4.532110086207380983e-01
1.180000000000000142e+02 4.686971426768511417e-01
1.190000000000000000e+02 4.840404286307632975e-01
1.200000000000000000e+02 4.992365974137832896e-01
1.210000000000000142e+02 5.142807586713009638e-01
1.219999999999999858e+02 5.291684418146476165e-01
1.230000000000000000e+02 5.438951028522126530e-01
1.240000000000000000e+02 5.584560865293994869e-01
1.250000000000000142e+02 5.728470903826223815e-01
1.259999999999999858e+02 5.870635739820930787e-01
1.270000000000000142e+02 6.011015588765685758e-01
1.280000000000000000e+02 6.149563422054170614e-01
1.290000000000000000e+02 6.286241087192032673e-01
1.300000000000000000e+02 6.421002699503460809e-01
1.310000000000000000e+02 6.553808581527790222e-01
1.320000000000000000e+02 6.684620793815549966e-01
1.330000000000000000e+02 6.813397028743021222e-01
1.340000000000000000e+02 6.940096177919439224e-01
1.350000000000000000e+02 7.064683456731355449e-01
1.360000000000000284e+02 7.187118132780846436e-01
1.370000000000000000e+02 7.307364360001546988e-01
1.380000000000000000e+02 7.425387288783746875e-01
1.390000000000000000e+02 7.541146602648295394e-01
1.400000000000000000e+02 7.654609610620570770e-01
1.410000000000000000e+02 7.765741388364550968e-01
1.420000000000000000e+02 7.874509949406789389e-01
1.430000000000000000e+02 7.980876957371502156e-01
1.440000000000000000e+02 8.084814816532457371e-01
1.450000000000000000e+02 8.186290981577474257e-01
1.460000000000000000e+02 8.285272698249761536e-01
1.470000000000000000e+02 8.381730756371396085e-01
1.480000000000000000e+02 8.475638274376009473e-01
1.490000000000000000e+02 8.566960611642877588e-01
1.500000000000000000e+02 8.655677289676239061e-01
1.510000000000000000e+02 8.741756812613962202e-01
1.520000000000000284e+02 8.825170946986825582e-01
1.530000000000000000e+02 8.905901207359470106e-01
1.540000000000000000e+02 8.983915879806700922e-01
1.550000000000000000e+02 9.059197414305351082e-01
1.559999999999999716e+02 9.131714442838144707e-01
1.570000000000000000e+02 9.201451338645098010e-01
1.580000000000000000e+02 9.268392345304153901e-01
1.590000000000000284e+02 9.332505040137861752e-01
1.600000000000000000e+02 9.393774550879048224e-01
1.610000000000000000e+02 9.452183612599127649e-01
1.620000000000000000e+02 9.507712333898519219e-01
1.630000000000000284e+02 9.560349962650117606e-01
1.640000000000000000e+02 9.610069081055478968e-01
1.650000000000000000e+02 9.656864549404667875e-01
1.660000000000000000e+02 9.700719835721340889e-01
1.670000000000000000e+02 9.741620094557325027e-01
1.680000000000000000e+02 9.779550746906376935e-01
1.690000000000000000e+02 9.814504205275376147e-01
1.700000000000000284e+02 9.846467854548922594e-01
1.710000000000000000e+02 9.875432943870006142e-01
1.720000000000000000e+02 9.901389285653818817e-01
1.730000000000000000e+02 9.924327272952717660e-01
1.740000000000000000e+02 9.944246079932040905e-01
1.750000000000000000e+02 9.961137107805968505e-01
1.760000000000000000e+02 9.974990767652077706e-01
1.770000000000000000e+02 9.985806084887011158e-01
1.780000000000000000e+02 9.993584252832634629e-01
1.790000000000000000e+02 9.998313680868305964e-01
1.800000000000000000e+02 1.000000000000000000e+00
1.810000000000000000e+02 9.998639398130592104e-01
1.820000000000000000e+02 9.994233586851198892e-01
1.830000000000000000e+02 9.986782004593964812e-01
1.840000000000000000e+02 9.976292216300540749e-01
1.849999999999999716e+02 9.962759352386730827e-01
1.860000000000000284e+02 9.946195552446160937e-01
1.870000000000000284e+02 9.926602004964040216e-01
1.880000000000000000e+02 9.903983345454823173e-01
1.890000000000000000e+02 9.878345899810334618e-01
1.900000000000000000e+02 9.849701688308364345e-01
1.910000000000000000e+02 9.818058830476329435e-01
1.920000000000000000e+02 9.783424756551895030e-01
1.930000000000000000e+02 9.745810975510900143e-01
1.940000000000000000e+02 9.705227234528067681e-01
1.950000000000000284e+02 9.661690125241039206e-01
1.959999999999999716e+02 9.615209336415146968e-01
1.970000000000000284e+02 9.565796530797806563e-01
1.980000000000000284e+02 9.513474791317093615e-01
1.990000000000000000e+02 9.458248781467201161e-01
2.000000000000000000e+02 9.400149366176169252e-01
2.010000000000000000e+02 9.339184016380409625e-01
2.020000000000000000e+02 9.275372716292251685e-01
2.030000000000000000e+02 9.208737949481931029e-01
2.040000000000000000e+02 9.139294339625440022e-01
2.050000000000000000e+02 9.067072583179817125e-01
2.060000000000000284e+02 8.992085233156232871e-01
2.069999999999999716e+02 8.914363450298700142e-01
2.080000000000000284e+02 8.833924558976341546e-01
2.090000000000000284e+02 8.750790829718696484e-01
2.100000000000000000e+02 8.664996429586117044e-01
2.110000000000000000e+02 8.576561689972427294e-01
2.120000000000000000e+02 8.485515527979323736e-01
2.130000000000000000e+02 8.391883074125666697e-01
2.140000000000000000e+02 8.295695109492204899e-01
2.150000000000000000e+02 8.196982736882810761e-01
2.160000000000000000e+02 8.095769758635859015e-01
2.170000000000000284e+02 7.992094518982454376e-01
2.179999999999999716e+02 7.885985427044712726e-01
2.190000000000000284e+02 7.777472395203343103e-01
2.200000000000000284e+02 7.666590084660973581e-01
2.210000000000000000e+02 7.553374086482094185e-01
2.220000000000000000e+02 7.437859318042973067e-01
2.230000000000000000e+02 7.320076272237453496e-01
2.240000000000000000e+02 7.200065224105705042e-01
2.250000000000000000e+02 7.077863232042225228e-01
2.260000000000000000e+02 6.953503577673730840e-01
2.270000000000000000e+02 6.827024846260245639e-01
2.280000000000000284e+02 6.698471462218921202e-01
2.290000000000000000e+02 6.567876594493807785e-01
2.299999999999999716e+02 6.435280551006384853e-01
2.309999999999999716e+02 6.300724586318287024e-01
2.320000000000000284e+02 6.164250204933751087e-01
2.330000000000000000e+02 6.025900217680673077e-01
2.340000000000000000e+02 5.885715257052122062e-01
2.350000000000000000e+02 5.743739298840858654e-01
2.360000000000000284e+02 5.600011804961904094e-01
2.370000000000000000e+02 5.454580526525778517e-01
2.380000000000000000e+02 5.307489693266966846e-01
2.390000000000000000e+02 5.158782536056873980e-01
2.400000000000000000e+02 5.008506313280755018e-01
2.410000000000000284e+02 4.856704656190364289e-01
2.420000000000000284e+02 4.703426245509811365e-01
2.430000000000000284e+02 4.548716420857851217e-01
2.439999999999999716e+02 4.392623023718125741e-01
2.450000000000000000e+02 4.235192992030153425e-01
2.460000000000000000e+02 4.076475429973904219e-01
2.470000000000000000e+02 3.916518846895127859e-01
2.480000000000000000e+02 3.755373567765750153e-01
2.490000000000000000e+02 3.593085979253189954e-01
2.500000000000000284e+02 3.429708402895689789e-01
2.510000000000000284e+02 3.265290619172838693e-01
2.519999999999999716e+02 3.099882530486269827e-01
2.529999999999999716e+02 2.933536319778804469e-01
2.540000000000000284e+02 2.766304087080916907e-01
2.550000000000000000e+02 2.598237979070486814e-01
2.560000000000000000e+02 2.429390368133942657e-01
2.570000000000000000e+02 2.259813630284089603e-01
2.580000000000000000e+02 2.089565555200844360e-01
2.590000000000000568e+02 1.918700566004964414e-01
2.600000000000000000e+02 1.747276064953056374e-01
2.610000000000000000e+02 1.575353019302232760e-01
2.620000000000000000e+02 1.402995667493593668e-01
2.630000000000000000e+02 1.230276767051634579e-01
2.640000000000000000e+02 1.057279848292122931e-01
2.650000000000000000e+02 8.841151471722910604e-02
2.660000000000000000e+02 7.109476336737126367e-02
2.669999999999999432e+02 5.380885688452293619e-02
2.680000000000000000e+02 3.663330098297833126e-02
2.690000000000000000e+02 1.990424273568973043e-02
2.700000000000000000e+02 7.686663101190860208e-03
2.710000000000000000e+02 1.819691211051304922e-02
2.720000000000000568e+02 3.481344722469646713e-02
2.730000000000000568e+02 5.196688799897844491e-02
2.740000000000000000e+02 6.924633818585337885e-02
2.750000000000000000e+02 8.656167591359274771e-02
2.760000000000000000e+02 1.038791172307204635e-01
2.770000000000000000e+02 1.211811572630226985e-01
2.780000000000000000e+02 1.384565040265878233e-01
2.790000000000000000e+02 1.556963990582349577e-01
2.800000000000000000e+02 1.728936724652021806e-01
2.810000000000000568e+02 1.900417606599109355e-01
2.820000000000000000e+02 2.071345331250571686e-01
2.830000000000000000e+02 2.241662695192624677e-01
2.840000000000000000e+02 2.411312358652500654e-01
2.850000000000000000e+02 2.580240620245115579e-01
2.860000000000000000e+02 2.748392512965258105e-01
2.870000000000000000e+02 2.915717021900402495e-01
2.880000000000000000e+02 3.082160586504392175e-01
2.890000000000000000e+02 3.247670197691769345e-01
2.900000000000000000e+02 3.412197024783984456e-01
2.910000000000000000e+02 3.575688081514829531e-01
2.920000000000000000e+02 3.738093642602779432e-01
2.930000000000000000e+02 3.899364270848754144e-01
2.940000000000000000e+02 4.059450389557106575e-01
2.950000000000000568e+02 4.218302212669727269e-01
2.960000000000000000e+02 4.375871216237100514e-01
2.970000000000000000e+02 4.532109642813490491e-01
2.980000000000000000e+02 4.686970177534517945e-01
2.990000000000000000e+02 4.840405251444766521e-01
3.000000000000000000e+02 4.992366462009587558e-01
3.010000000000000000e+02 5.142807385520749008e-01
3.020000000000000000e+02 5.291684089388581924e-01
3.030000000000000000e+02 5.438951188342476817e-01
3.040000000000000568e+02 5.584560907156124188e-01
3.050000000000000000e+02 5.728470201773298021e-01
3.060000000000000000e+02 5.870635142070314005e-01
3.070000000000000000e+02 6.011015043993913620e-01
3.080000000000000000e+02 6.149564061421449734e-01
3.090000000000000000e+02 6.286242290438937008e-01
3.100000000000000000e+02 6.421001632373490864e-01
3.110000000000000000e+02 6.553809400750609804e-01
3.119999999999999432e+02 6.684619564811040693e-01
3.130000000000000000e+02 6.813395157455571782e-01
3.140000000000000000e+02 6.940095594094891629e-01
3.150000000000000000e+02 7.064683585763603668e-01
3.160000000000000000e+02 7.187118306816376867e-01
3.170000000000000568e+02 7.307365836719383889e-01
3.180000000000000568e+02 7.425386102377792286e-01
3.190000000000000000e+02 7.541146348019459600e-01
3.200000000000000000e+02 7.654610806818304969e-01
3.210000000000000000e+02 7.765742775010081589e-01
3.220000000000000000e+02 7.874511139396243031e-01
3.230000000000000000e+02 7.980878907948449896e-01
3.240000000000000000e+02 8.084814816532457371e-01
3.250000000000000000e+02 8.186289897235318191e-01
3.260000000000000568e+02 8.285273539302989709e-01
3.270000000000000000e+02 8.381733109034387175e-01
3.280000000000000000e+02 8.475638274376009473e-01
3.290000000000000000e+02 8.566961184159415099e-01
3.300000000000000000e+02 8.655676671677681178e-01
3.310000000000000000e+02 8.741756203620306698e-01
3.320000000000000000e+02 8.825171012711880980e-01
3.330000000000000000e+02 8.905901207359470106e-01
3.340000000000000000e+02 8.983916332187137366e-01
3.350000000000000000e+02 9.059195450082071499e-01
3.360000000000000000e+02 9.131715194475044095e-01
3.370000000000000000e+02 9.201454049080088904e-01
3.380000000000000000e+02 9.268392345304153901e-01
3.390000000000000000e+02 9.332505187671761293e-01
3.400000000000000568e+02 9.393773532725829822e-01
3.410000000000000000e+02 9.452183612599127649e-01
3.420000000000000000e+02 9.507712333898519219e-01
3.430000000000000000e+02 9.560349316705117895e-01
3.440000000000000000e+02 9.610069081055478968e-01
3.450000000000000000e+02 9.656865785263332169e-01
3.460000000000000000e+02 9.700719835721340889e-01
3.470000000000000000e+02 9.741620094557325027e-01
3.480000000000000000e+02 9.779550417400533213e-01
3.490000000000000568e+02 9.814504205275376147e-01
3.500000000000000000e+02 9.846467854548922594e-01
3.510000000000000000e+02 9.875432943870006142e-01
3.520000000000000000e+02 9.901388766716056056e-01
3.530000000000000000e+02 9.924329238469326020e-01
3.540000000000000000e+02 9.944246079932040905e-01
3.550000000000000000e+02 9.961137107805968505e-01
3.560000000000000000e+02 9.974990767652077706e-01
3.569999999999999432e+02 9.985806084887011158e-01
3.580000000000000000e+02 9.993584252832634629e-01
3.590000000000000000e+02 9.998313680868305964e-01
3.600000000000000000e+02 1.000000000000000000e+00
