0.000000000000000000e+00 1.000000000000000000e+00
1.000000000000000000e+00 9.997442138699466074e-01
2.000000000000000000e+00 9.991711041219637490e-01
3.000000000000000000e+00 9.983223619789509673e-01
4.000000000000000000e+00 9.971524210108112518e-01
5.000000000000000000e+00 9.956774847845719645e-01
6.000000000000000000e+00 9.938947079381940108e-01
7.000000000000000000e+00 9.917916749839474910e-01
8.000000000000000000e+00 9.894421892041271871e-01
9.000000000000000000e+00 9.867553169996468032e-01
1.000000000000000000e+01 9.837213826172627185e-01
1.100000000000000000e+01 9.804735743955543814e-01
1.200000000000000000e+01 9.768662317741098056e-01
1.300000000000000178e+01 9.729883676272209625e-01
1.400000000000000000e+01 9.688211987435593198e-01
1.500000000000000000e+01 9.643496688922936766e-01
1.600000000000000000e+01 9.595645759352200432e-01
1.700000000000000355e+01 9.545046029009464084e-01
1.800000000000000000e+01 9.491695459884248454e-01
1.900000000000000355e+01 9.434896064506996805e-01
2.000000000000000000e+01 9.376120818067354978e-01
2.100000000000000000e+01 9.313900805078094702e-01
2.200000000000000000e+01 9.249052536304588346e-01
2.300000000000000000e+01 9.180954362889532927e-01
2.400000000000000000e+01 9.110656652008084500e-01
2.500000000000000000e+01 9.037431220006671984e-01
2.600000000000000355e+01 8.960849197946808564e-01
2.700000000000000000e+01 8.881934023157291858e-01
2.800000000000000000e+01 8.800583110963687838e-01
2.900000000000000355e+01 8.716573502331436130e-01
3.000000000000000000e+01 8.629607437792543578e-01
3.100000000000000000e+01 8.540195500838733134e-01
3.200000000000000000e+01 8.447683529900874566e-01
3.300000000000000000e+01 8.353176309288778967e-01
3.400000000000000711e+01 8.255973138296384128e-01
3.500000000000000000e+01 8.156302662412954207e-01
3.600000000000000000e+01 8.054057031231883768e-01
3.700000000000000000e+01 7.949304215628030246e-01
3.800000000000000711e+01 7.842031476303858994e-01
3.899999999999999289e+01 7.732735623957104343e-01
4.000000000000000000e+01 7.620815055872657284e-01
4.100000000000000000e+01 7.506526310374811439e-01
4.200000000000000000e+01 7.390160440349596849e-01
4.300000000000000000e+01 7.271333579272909464e-01
4.400000000000000000e+01 7.150649820138387236e-01
4.500000000000000000e+01 7.027220540168120921e-01
4.600000000000000000e+01 6.902246082115357506e-01
4.700000000000000000e+01 6.774953218622846718e-01
4.800000000000000000e+01 6.645392005189288964e-01
4.899999999999999289e+01 6.513962872036770380e-01
5.000000000000000000e+01 6.380652127046250177e-01
5.100000000000000000e+01 6.245462783988205979e-01
5.200000000000000711e+01 6.108143218838457678e-01
5.300000000000000000e+01 5.968950400874405426e-01
5.400000000000000000e+01 5.827852882829033243e-01
5.500000000000000711e+01 5.685522936343238021e-01
5.600000000000000000e+01 5.540841004507892631e-01
5.700000000000000711e+01 5.394651487292572156e-01
5.800000000000000711e+01 5.246781959819249996e-01
5.900000000000000711e+01 5.097358972880977612e-01
6.000000000000000000e+01 4.946683157289128441e-01
6.099999999999999289e+01 4.794037023109566364e-01
6.200000000000000000e+01 4.640102345631116898e-01
6.299999999999999289e+01 4.484957446448140650e-01
6.400000000000000000e+01 4.328231119124426596e-01
6.500000000000000000e+01 4.170468689136485607e-01
6.600000000000000000e+01 4.011234222489351575e-01
6.700000000000000000e+01 3.850567652737957314e-01
6.800000000000001421e+01 3.689019771660895231e-01
6.900000000000000000e+01 3.526286262421304274e-01
7.000000000000000000e+01 3.362499391419645489e-01
7.100000000000000000e+01 3.197565942698741837e-01
7.200000000000000000e+01 3.031781024026596882e-01
7.300000000000000000e+01 2.864938757677743530e-01
7.400000000000000000e+01 2.697437353779244540e-01
7.500000000000000000e+01 2.528955488437640287e-01
7.600000000000001421e+01 2.359831367370815725e-01
7.700000000000000000e+01 2.189857640752670698e-01
7.799999999999998579e+01 2.019302226374140030e-01
7.900000000000000000e+01 1.848085216721588320e-01
8.000000000000000000e+01 1.676461639545371307e-01
8.100000000000000000e+01 1.504274620372621496e-01
8.200000000000000000e+01 1.331592163254386729e-01
8.300000000000000000e+01 1.158659531450546426e-01
8.400000000000000000e+01 9.853751316989116382e-02
8.500000000000001421e+01 8.119054512986868810e-02
8.600000000000000000e+01 6.384116347351809218e-02
8.700000000000000000e+01 4.651493178135004958e-02
8.800000000000000000e+01 2.929765198118124830e-02
8.900000000000000000e+01 1.269694738462117008e-02
9.000000000000000000e+01 8.548886289754266052e-03
9.100000000000000000e+01 2.437506984616873498e-02
9.200000000000000000e+01 4.151674949835922057e-02
9.300000000000001421e+01 5.882506621133452851e-02
9.400000000000000000e+01 7.617322449152703900e-02
9.500000000000000000e+01 9.351683699837173847e-02
9.600000000000000000e+01 1.108553448165234684e-01
9.700000000000000000e+01 1.281662678844077419e-01
9.799999999999998579e+01 1.454385397243523614e-01
9.900000000000001421e+01 1.626651720043022220e-01
1.000000000000000000e+02 1.798501561641309976e-01
1.010000000000000000e+02 1.969918249733077220e-01
1.020000000000000000e+02 2.140574451657425992e-01
1.030000000000000142e+02 2.310756231764733160e-01
1.040000000000000142e+02 2.480050153305712046e-01
1.050000000000000000e+02 2.648759344100273250e-01
1.060000000000000000e+02 2.816689061110060344e-01
1.070000000000000000e+02 2.983655578850537005e-01
1.080000000000000000e+02 3.149723452848974259e-01
1.089999999999999858e+02 3.314841514779886533e-01
1.100000000000000142e+02 3.478957257143384663e-01
1.110000000000000000e+02 3.642198494205952097e-01
1.120000000000000000e+02 3.803972707832684041e-01
1.130000000000000000e+02 3.964878429684424721e-01
1.140000000000000142e+02 4.124435648520652919e-01
1.149999999999999858e+02 4.282774362830234494e-01
1.160000000000000142e+02 4.439890619293390683e-01
1.170000000000000000e+02 4.595476182203983018e-01
1.180000000000000142e+02 4.749750453919059368e-01
1.190000000000000000e+02 4.902528957372150886e-01
1.200000000000000000e+02 5.053889023559621219e-01
1.210000000000000142e+02 5.203766260941318222e-01
1.219999999999999858e+02 5.352392963468590725e-01
1.230000000000000000e+02 5.498663264928814742e-01
1.240000000000000000e+02 5.643659560754236137e-01
1.250000000000000142e+02 5.787080252569490879e-01
1.259999999999999858e+02 5.928326526950343789e-01
1.270000000000000142e+02 6.068009980002033732e-01
1.280000000000000000e+02 6.205843106472848092e-01
1.290000000000000000e+02 6.341629024940756976e-01
1.300000000000000000e+02 6.475725887766876632e-01
1.310000000000000000e+02 6.607728712440281704e-01
1.320000000000000000e+02 6.737609969736425564e-01
1.330000000000000000e+02 6.865643400797155627e-01
1.340000000000000000e+02 6.991387493690093269e-01
1.350000000000000000e+02 7.115091606405584690e-01
1.360000000000000284e+02 7.236786839382147729e-01
1.370000000000000000e+02 7.356055643044255854e-01
1.380000000000000000e+02 7.473485376335481378e-01
1.390000000000000000e+02 7.588212775552514167e-01
1.400000000000000000e+02 7.700575848345031504e-01
1.410000000000000000e+02 7.810817789836250746e-01
1.420000000000000000e+02 7.918479152197428483e-01
1.430000000000000000e+02 8.023690220289076969e-01
1.440000000000000000e+02 8.126884358964933108e-01
1.450000000000000000e+02 8.227341983167782979e-01
1.460000000000000000e+02 8.325119026891100171e-01
1.470000000000000000e+02 8.420439558952359516e-01
1.480000000000000000e+02 8.513415479880253045e-01
1.490000000000000000e+02 8.603740624277038673e-01
1.500000000000000000e+02 8.691750736651751019e-01
1.510000000000000000e+02 8.776384885004844261e-01
1.520000000000000284e+02 8.859031163500862283e-01
1.530000000000000000e+02 8.938312119960380997e-01
1.540000000000000000e+02 9.015151193275363628e-01
1.550000000000000000e+02 9.089491477226085969e-01
1.559999999999999716e+02 9.160636189062248969e-01
1.570000000000000000e+02 9.229708019646459816e-01
1.580000000000000000e+02 9.295324298398635054e-01
1.590000000000000284e+02 9.358328799949183763e-01
1.600000000000000000e+02 9.418161867646259733e-01
1.610000000000000000e+02 9.475626606285878495e-01
1.620000000000000000e+02 9.529929494010916935e-01
1.630000000000000284e+02 9.581547197349649103e-01
1.640000000000000000e+02 9.629416089858479078e-01
1.650000000000000000e+02 9.675256336490251075e-01
1.660000000000000000e+02 9.717974195235028478e-01
1.670000000000000000e+02 9.758021941005954325e-01
1.680000000000000000e+02 9.794795888910571291e-01
1.690000000000000000e+02 9.828255704121469094e-01
1.700000000000000284e+02 9.859213950093044243e-01
1.710000000000000000e+02 9.886671507889538413e-01
1.720000000000000000e+02 9.911643084897495681e-01
1.730000000000000000e+02 9.933108420707781328e-01
1.740000000000000000e+02 9.951623251170812479e-01
1.750000000000000000e+02 9.967446480763164640e-01
1.760000000000000000e+02 9.980151465397223420e-01
1.770000000000000000e+02 9.990206710924171007e-01
1.780000000000000000e+02 9.996276298792126092e-01
1.790000000000000000e+02 9.999466239004219936e-01
1.800000000000000000e+02 1.000000000000000000e+00
1.810000000000000000e+02 9.997442138699466074e-01
1.820000000000000000e+02 9.991711041219637490e-01
1.830000000000000000e+02 9.983223619789509673e-01
1.840000000000000000e+02 9.971524210108112518e-01
1.849999999999999716e+02 9.956774847845719645e-01
1.860000000000000284e+02 9.938947079381940108e-01
1.870000000000000284e+02 9.918190499742024491e-01
1.880000000000000000e+02 9.894614585608630941e-01
1.890000000000000000e+02 9.867553169996468032e-01
1.900000000000000000e+02 9.837213826172627185e-01
1.910000000000000000e+02 9.804735743955543814e-01
1.920000000000000000e+02 9.768840664785269912e-01
1.930000000000000000e+02 9.729883676272209625e-01
1.940000000000000000e+02 9.688211987435593198e-01
1.950000000000000284e+02 9.643496688922936766e-01
1.959999999999999716e+02 9.595645759352200432e-01
1.970000000000000284e+02 9.545046029009464084e-01
1.980000000000000284e+02 9.491603702936728393e-01
1.990000000000000000e+02 9.435076675899192189e-01
2.000000000000000000e+02 9.376120818067354978e-01
2.010000000000000000e+02 9.313900805078094702e-01
2.020000000000000000e+02 9.249052536304588346e-01
2.030000000000000000e+02 9.180954362889532927e-01
2.040000000000000000e+02 9.110656652008084500e-01
2.050000000000000000e+02 9.036855461017064828e-01
2.060000000000000284e+02 8.960771456481178010e-01
2.069999999999999716e+02 8.881934023157291858e-01
2.080000000000000284e+02 8.800899393005237048e-01
2.090000000000000284e+02 8.716452292391895229e-01
2.100000000000000000e+02 8.629639477908086498e-01
2.110000000000000000e+02 8.540195500838733134e-01
2.120000000000000000e+02 8.448055872824410395e-01
2.130000000000000000e+02 8.353176309288778967e-01
2.140000000000000000e+02 8.255908305371688627e-01
2.150000000000000000e+02 8.156302662412954207e-01
2.160000000000000000e+02 8.054012873476783518e-01
2.170000000000000284e+02 7.949304215628030246e-01
2.179999999999999716e+02 7.842092280689918482e-01
2.190000000000000284e+02 7.732622422710754284e-01
2.200000000000000284e+02 7.620815055872657284e-01
2.210000000000000000e+02 7.506604839970970611e-01
2.220000000000000000e+02 7.390160440349596849e-01
2.230000000000000000e+02 7.271577657617088741e-01
2.240000000000000000e+02 7.150778681191052311e-01
2.250000000000000000e+02 7.027091565535109607e-01
2.260000000000000000e+02 6.902246082115357506e-01
2.270000000000000000e+02 6.774746800250599499e-01
2.280000000000000284e+02 6.645576024418651251e-01
2.290000000000000000e+02 6.513962872036770380e-01
2.299999999999999716e+02 6.380804004865894274e-01
2.309999999999999716e+02 6.245359323989663203e-01
2.320000000000000284e+02 6.108015227807728209e-01
2.330000000000000000e+02 5.969045352081523426e-01
2.340000000000000000e+02 5.827881409488030462e-01
2.350000000000000000e+02 5.685280394970784190e-01
2.360000000000000284e+02 5.540891570896283591e-01
2.370000000000000000e+02 5.394544236381813018e-01
2.380000000000000000e+02 5.246637875788445760e-01
2.390000000000000000e+02 5.097270478484207112e-01
2.400000000000000000e+02 4.946788543810892169e-01
2.410000000000000284e+02 4.794129787615444838e-01
2.420000000000000284e+02 4.640112944277531293e-01
2.430000000000000284e+02 4.485001012733252912e-01
2.439999999999999716e+02 4.328462751023771649e-01
2.450000000000000000e+02 4.170570313273079255e-01
2.460000000000000000e+02 4.011194267145014036e-01
2.470000000000000000e+02 3.850548467663368890e-01
2.480000000000000000e+02 3.689078671630263706e-01
2.490000000000000000e+02 3.526195726276966091e-01
2.500000000000000284e+02 3.362469116314443784e-01
2.510000000000000284e+02 3.197539006170002085e-01
2.519999999999999716e+02 3.031743752612499621e-01
2.529999999999999716e+02 2.865022649904278573e-01
2.540000000000000284e+02 2.697387234659635036e-01
2.550000000000000000e+02 2.528911438126215661e-01
2.560000000000000000e+02 2.359795093856191239e-01
2.570000000000000000e+02 2.189812077114032529e-01
2.580000000000000000e+02 2.019315044855002073e-01
2.590000000000000568e+02 1.848082076292563714e-01
2.600000000000000000e+02 1.676395137856983020e-01
2.610000000000000000e+02 1.504299048372458314e-01
2.620000000000000000e+02 1.331573785301489177e-01
2.630000000000000000e+02 1.158669471737211187e-01
2.640000000000000000e+02 9.853319171390727271e-02
2.650000000000000000e+02 8.118924897719574652e-02
2.660000000000000000e+02 6.384229182685349779e-02
2.669999999999999432e+02 4.651669190989177888e-02
2.680000000000000000e+02 2.929870054343621313e-02
2.690000000000000000e+02 1.269668560156397841e-02
2.700000000000000000e+02 8.548886038336974552e-03
2.710000000000000000e+02 2.437368085172687479e-02
2.720000000000000568e+02 4.151583006593488612e-02
2.730000000000000568e+02 5.882544378581636840e-02
2.740000000000000000e+02 7.617395813554353468e-02
2.750000000000000000e+02 9.351688772790461845e-02
2.760000000000000000e+02 1.108528874138262760e-01
2.770000000000000000e+02 1.281625646733358104e-01
2.780000000000000000e+02 1.454402846228204649e-01
2.790000000000000000e+02 1.626682576841471106e-01
2.800000000000000000e+02 1.798546422871264705e-01
2.810000000000000568e+02 1.969863855523566187e-01
2.820000000000000000e+02 2.140700879105629229e-01
2.830000000000000000e+02 2.310702674349299768e-01
2.840000000000000000e+02 2.480109844600613955e-01
2.850000000000000000e+02 2.648876652014490185e-01
2.860000000000000000e+02 2.816646245027887852e-01
2.870000000000000000e+02 2.983626760852507442e-01
2.880000000000000000e+02 3.149775058993398158e-01
2.890000000000000000e+02 3.314923429675675215e-01
2.900000000000000000e+02 3.479037608495956224e-01
2.910000000000000000e+02 3.642070092071804654e-01
2.920000000000000000e+02 3.804227670462561606e-01
2.930000000000000000e+02 3.964752379731557586e-01
2.940000000000000000e+02 4.124472995628659100e-01
2.950000000000000568e+02 4.282754763411464882e-01
2.960000000000000000e+02 4.439886067621062749e-01
2.970000000000000000e+02 4.595463127619285881e-01
2.980000000000000000e+02 4.749845516148648583e-01
2.990000000000000000e+02 4.902753117923490112e-01
3.000000000000000000e+02 5.053804441659811575e-01
3.010000000000000000e+02 5.203668672457134603e-01
3.020000000000000000e+02 5.352334575492107005e-01
3.030000000000000000e+02 5.498768824091645468e-01
3.040000000000000568e+02 5.643624113518318497e-01
3.050000000000000000e+02 5.786948917191172548e-01
3.060000000000000000e+02 5.928316717438328887e-01
3.070000000000000000e+02 6.067977535718395155e-01
3.080000000000000000e+02 6.205736074234318167e-01
3.090000000000000000e+02 6.341725944152507566e-01
3.100000000000000000e+02 6.475563846519479805e-01
3.110000000000000000e+02 6.607721960893482294e-01
3.119999999999999432e+02 6.737727521569792932e-01
3.130000000000000000e+02 6.865698095668499867e-01
3.140000000000000000e+02 6.991434950513588653e-01
3.150000000000000000e+02 7.115042731902713191e-01
3.160000000000000000e+02 7.236773255005329863e-01
3.170000000000000568e+02 7.355987433871408188e-01
3.180000000000000568e+02 7.473129506343781925e-01
3.190000000000000000e+02 7.588139338441924897e-01
3.200000000000000000e+02 7.700757275107846800e-01
3.210000000000000000e+02 7.810943170309144756e-01
3.220000000000000000e+02 7.918481463367761375e-01
3.230000000000000000e+02 8.023787663188055586e-01
3.240000000000000000e+02 8.126884358964933108e-01
3.250000000000000000e+02 8.227241079647379385e-01
3.260000000000000568e+02 8.325334594657324283e-01
3.270000000000000000e+02 8.420793873506779992e-01
3.280000000000000000e+02 8.513415479880253045e-01
3.290000000000000000e+02 8.603762558283576389e-01
3.300000000000000000e+02 8.691559628787268732e-01
3.310000000000000000e+02 8.776540217691849444e-01
3.320000000000000000e+02 8.858589092322131098e-01
3.330000000000000000e+02 8.938312119960380997e-01
3.340000000000000000e+02 9.015206894321881048e-01
3.350000000000000000e+02 9.089485121676846857e-01
3.360000000000000000e+02 9.160784306549277778e-01
3.370000000000000000e+02 9.229659218891140826e-01
3.380000000000000000e+02 9.295324298398635054e-01
3.390000000000000000e+02 9.358038516185078759e-01
3.400000000000000568e+02 9.418292552319180722e-01
3.410000000000000000e+02 9.475626606285878495e-01
3.420000000000000000e+02 9.529929494010916935e-01
3.430000000000000000e+02 9.581313400196797003e-01
3.440000000000000000e+02 9.629416089858479078e-01
3.450000000000000000e+02 9.674972221544544393e-01
3.460000000000000000e+02 9.717974195235028478e-01
3.470000000000000000e+02 9.758021941005954325e-01
3.480000000000000000e+02 9.794461883891364407e-01
3.490000000000000568e+02 9.828255704121469094e-01
3.500000000000000000e+02 9.859213950093044243e-01
3.510000000000000000e+02 9.886671507889538413e-01
3.520000000000000000e+02 9.911544750126948244e-01
3.530000000000000000e+02 9.932967311841729430e-01
3.540000000000000000e+02 9.951623251170812479e-01
3.550000000000000000e+02 9.967446480763164640e-01
3.560000000000000000e+02 9.980151465397223420e-01
3.569999999999999432e+02 9.990206710924171007e-01
3.580000000000000000e+02 9.996276298792126092e-01
3.590000000000000000e+02 9.999466239004219936e-01
3.600000000000000000e+02 1.000000000000000000e+00
