0.000000000000000000e+00 1.000000000000000000e+00
1.000000000000000000e+00 9.998756182216760324e-01
2.000000000000000000e+00 9.994466647796244052e-01
3.000000000000000000e+00 9.987132703374613785e-01
4.000000000000000000e+00 9.976756582944543705e-01
5.000000000000000000e+00 9.963341447178343246e-01
6.000000000000000000e+00 9.946891382460303355e-01
7.000000000000000000e+00 9.927411399646735024e-01
8.000000000000000000e+00 9.904907432537485290e-01
9.000000000000000000e+00 9.879386336068562979e-01
1.000000000000000000e+01 9.850855884223584935e-01
1.100000000000000000e+01 9.819324767667918508e-01
1.200000000000000000e+01 9.784802591097940816e-01
1.300000000000000178e+01 9.747299870318117954e-01
1.400000000000000000e+01 9.706828029037120054e-01
1.500000000000000000e+01 9.663399395388913016e-01
1.600000000000000000e+01 9.617027198175172042e-01
1.700000000000000355e+01 9.567725562840084796e-01
1.800000000000000000e+01 9.515509507160340164e-01
1.900000000000000355e+01 9.460394936680825984e-01
2.000000000000000000e+01 9.402398639858947638e-01
2.100000000000000000e+01 9.341538282960021311e-01
2.200000000000000000e+01 9.277832404669307254e-01
2.300000000000000000e+01 9.211300410448937104e-01
2.400000000000000000e+01 9.141962566626422593e-01
2.500000000000000000e+01 9.069839994221139401e-01
2.600000000000000355e+01 8.994954662509101473e-01
2.700000000000000000e+01 8.917329382332671583e-01
2.800000000000000000e+01 8.836987799155432421e-01
2.900000000000000355e+01 8.753954385853137676e-01
3.000000000000000000e+01 8.668254435264290958e-01
3.100000000000000000e+01 8.579914052484920450e-01
3.200000000000000000e+01 8.488960146916526561e-01
3.300000000000000000e+01 8.395420424068740228e-01
3.400000000000000711e+01 8.299323377123556389e-01
3.500000000000000000e+01 8.200698278252481765e-01
3.600000000000000000e+01 8.099575169701246358e-01
3.700000000000000000e+01 7.995984854643284345e-01
3.800000000000000711e+01 7.889958887792237752e-01
3.899999999999999289e+01 7.781529565792908443e-01
4.000000000000000000e+01 7.670729917383998231e-01
4.100000000000000000e+01 7.557593693338626739e-01
4.200000000000000000e+01 7.442155356183760562e-01
4.300000000000000000e+01 7.324450069702717059e-01
4.400000000000000000e+01 7.204513688227812684e-01
4.500000000000000000e+01 7.082382745718723838e-01
4.600000000000000000e+01 6.958094444633875497e-01
4.700000000000000000e+01 6.831686644602302794e-01
4.800000000000000000e+01 6.703197850891819964e-01
4.899999999999999289e+01 6.572667202683271093e-01
5.000000000000000000e+01 6.440134461150289757e-01
5.100000000000000000e+01 6.305639997351510928e-01
5.200000000000000711e+01 6.169224779934693315e-01
5.300000000000000000e+01 6.030930362664623789e-01
5.400000000000000000e+01 5.890798871766190770e-01
5.500000000000000711e+01 5.748872993101676876e-01
5.600000000000000000e+01 5.605195959172676323e-01
5.700000000000000711e+01 5.459811535958648543e-01
5.800000000000000711e+01 5.312764009596635528e-01
5.900000000000000711e+01 5.164098172898683448e-01
6.000000000000000000e+01 5.013859311723517509e-01
6.099999999999999289e+01 4.862093191197622288e-01
6.200000000000000000e+01 4.708846041792043025e-01
6.299999999999999289e+01 4.554164545264234865e-01
6.400000000000000000e+01 4.398095820468030936e-01
6.500000000000000000e+01 4.240687409035645006e-01
6.600000000000000000e+01 4.081987260939014539e-01
6.700000000000000000e+01 3.922043719942029938e-01
6.800000000000001421e+01 3.760905508942873343e-01
6.900000000000000000e+01 3.598621715224802897e-01
7.000000000000000000e+01 3.435241775622004390e-01
7.100000000000000000e+01 3.270815461613847952e-01
7.200000000000000000e+01 3.105392864372975015e-01
7.300000000000000000e+01 2.939024379782093077e-01
7.400000000000000000e+01 2.771760693467719694e-01
7.500000000000000000e+01 2.603652765893154641e-01
7.600000000000001421e+01 2.434751817595489920e-01
7.700000000000000000e+01 2.265109314692321796e-01
7.799999999999998579e+01 2.094776954861952145e-01
7.900000000000000000e+01 1.923806654147923179e-01
8.000000000000000000e+01 1.752250535215511551e-01
8.100000000000000000e+01 1.580160918224700894e-01
8.200000000000000000e+01 1.407590316648993645e-01
8.300000000000000000e+01 1.234591442970500302e-01
8.400000000000000000e+01 1.061217235668635711e-01
8.500000000000001421e+01 8.875209368376163477e-02
8.600000000000000000e+01 7.135563071122098810e-02
8.700000000000000000e+01 5.393782888205632398e-02
8.800000000000000000e+01 3.650456170450584042e-02
8.900000000000000000e+01 1.906378583087897996e-02
9.000000000000000000e+01 1.733454818927412586e-03
9.100000000000000000e+01 1.586672465993835268e-02
9.200000000000000000e+01 3.330719331398227651e-02
9.300000000000001421e+01 5.074257105692417391e-02
9.400000000000000000e+01 6.816366856549968545e-02
9.500000000000000000e+01 8.556446070127254888e-02
9.600000000000000000e+01 1.029394148083689897e-01
9.700000000000000000e+01 1.202831404948974808e-01
9.799999999999998579e+01 1.375903063237502999e-01
9.900000000000001421e+01 1.548556136942656203e-01
1.000000000000000000e+02 1.720737875102244241e-01
1.010000000000000000e+02 1.892395728600647364e-01
1.020000000000000000e+02 2.063477341725373226e-01
1.030000000000000142e+02 2.233930555024058739e-01
1.040000000000000142e+02 2.403703413749332385e-01
1.050000000000000000e+02 2.572744179231671868e-01
1.060000000000000000e+02 2.741001341867994046e-01
1.070000000000000000e+02 2.908423635021687992e-01
1.080000000000000000e+02 3.074960049448383081e-01
1.089999999999999858e+02 3.240559848019792799e-01
1.100000000000000142e+02 3.405172580611394162e-01
1.110000000000000000e+02 3.568748099063394075e-01
1.120000000000000000e+02 3.731236572162793808e-01
1.130000000000000000e+02 3.892588500603703650e-01
1.140000000000000142e+02 4.052754731903202012e-01
1.149999999999999858e+02 4.211686475249079575e-01
1.160000000000000142e+02 4.369335316267112801e-01
1.170000000000000000e+02 4.525653231694139467e-01
1.180000000000000142e+02 4.680592603949343955e-01
1.190000000000000000e+02 4.834106235589867850e-01
1.200000000000000000e+02 4.986147363655392128e-01
1.210000000000000142e+02 5.136669673878055953e-01
1.219999999999999858e+02 5.285627314769246743e-01
1.230000000000000000e+02 5.432974911564456555e-01
1.240000000000000000e+02 5.578667580031246853e-01
1.250000000000000142e+02 5.722660940125885443e-01
1.259999999999999858e+02 5.864911129499250642e-01
1.270000000000000142e+02 6.005374816851566377e-01
1.280000000000000000e+02 6.144009215122581136e-01
1.290000000000000000e+02 6.280772094516710036e-01
1.300000000000000000e+02 6.415621795360866297e-01
1.310000000000000000e+02 6.548517240793808591e-01
1.320000000000000000e+02 6.679417949267426602e-01
1.330000000000000000e+02 6.808284046879674589e-01
1.340000000000000000e+02 6.935076279515927089e-01
1.350000000000000000e+02 7.059756024800351026e-01
1.360000000000000284e+02 7.182285303865142412e-01
1.370000000000000000e+02 7.302626792910579256e-01
1.380000000000000000e+02 7.420743834573886311e-01
1.390000000000000000e+02 7.536600449097521359e-01
1.400000000000000000e+02 7.650161345283532643e-01
1.410000000000000000e+02 7.761391931242851427e-01
1.420000000000000000e+02 7.870258324934438221e-01
1.430000000000000000e+02 7.976727364480964422e-01
1.440000000000000000e+02 8.080766618271328916e-01
1.450000000000000000e+02 8.182344394838851898e-01
1.460000000000000000e+02 8.281429752515101494e-01
1.470000000000000000e+02 8.377992508851900277e-01
1.480000000000000000e+02 8.472003249816822956e-01
1.490000000000000000e+02 8.563433338751098578e-01
1.500000000000000000e+02 8.652254925094143845e-01
1.510000000000000000e+02 8.738440952863497646e-01
1.520000000000000284e+02 8.821965168898966425e-01
1.530000000000000000e+02 8.902802130859205354e-01
1.540000000000000000e+02 8.980927214967719951e-01
1.550000000000000000e+02 9.056316623518083642e-01
1.559999999999999716e+02 9.128947392119942661e-01
1.570000000000000000e+02 9.198797396694953221e-01
1.580000000000000000e+02 9.265845360212076054e-01
1.590000000000000284e+02 9.330070859177678200e-01
1.600000000000000000e+02 9.391454329846422588e-01
1.610000000000000000e+02 9.449977074185884618e-01
1.620000000000000000e+02 9.505621265570670664e-01
1.630000000000000284e+02 9.558369954213230546e-01
1.640000000000000000e+02 9.608207072327069609e-01
1.650000000000000000e+02 9.655117439017557590e-01
1.660000000000000000e+02 9.699086764911818426e-01
1.670000000000000000e+02 9.740101656504790428e-01
1.680000000000000000e+02 9.778149620248045570e-01
1.690000000000000000e+02 9.813219066342674379e-01
1.700000000000000284e+02 9.845299312280400006e-01
1.710000000000000000e+02 9.874380586097027956e-01
1.720000000000000000e+02 9.900454029337814044e-01
1.730000000000000000e+02 9.923511699771966343e-01
1.740000000000000000e+02 9.943546573797927834e-01
1.750000000000000000e+02 9.960552548591058430e-01
1.760000000000000000e+02 9.974524443958695530e-01
1.770000000000000000e+02 9.985458003923562975e-01
1.780000000000000000e+02 9.993349898009012966e-01
1.790000000000000000e+02 9.998197722267254672e-01
1.800000000000000000e+02 1.000000000000000000e+00
1.810000000000000000e+02 9.998756182216760324e-01
1.820000000000000000e+02 9.994466647796244052e-01
1.830000000000000000e+02 9.987132703374613785e-01
1.840000000000000000e+02 9.976756582944543705e-01
1.849999999999999716e+02 9.963341447178343246e-01
1.860000000000000284e+02 9.946891382460303355e-01
1.870000000000000284e+02 9.927411399646189905e-01
1.880000000000000000e+02 9.904907432537785050e-01
1.890000000000000000e+02 9.879386336068562979e-01
1.900000000000000000e+02 9.850855884223584935e-01
1.910000000000000000e+02 9.819324767667918508e-01
1.920000000000000000e+02 9.784802591097663260e-01
1.930000000000000000e+02 9.747299870318117954e-01
1.940000000000000000e+02 9.706828029037120054e-01
1.950000000000000284e+02 9.663399395388913016e-01
1.959999999999999716e+02 9.617027198175172042e-01
1.970000000000000284e+02 9.567725562840084796e-01
1.980000000000000284e+02 9.515509507159891633e-01
1.990000000000000000e+02 9.460394936681052469e-01
2.000000000000000000e+02 9.402398639858947638e-01
2.010000000000000000e+02 9.341538282960021311e-01
2.020000000000000000e+02 9.277832404669307254e-01
2.030000000000000000e+02 9.211300410448937104e-01
2.040000000000000000e+02 9.141962566626422593e-01
2.050000000000000000e+02 9.069839994221119417e-01
2.060000000000000284e+02 8.994954662508498622e-01
2.069999999999999716e+02 8.917329382332671583e-01
2.080000000000000284e+02 8.836987799155651135e-01
2.090000000000000284e+02 8.753954385853053299e-01
2.100000000000000000e+02 8.668254435264406421e-01
2.110000000000000000e+02 8.579914052484920450e-01
2.120000000000000000e+02 8.488960146916835203e-01
2.130000000000000000e+02 8.395420424068740228e-01
2.140000000000000000e+02 8.299323377123529744e-01
2.150000000000000000e+02 8.200698278252481765e-01
2.160000000000000000e+02 8.099575169701215271e-01
2.170000000000000284e+02 7.995984854643284345e-01
2.179999999999999716e+02 7.889958887792299924e-01
2.190000000000000284e+02 7.781529565793041670e-01
2.200000000000000284e+02 7.670729917383998231e-01
2.210000000000000000e+02 7.557593693338305885e-01
2.220000000000000000e+02 7.442155356183760562e-01
2.230000000000000000e+02 7.324450069702882482e-01
2.240000000000000000e+02 7.204513688227862644e-01
2.250000000000000000e+02 7.082382745718731609e-01
2.260000000000000000e+02 6.958094444633875497e-01
2.270000000000000000e+02 6.831686644602488201e-01
2.280000000000000284e+02 6.703197850891714493e-01
2.290000000000000000e+02 6.572667202683271093e-01
2.299999999999999716e+02 6.440134461150511802e-01
2.309999999999999716e+02 6.305639997351083492e-01
2.320000000000000284e+02 6.169224779934859848e-01
2.330000000000000000e+02 6.030930362664556066e-01
2.340000000000000000e+02 5.890798871765974276e-01
2.350000000000000000e+02 5.748872993101606932e-01
2.360000000000000284e+02 5.605195959172756259e-01
2.370000000000000000e+02 5.459811535958738471e-01
2.380000000000000000e+02 5.312764009596234738e-01
2.390000000000000000e+02 5.164098172898599071e-01
2.400000000000000000e+02 5.013859311723545265e-01
2.410000000000000284e+02 4.862093191197500719e-01
2.420000000000000284e+02 4.708846041791711623e-01
2.430000000000000284e+02 4.554164545264070552e-01
2.439999999999999716e+02 4.398095820467923245e-01
2.450000000000000000e+02 4.240687409035313049e-01
2.460000000000000000e+02 4.081987260939261009e-01
2.470000000000000000e+02 3.922043719941938344e-01
2.480000000000000000e+02 3.760905508942846698e-01
2.490000000000000000e+02 3.598621715224772366e-01
2.500000000000000284e+02 3.435241775621863392e-01
2.510000000000000284e+02 3.270815461613917341e-01
2.519999999999999716e+02 3.105392864373013317e-01
2.529999999999999716e+02 2.939024379782099738e-01
2.540000000000000284e+02 2.771760693467992254e-01
2.550000000000000000e+02 2.603652765893172960e-01
2.560000000000000000e+02 2.434751817595515733e-01
2.570000000000000000e+02 2.265109314692392850e-01
2.580000000000000000e+02 2.094776954861833074e-01
2.590000000000000568e+02 1.923806654148004225e-01
2.600000000000000000e+02 1.752250535215554017e-01
2.610000000000000000e+02 1.580160918224748634e-01
2.620000000000000000e+02 1.407590316649084961e-01
2.630000000000000000e+02 1.234591442970512654e-01
2.640000000000000000e+02 1.061217235668609482e-01
2.650000000000000000e+02 8.875209368376492380e-02
2.660000000000000000e+02 7.135563071121935053e-02
2.669999999999999432e+02 5.393782888205869708e-02
2.680000000000000000e+02 3.650456170450518817e-02
2.690000000000000000e+02 1.906378583087846301e-02
2.700000000000000000e+02 1.733454818927525560e-03
2.710000000000000000e+02 1.586672465993910555e-02
2.720000000000000568e+02 3.330719331398213773e-02
2.730000000000000568e+02 5.074257105692710212e-02
2.740000000000000000e+02 6.816366856549919973e-02
2.750000000000000000e+02 8.556446070127218806e-02
2.760000000000000000e+02 1.029394148083669774e-01
2.770000000000000000e+02 1.202831404948886268e-01
2.780000000000000000e+02 1.375903063237514656e-01
2.790000000000000000e+02 1.548556136942641770e-01
2.800000000000000000e+02 1.720737875102180126e-01
2.810000000000000568e+02 1.892395728600616278e-01
2.820000000000000000e+02 2.063477341725263592e-01
2.830000000000000000e+02 2.233930555024109532e-01
2.840000000000000000e+02 2.403703413749275208e-01
2.850000000000000000e+02 2.572744179231652994e-01
2.860000000000000000e+02 2.741001341867853047e-01
2.870000000000000000e+02 2.908423635021915588e-01
2.880000000000000000e+02 3.074960049448550725e-01
2.890000000000000000e+02 3.240559848019897160e-01
2.900000000000000000e+02 3.405172580611304234e-01
2.910000000000000000e+02 3.568748099063476786e-01
2.920000000000000000e+02 3.731236572162729970e-01
2.930000000000000000e+02 3.892588500603645918e-01
2.940000000000000000e+02 4.052754731903058794e-01
2.950000000000000568e+02 4.211686475248842543e-01
2.960000000000000000e+02 4.369335316267144997e-01
2.970000000000000000e+02 4.525653231694449774e-01
2.980000000000000000e+02 4.680592603949272346e-01
2.990000000000000000e+02 4.834106235589755163e-01
3.000000000000000000e+02 4.986147363655282772e-01
3.010000000000000000e+02 5.136669673877711784e-01
3.020000000000000000e+02 5.285627314768661655e-01
3.030000000000000000e+02 5.432974911564604215e-01
3.040000000000000568e+02 5.578667580031456685e-01
3.050000000000000000e+02 5.722660940125641194e-01
3.060000000000000000e+02 5.864911129499280618e-01
3.070000000000000000e+02 6.005374816851979380e-01
3.080000000000000000e+02 6.144009215122600009e-01
3.090000000000000000e+02 6.280772094516481330e-01
3.100000000000000000e+02 6.415621795361298174e-01
3.110000000000000000e+02 6.548517240793938488e-01
3.119999999999999432e+02 6.679417949267678623e-01
3.130000000000000000e+02 6.808284046879893303e-01
3.140000000000000000e+02 6.935076279515822728e-01
3.150000000000000000e+02 7.059756024800756258e-01
3.160000000000000000e+02 7.182285303865261206e-01
3.170000000000000568e+02 7.302626792910370535e-01
3.180000000000000568e+02 7.420743834573941822e-01
3.190000000000000000e+02 7.536600449097381471e-01
3.200000000000000000e+02 7.650161345283179593e-01
3.210000000000000000e+02 7.761391931242855868e-01
3.220000000000000000e+02 7.870258324934974459e-01
3.230000000000000000e+02 7.976727364480793447e-01
3.240000000000000000e+02 8.080766618271328916e-01
3.250000000000000000e+02 8.182344394838817481e-01
3.260000000000000568e+02 8.281429752515115927e-01
3.270000000000000000e+02 8.377992508851878073e-01
3.280000000000000000e+02 8.472003249816822956e-01
3.290000000000000000e+02 8.563433338750939816e-01
3.300000000000000000e+02 8.652254925094012838e-01
3.310000000000000000e+02 8.738440952863267830e-01
3.320000000000000000e+02 8.821965168899023046e-01
3.330000000000000000e+02 8.902802130859205354e-01
3.340000000000000000e+02 8.980927214967783234e-01
3.350000000000000000e+02 9.056316623518075870e-01
3.360000000000000000e+02 9.128947392120373427e-01
3.370000000000000000e+02 9.198797396694469164e-01
3.380000000000000000e+02 9.265845360212076054e-01
3.390000000000000000e+02 9.330070859177556075e-01
3.400000000000000568e+02 9.391454329846181670e-01
3.410000000000000000e+02 9.449977074185884618e-01
3.420000000000000000e+02 9.505621265570670664e-01
3.430000000000000000e+02 9.558369954213929987e-01
3.440000000000000000e+02 9.608207072327069609e-01
3.450000000000000000e+02 9.655117439017386616e-01
3.460000000000000000e+02 9.699086764911818426e-01
3.470000000000000000e+02 9.740101656504790428e-01
3.480000000000000000e+02 9.778149620247202911e-01
3.490000000000000568e+02 9.813219066342674379e-01
3.500000000000000000e+02 9.845299312280400006e-01
3.510000000000000000e+02 9.874380586097027956e-01
3.520000000000000000e+02 9.900454029337946160e-01
3.530000000000000000e+02 9.923511699771460082e-01
3.540000000000000000e+02 9.943546573797927834e-01
3.550000000000000000e+02 9.960552548591058430e-01
3.560000000000000000e+02 9.974524443958695530e-01
3.569999999999999432e+02 9.985458003923562975e-01
3.580000000000000000e+02 9.993349898009012966e-01
3.590000000000000000e+02 9.998197722267254672e-01
3.600000000000000000e+02 1.000000000000000000e+00
