0.000000000000000000e+00 9.997688474316113183e-01
1.000000000000000000e+00 9.993422452206693896e-01
2.000000000000000000e+00 9.985939730757645849e-01
3.000000000000000000e+00 9.974978854299375586e-01
4.000000000000000000e+00 9.960496066969375395e-01
5.000000000000000000e+00 9.944186141474600227e-01
6.000000000000000000e+00 9.924228886980669406e-01
7.000000000000000000e+00 9.901936795225715349e-01
8.000000000000000000e+00 9.875488727953346535e-01
9.000000000000000000e+00 9.846974198747052709e-01
1.000000000000000000e+01 9.814962332240778631e-01
1.100000000000000000e+01 9.780406909820225092e-01
1.200000000000000000e+01 9.742612299414390442e-01
1.300000000000000178e+01 9.700965086789317127e-01
1.400000000000000000e+01 9.657592705589461701e-01
1.500000000000000000e+01 9.611293509650588041e-01
1.600000000000000000e+01 9.561536018851325425e-01
1.700000000000000355e+01 9.508841588014560475e-01
1.800000000000000000e+01 9.453372371311962175e-01
1.900000000000000355e+01 9.395616844035472592e-01
2.000000000000000000e+01 9.334254007010004406e-01
2.100000000000000000e+01 9.270293488464822484e-01
2.200000000000000000e+01 9.203427388549265675e-01
2.300000000000000000e+01 9.134048858942728222e-01
2.400000000000000000e+01 9.061245264710147129e-01
2.500000000000000000e+01 8.986252770099810716e-01
2.600000000000000355e+01 8.908566048245603053e-01
2.700000000000000000e+01 8.828042705814878044e-01
2.800000000000000000e+01 8.744567655149312335e-01
2.900000000000000355e+01 8.658709996042637247e-01
3.000000000000000000e+01 8.570741510948071129e-01
3.100000000000000000e+01 8.479381630191684671e-01
3.200000000000000000e+01 8.385283220703235729e-01
3.300000000000000000e+01 8.289321208169361244e-01
3.400000000000000711e+01 8.190582855454613398e-01
3.500000000000000000e+01 8.089249684232513449e-01
3.600000000000000000e+01 7.985309395469611937e-01
3.700000000000000000e+01 7.879434463028256452e-01
3.800000000000000711e+01 7.770984333887576145e-01
3.899999999999999289e+01 7.660059424716230136e-01
4.000000000000000000e+01 7.546848796552610983e-01
4.100000000000000000e+01 7.431406331547745214e-01
4.200000000000000000e+01 7.313456973246684756e-01
4.300000000000000000e+01 7.193398101782880749e-01
4.400000000000000000e+01 7.071768709048519286e-01
4.500000000000000000e+01 6.947263088626711713e-01
4.600000000000000000e+01 6.820722686634080878e-01
4.700000000000000000e+01 6.692111967116940452e-01
4.800000000000000000e+01 6.561617086477788963e-01
4.899999999999999289e+01 6.429266417554601043e-01
5.000000000000000000e+01 6.295120247880580111e-01
5.100000000000000000e+01 6.158859838998338443e-01
5.200000000000000711e+01 6.020451666750793462e-01
5.300000000000000000e+01 5.880514043658380263e-01
5.400000000000000000e+01 5.738728871907365914e-01
5.500000000000000711e+01 5.595089882536353754e-01
5.600000000000000000e+01 5.449923719425668889e-01
5.700000000000000711e+01 5.302977542240475683e-01
5.800000000000000711e+01 5.155032708443448852e-01
5.900000000000000711e+01 5.005038225783680073e-01
6.000000000000000000e+01 4.853513650578578087e-01
6.099999999999999289e+01 4.700804464562122753e-01
6.200000000000000000e+01 4.546538272100469902e-01
6.299999999999999289e+01 4.390809374667801190e-01
6.400000000000000000e+01 4.233854216762531486e-01
6.500000000000000000e+01 4.075884585706885943e-01
6.600000000000000000e+01 3.916673698967430561e-01
6.700000000000000000e+01 3.756131470765338154e-01
6.800000000000001421e+01 3.594604735895857162e-01
6.900000000000000000e+01 3.432072324814096631e-01
7.000000000000000000e+01 3.268794798696158521e-01
7.100000000000000000e+01 3.104561068049818684e-01
7.200000000000000000e+01 2.939528376411395527e-01
7.300000000000000000e+01 2.773701869874946602e-01
7.400000000000000000e+01 2.607147456415532250e-01
7.500000000000000000e+01 2.440118967444440679e-01
7.600000000000001421e+01 2.272587010915702310e-01
7.700000000000000000e+01 2.104765719262838286e-01
7.799999999999998579e+01 1.936796039474641962e-01
7.900000000000000000e+01 1.768695138641790399e-01
8.000000000000000000e+01 1.600960588627509396e-01
8.100000000000000000e+01 1.433743126187172201e-01
8.200000000000000000e+01 1.267422504172096842e-01
8.300000000000000000e+01 1.102942437667615294e-01
8.400000000000000000e+01 9.412895487600342337e-02
8.500000000000001421e+01 7.845047215781261740e-02
8.600000000000000000e+01 6.365350880956827107e-02
8.700000000000000000e+01 5.052924158880885142e-02
8.800000000000000000e+01 4.076601226481134377e-02
8.900000000000000000e+01 3.712942931935486052e-02
9.000000000000000000e+01 4.127390963443593880e-02
9.100000000000000000e+01 5.134512047909986499e-02
9.200000000000000000e+01 6.462323516558425573e-02
9.300000000000001421e+01 7.949939100519119728e-02
9.400000000000000000e+01 9.521991833174946185e-02
9.500000000000000000e+01 1.114104291712882111e-01
9.600000000000000000e+01 1.278771774924059301e-01
9.700000000000000000e+01 1.445145656676932178e-01
9.799999999999998579e+01 1.612388791238996699e-01
9.900000000000001421e+01 1.780198937664977665e-01
1.000000000000000000e+02 1.948233931958110732e-01
1.010000000000000000e+02 2.116305618680286993e-01
1.020000000000000000e+02 2.284084664338956183e-01
1.030000000000000142e+02 2.451442893652613642e-01
1.040000000000000142e+02 2.618519912299728247e-01
1.050000000000000000e+02 2.784857494429477942e-01
1.060000000000000000e+02 2.950760086508889546e-01
1.070000000000000000e+02 3.115736480940025088e-01
1.080000000000000000e+02 3.280004839859350652e-01
1.089999999999999858e+02 3.443353597359947171e-01
1.100000000000000142e+02 3.605663574194914456e-01
1.110000000000000000e+02 3.767235405973978213e-01
1.120000000000000000e+02 3.927450326256712865e-01
1.130000000000000000e+02 4.086521113927619742e-01
1.140000000000000142e+02 4.244792087418818860e-01
1.149999999999999858e+02 4.401522553069386334e-01
1.160000000000000142e+02 4.557145662097776273e-01
1.170000000000000000e+02 4.711094780166660834e-01
1.180000000000000142e+02 4.863877394599835369e-01
1.190000000000000000e+02 5.015084375442837583e-01
1.200000000000000000e+02 5.164914465444757630e-01
1.210000000000000142e+02 5.313218619235334783e-01
1.219999999999999858e+02 5.460359179275406927e-01
1.230000000000000000e+02 5.605159879145235058e-01
1.240000000000000000e+02 5.748330512495639644e-01
1.250000000000000142e+02 5.890296667482514126e-01
1.259999999999999858e+02 6.029896659383949808e-01
1.270000000000000142e+02 6.168148797100097003e-01
1.280000000000000000e+02 6.304331493104469164e-01
1.290000000000000000e+02 6.438782463266635725e-01
1.300000000000000000e+02 6.570954033881614142e-01
1.310000000000000000e+02 6.701190640513617902e-01
1.320000000000000000e+02 6.829504151126249978e-01
1.330000000000000000e+02 6.955956104513191240e-01
1.340000000000000000e+02 7.079786886168397686e-01
1.350000000000000000e+02 7.201913951024967453e-01
1.360000000000000284e+02 7.321864223598946175e-01
1.370000000000000000e+02 7.439356904078244792e-01
1.380000000000000000e+02 7.554393950541928859e-01
1.390000000000000000e+02 7.667537195362889024e-01
1.400000000000000000e+02 7.778242986347753130e-01
1.410000000000000000e+02 7.886654171642030198e-01
1.420000000000000000e+02 7.992591935637043399e-01
1.430000000000000000e+02 8.096358650453329142e-01
1.440000000000000000e+02 8.197281912229689160e-01
1.450000000000000000e+02 8.296024423061600928e-01
1.460000000000000000e+02 8.392275466436390774e-01
1.470000000000000000e+02 8.485550384271329794e-01
1.480000000000000000e+02 8.576308374787308120e-01
1.490000000000000000e+02 8.664707986689568209e-01
1.500000000000000000e+02 8.750564199643580121e-01
1.510000000000000000e+02 8.833865823250188765e-01
1.520000000000000284e+02 8.913922872752981785e-01
1.530000000000000000e+02 8.991808287969472735e-01
1.540000000000000000e+02 9.066632402374742439e-01
1.550000000000000000e+02 9.138346390333860203e-01
1.559999999999999716e+02 9.208027411545975927e-01
1.570000000000000000e+02 9.274347222122295564e-01
1.580000000000000000e+02 9.338531460670510542e-01
1.590000000000000284e+02 9.399613924548907429e-01
1.600000000000000000e+02 9.457549741484808647e-01
1.610000000000000000e+02 9.512863872589273351e-01
1.620000000000000000e+02 9.564656971000830010e-01
1.630000000000000284e+02 9.614217308755541591e-01
1.640000000000000000e+02 9.660914701011361627e-01
1.650000000000000000e+02 9.704687246441311421e-01
1.660000000000000000e+02 9.744802386954840578e-01
1.670000000000000000e+02 9.783087882273013847e-01
1.680000000000000000e+02 9.817385033943007988e-01
1.690000000000000000e+02 9.849233719101527784e-01
1.700000000000000284e+02 9.877729576962415159e-01
1.710000000000000000e+02 9.903256411291118111e-01
1.720000000000000000e+02 9.925767408812899983e-01
1.730000000000000000e+02 9.945458846882434534e-01
1.740000000000000000e+02 9.961854094967854678e-01
1.750000000000000000e+02 9.975485862820725469e-01
1.760000000000000000e+02 9.986481612203238489e-01
1.770000000000000000e+02 9.993509938952264138e-01
1.780000000000000000e+02 9.997774598213943209e-01
1.790000000000000000e+02 1.000000000000000000e+00
1.800000000000000000e+02 9.997688474316113183e-01
1.810000000000000000e+02 9.993422452206693896e-01
1.820000000000000000e+02 9.985939730757645849e-01
1.830000000000000000e+02 9.974978854299375586e-01
1.840000000000000000e+02 9.960496066969375395e-01
1.849999999999999716e+02 9.944186141474600227e-01
1.860000000000000284e+02 9.924228886980669406e-01
1.870000000000000284e+02 9.901607187639125396e-01
1.880000000000000000e+02 9.875679685618572456e-01
1.890000000000000000e+02 9.846974198747052709e-01
1.900000000000000000e+02 9.814962332240778631e-01
1.910000000000000000e+02 9.780406909820225092e-01
1.920000000000000000e+02 9.742412724649620603e-01
1.930000000000000000e+02 9.700965086789317127e-01
1.940000000000000000e+02 9.657592705589461701e-01
1.950000000000000284e+02 9.611293509650588041e-01
1.959999999999999716e+02 9.561536018851325425e-01
1.970000000000000284e+02 9.508841588014560475e-01
1.980000000000000284e+02 9.453408511145945381e-01
1.990000000000000000e+02 9.395423020768779443e-01
2.000000000000000000e+02 9.334254007010004406e-01
2.010000000000000000e+02 9.270293488464822484e-01
2.020000000000000000e+02 9.203427388549265675e-01
2.030000000000000000e+02 9.134048858942728222e-01
2.040000000000000000e+02 9.061245264710147129e-01
2.050000000000000000e+02 8.986249295047514796e-01
2.060000000000000284e+02 8.908040564938961570e-01
2.069999999999999716e+02 8.828042705814878044e-01
2.080000000000000284e+02 8.745038145593325707e-01
2.090000000000000284e+02 8.658717541460981826e-01
2.100000000000000000e+02 8.570564670754109438e-01
2.110000000000000000e+02 8.479381630191684671e-01
2.120000000000000000e+02 8.385553523144048116e-01
2.130000000000000000e+02 8.289321208169361244e-01
2.140000000000000000e+02 8.190752884879802798e-01
2.150000000000000000e+02 8.089249684232513449e-01
2.160000000000000000e+02 7.985591001626795027e-01
2.170000000000000284e+02 7.879434463028256452e-01
2.179999999999999716e+02 7.770740176144967926e-01
2.190000000000000284e+02 7.660330476562912105e-01
2.200000000000000284e+02 7.546848796552610983e-01
2.210000000000000000e+02 7.431383852493719244e-01
2.220000000000000000e+02 7.313456973246684756e-01
2.230000000000000000e+02 7.193619102317093672e-01
2.240000000000000000e+02 7.071656607284343421e-01
2.250000000000000000e+02 6.947102474239180703e-01
2.260000000000000000e+02 6.820722686634080878e-01
2.270000000000000000e+02 6.692169918138505258e-01
2.280000000000000284e+02 6.561777106081322364e-01
2.290000000000000000e+02 6.429266417554601043e-01
2.299999999999999716e+02 6.294617259257321296e-01
2.309999999999999716e+02 6.158577924188906039e-01
2.320000000000000284e+02 6.020425874284377477e-01
2.330000000000000000e+02 5.880627300596569240e-01
2.340000000000000000e+02 5.738809114455569738e-01
2.350000000000000000e+02 5.595176039335006957e-01
2.360000000000000284e+02 5.449925692445704017e-01
2.370000000000000000e+02 5.303274896066128008e-01
2.380000000000000000e+02 5.154859012957347941e-01
2.390000000000000000e+02 5.004975491512185792e-01
2.400000000000000000e+02 4.853255391170359645e-01
2.410000000000000284e+02 4.700690615369264025e-01
2.420000000000000284e+02 4.546510183177566167e-01
2.430000000000000284e+02 4.390828337908947443e-01
2.439999999999999716e+02 4.233884231550233412e-01
2.450000000000000000e+02 4.075977035336323384e-01
2.460000000000000000e+02 3.916619867837746738e-01
2.470000000000000000e+02 3.756043207274820106e-01
2.480000000000000000e+02 3.594743574663251118e-01
2.490000000000000000e+02 3.432253297764096267e-01
2.500000000000000284e+02 3.268903645978414318e-01
2.510000000000000284e+02 3.104613675906949255e-01
2.519999999999999716e+02 2.939611638364341140e-01
2.529999999999999716e+02 2.773629183437107959e-01
2.540000000000000284e+02 2.607151918040086502e-01
2.550000000000000000e+02 2.440121661616020121e-01
2.560000000000000000e+02 2.272606486349336152e-01
2.570000000000000000e+02 2.104799552643563665e-01
2.580000000000000000e+02 1.936797745250879998e-01
2.590000000000000568e+02 1.768706011277640655e-01
2.600000000000000000e+02 1.600928412821809588e-01
2.610000000000000000e+02 1.433728031260461944e-01
2.620000000000000000e+02 1.267558551265283440e-01
2.630000000000000000e+02 1.102917356709103430e-01
2.640000000000000000e+02 9.413225332666748379e-02
2.650000000000000000e+02 7.844940230476526999e-02
2.660000000000000000e+02 6.364957801169382479e-02
2.669999999999999432e+02 5.053110431410561681e-02
2.680000000000000000e+02 4.076597331169690142e-02
2.690000000000000000e+02 3.712947522785718657e-02
2.700000000000000000e+02 4.127390902838334874e-02
2.710000000000000000e+02 5.134551419683275331e-02
2.720000000000000568e+02 6.462123961615057199e-02
2.730000000000000568e+02 7.950006598437851790e-02
2.740000000000000000e+02 9.522133857482890928e-02
2.750000000000000000e+02 1.114122037657278713e-01
2.760000000000000000e+02 1.278806971788744862e-01
2.770000000000000000e+02 1.445100287948006546e-01
2.780000000000000000e+02 1.612354063004913240e-01
2.790000000000000000e+02 1.780220900162220732e-01
2.800000000000000000e+02 1.948320491879503569e-01
2.810000000000000568e+02 2.116166027906720148e-01
2.820000000000000000e+02 2.284029192475616477e-01
2.830000000000000000e+02 2.451516690416085942e-01
2.840000000000000000e+02 2.618478258098810851e-01
2.850000000000000000e+02 2.785005656423034659e-01
2.860000000000000000e+02 2.950609943504518551e-01
2.870000000000000000e+02 3.115771296340091867e-01
2.880000000000000000e+02 3.279950697403540838e-01
2.890000000000000000e+02 3.443512253233219078e-01
2.900000000000000000e+02 3.605558426625651847e-01
2.910000000000000000e+02 3.767204606266276179e-01
2.920000000000000000e+02 3.927484095756835214e-01
2.930000000000000000e+02 4.086568642789999428e-01
2.940000000000000000e+02 4.244834223804447859e-01
2.950000000000000568e+02 4.401634872105444352e-01
2.960000000000000000e+02 4.557001426145704248e-01
2.970000000000000000e+02 4.711157744976520734e-01
2.980000000000000000e+02 4.863809012660869069e-01
2.990000000000000000e+02 5.015393079090376682e-01
3.000000000000000000e+02 5.165050700598942113e-01
3.010000000000000000e+02 5.313317795152661116e-01
3.020000000000000000e+02 5.460103063939989454e-01
3.030000000000000000e+02 5.604984948820497248e-01
3.040000000000000568e+02 5.748331289730695959e-01
3.050000000000000000e+02 5.890408614519385688e-01
3.060000000000000000e+02 6.029891690056151665e-01
3.070000000000000000e+02 6.168114841596868958e-01
3.080000000000000000e+02 6.304092892706564255e-01
3.090000000000000000e+02 6.438492267522287760e-01
3.100000000000000000e+02 6.570843346827895948e-01
3.110000000000000000e+02 6.701373089818337681e-01
3.119999999999999432e+02 6.829446177459536083e-01
3.130000000000000000e+02 6.955860037191392564e-01
3.140000000000000000e+02 7.079872228150425606e-01
3.150000000000000000e+02 7.202038693858221485e-01
3.160000000000000000e+02 7.321606041293653444e-01
3.170000000000000568e+02 7.439228626633554997e-01
3.180000000000000568e+02 7.554808137422297509e-01
3.190000000000000000e+02 7.667489546255508159e-01
3.200000000000000000e+02 7.778461776419843821e-01
3.210000000000000000e+02 7.886714492829643985e-01
3.220000000000000000e+02 7.992444513640534209e-01
3.230000000000000000e+02 8.096152324189190841e-01
3.240000000000000000e+02 8.197281912229689160e-01
3.250000000000000000e+02 8.296019369907638996e-01
3.260000000000000568e+02 8.392388051203411026e-01
3.270000000000000000e+02 8.485519807341248555e-01
3.280000000000000000e+02 8.576308374787308120e-01
3.290000000000000000e+02 8.664755372559075353e-01
3.300000000000000000e+02 8.750487329542584458e-01
3.310000000000000000e+02 8.833494240350218130e-01
3.320000000000000000e+02 8.913994383950661904e-01
3.330000000000000000e+02 8.991808287969472735e-01
3.340000000000000000e+02 9.066851813389000814e-01
3.350000000000000000e+02 9.138707089053526023e-01
3.360000000000000000e+02 9.208061063063986973e-01
3.370000000000000000e+02 9.274677892908851362e-01
3.380000000000000000e+02 9.338531460670510542e-01
3.390000000000000000e+02 9.399504899749071551e-01
3.400000000000000568e+02 9.457612995490991548e-01
3.410000000000000000e+02 9.512863872589273351e-01
3.420000000000000000e+02 9.564656971000830010e-01
3.430000000000000000e+02 9.614570152146524329e-01
3.440000000000000000e+02 9.660914701011361627e-01
3.450000000000000000e+02 9.704498638074654515e-01
3.460000000000000000e+02 9.744802386954840578e-01
3.470000000000000000e+02 9.783087882273013847e-01
3.480000000000000000e+02 9.817257717002517703e-01
3.490000000000000568e+02 9.849233719101527784e-01
3.500000000000000000e+02 9.877729576962415159e-01
3.510000000000000000e+02 9.903256411291118111e-01
3.520000000000000000e+02 9.926432402949375566e-01
3.530000000000000000e+02 9.945189622674663887e-01
3.540000000000000000e+02 9.961854094967854678e-01
3.550000000000000000e+02 9.975485862820725469e-01
3.560000000000000000e+02 9.986481612203238489e-01
3.569999999999999432e+02 9.993509938952264138e-01
3.580000000000000000e+02 9.997774598213943209e-01
3.590000000000000000e+02 1.000000000000000000e+00
3.600000000000000000e+02 9.997688474316113183e-01
