0.000000000000000000e+00 1.000000000000000000e+00
1.000000000000000000e+00 9.998041657907948965e-01
2.000000000000000000e+00 9.993037820032889540e-01
3.000000000000000000e+00 9.984990010602695643e-01
4.000000000000000000e+00 9.973900681042529026e-01
5.000000000000000000e+00 9.959773209257750670e-01
6.000000000000000000e+00 9.942611898773416890e-01
7.000000000000000000e+00 9.922421976920451359e-01
8.000000000000000000e+00 9.899209593922121408e-01
9.000000000000000000e+00 9.872981820449178159e-01
1.000000000000000000e+01 9.843746645813596929e-01
1.100000000000000000e+01 9.811512975381083690e-01
1.200000000000000000e+01 9.776290627862773697e-01
1.300000000000000178e+01 9.738090332344212507e-01
1.400000000000000000e+01 9.696923725080026646e-01
1.500000000000000000e+01 9.652803345991654016e-01
1.600000000000000000e+01 9.605742634479849107e-01
1.700000000000000355e+01 9.555755925833580022e-01
1.800000000000000000e+01 9.502858446635946699e-01
1.900000000000000355e+01 9.447066309929325056e-01
2.000000000000000000e+01 9.388396510776337855e-01
2.100000000000000000e+01 9.326866920612116862e-01
2.200000000000000000e+01 9.262496281943013443e-01
2.300000000000000000e+01 9.195304202971842367e-01
2.400000000000000000e+01 9.125311151096286988e-01
2.500000000000000000e+01 9.052538447043473324e-01
2.600000000000000355e+01 8.977008258191248036e-01
2.700000000000000000e+01 8.898743591978919287e-01
2.800000000000000000e+01 8.817768288688923040e-01
2.900000000000000355e+01 8.734107014398269087e-01
3.000000000000000000e+01 8.647785253348367895e-01
3.100000000000000000e+01 8.558829300186779898e-01
3.200000000000000000e+01 8.467266251957943357e-01
3.300000000000000000e+01 8.373123999832271513e-01
3.400000000000000711e+01 8.276431220824816970e-01
3.500000000000000000e+01 8.177217368717422108e-01
3.600000000000000000e+01 8.075512665307510440e-01
3.700000000000000000e+01 7.971348091144428993e-01
3.800000000000000711e+01 7.864755376124366038e-01
3.899999999999999289e+01 7.755766989793381194e-01
4.000000000000000000e+01 7.644416131429779826e-01
4.100000000000000000e+01 7.530736720061518286e-01
4.200000000000000000e+01 7.414763383978529854e-01
4.300000000000000000e+01 7.296531450318285428e-01
4.400000000000000000e+01 7.176076934195494417e-01
4.500000000000000000e+01 7.053436527831599134e-01
4.600000000000000000e+01 6.928647589313468025e-01
4.700000000000000000e+01 6.801748131342961745e-01
4.800000000000000000e+01 6.672776809459645131e-01
4.899999999999999289e+01 6.541772910409697772e-01
5.000000000000000000e+01 6.408776340234079161e-01
5.100000000000000000e+01 6.273827611975637542e-01
5.200000000000000711e+01 6.136967833519068050e-01
5.300000000000000000e+01 5.998238694835371643e-01
5.400000000000000000e+01 5.857682455681665346e-01
5.500000000000000711e+01 5.715341932327286933e-01
5.600000000000000000e+01 5.571260484834855697e-01
5.700000000000000711e+01 5.425482003773354212e-01
5.800000000000000711e+01 5.278050896815967841e-01
5.900000000000000711e+01 5.129012075396786052e-01
6.000000000000000000e+01 4.978410940943159835e-01
6.099999999999999289e+01 4.826293371205948590e-01
6.200000000000000000e+01 4.672705706246944035e-01
6.299999999999999289e+01 4.517694734506926268e-01
6.400000000000000000e+01 4.361307678583755121e-01
6.500000000000000000e+01 4.203592180992030136e-01
6.600000000000000000e+01 4.044596289815476919e-01
6.700000000000000000e+01 3.884368444304136525e-01
6.800000000000001421e+01 3.722957460259298523e-01
6.900000000000000000e+01 3.560412515635511532e-01
7.000000000000000000e+01 3.396783135866391357e-01
7.100000000000000000e+01 3.232119179388940888e-01
7.200000000000000000e+01 3.066470823180121319e-01
7.300000000000000000e+01 2.899888548450285097e-01
7.400000000000000000e+01 2.732423126732295704e-01
7.500000000000000000e+01 2.564125606294270221e-01
7.600000000000001421e+01 2.395047299336018898e-01
7.700000000000000000e+01 2.225239770532994876e-01
7.799999999999998579e+01 2.054754827381757021e-01
7.900000000000000000e+01 1.883644514016388494e-01
8.000000000000000000e+01 1.711961110569467648e-01
8.100000000000000000e+01 1.539757143018571361e-01
8.200000000000000000e+01 1.367085412413899526e-01
8.300000000000000000e+01 1.193999063653137377e-01
8.400000000000000000e+01 1.020551740997257401e-01
8.500000000000001421e+01 8.467979554121515817e-02
8.600000000000000000e+01 6.727940480830058023e-02
8.700000000000000000e+01 4.986012098570511558e-02
8.800000000000000000e+01 3.242982965681660140e-02
8.900000000000000000e+01 1.500841069711162171e-02
9.000000000000000000e+01 2.777440649765621460e-03
9.100000000000000000e+01 1.998359935319110950e-02
9.200000000000000000e+01 3.741210299331469008e-02
9.300000000000001421e+01 5.484030507816149702e-02
9.400000000000000000e+01 7.225486991441806839e-02
9.500000000000000000e+01 8.964870535760555148e-02
9.600000000000000000e+01 1.070158889396943813e-01
9.700000000000000000e+01 1.243508556184738101e-01
9.799999999999998579e+01 1.416481850655101349e-01
9.900000000000001421e+01 1.589025295725615128e-01
1.000000000000000000e+02 1.761085855500690300e-01
1.010000000000000000e+02 1.932610812294134062e-01
1.020000000000000000e+02 2.103547712273725334e-01
1.030000000000000142e+02 2.273844343180415895e-01
1.040000000000000142e+02 2.443448728154206662e-01
1.050000000000000000e+02 2.612309128275456804e-01
1.060000000000000000e+02 2.780374049969774886e-01
1.070000000000000000e+02 2.947592255200343625e-01
1.080000000000000000e+02 3.113912773471816942e-01
1.089999999999999858e+02 3.279284914824260877e-01
1.100000000000000142e+02 3.443658283552272215e-01
1.110000000000000000e+02 3.606982792231966939e-01
1.120000000000000000e+02 3.769208676139315095e-01
1.130000000000000000e+02 3.930286507662889561e-01
1.140000000000000142e+02 4.090167210920734875e-01
1.149999999999999858e+02 4.248802076197282229e-01
1.160000000000000142e+02 4.406142774578665766e-01
1.170000000000000000e+02 4.562141372429078801e-01
1.180000000000000142e+02 4.716750345796799082e-01
1.190000000000000000e+02 4.869922594710273112e-01
1.200000000000000000e+02 5.021611457434239645e-01
1.210000000000000142e+02 5.171770724656339357e-01
1.219999999999999858e+02 5.320354653268604128e-01
1.230000000000000000e+02 5.467317980565373770e-01
1.240000000000000000e+02 5.612615937711499248e-01
1.250000000000000142e+02 5.756204263413434719e-01
1.259999999999999858e+02 5.898039217378338028e-01
1.270000000000000142e+02 6.038077593645478913e-01
1.280000000000000000e+02 6.176276733688076392e-01
1.290000000000000000e+02 6.312594539315441455e-01
1.300000000000000000e+02 6.446989485577128143e-01
1.310000000000000000e+02 6.579420633362762505e-01
1.320000000000000000e+02 6.709847641892201509e-01
1.330000000000000000e+02 6.838230780862365465e-01
1.340000000000000000e+02 6.964530942749143083e-01
1.350000000000000000e+02 7.088709654476851307e-01
1.360000000000000284e+02 7.210729089356805455e-01
1.370000000000000000e+02 7.330552078491506807e-01
1.380000000000000000e+02 7.448142121973374552e-01
1.390000000000000000e+02 7.563463400191635655e-01
1.400000000000000000e+02 7.676480784748662689e-01
1.410000000000000000e+02 7.787159848940391482e-01
1.420000000000000000e+02 7.895466878417184420e-01
1.430000000000000000e+02 8.001368881453891913e-01
1.440000000000000000e+02 8.104833598898553149e-01
1.450000000000000000e+02 8.205829514076463660e-01
1.460000000000000000e+02 8.304325862327593955e-01
1.470000000000000000e+02 8.400292640428955737e-01
1.480000000000000000e+02 8.493700615657114872e-01
1.490000000000000000e+02 8.584521334823101979e-01
1.500000000000000000e+02 8.672727132834538999e-01
1.510000000000000000e+02 8.758291141081008258e-01
1.520000000000000284e+02 8.841187295849001204e-01
1.530000000000000000e+02 8.921390345890474194e-01
1.540000000000000000e+02 8.998875860356184697e-01
1.550000000000000000e+02 9.073620236373146630e-01
1.559999999999999716e+02 9.145600705808154540e-01
1.570000000000000000e+02 9.214795342614517937e-01
1.580000000000000000e+02 9.281183069374771000e-01
1.590000000000000284e+02 9.344743663476248186e-01
1.600000000000000000e+02 9.405457763719532460e-01
1.610000000000000000e+02 9.463306875885871827e-01
1.620000000000000000e+02 9.518273378513472105e-01
1.630000000000000284e+02 9.570340528117857737e-01
1.640000000000000000e+02 9.619492464441231627e-01
1.650000000000000000e+02 9.665714215384428876e-01
1.660000000000000000e+02 9.708991701064773050e-01
1.670000000000000000e+02 9.749311738883167378e-01
1.680000000000000000e+02 9.786662046735991050e-01
1.690000000000000000e+02 9.821031247406546427e-01
1.700000000000000284e+02 9.852408871638183019e-01
1.710000000000000000e+02 9.880785361361243968e-01
1.720000000000000000e+02 9.906152072971446954e-01
1.730000000000000000e+02 9.928501279343610042e-01
1.740000000000000000e+02 9.947826172668243760e-01
1.750000000000000000e+02 9.964120866400719700e-01
1.760000000000000000e+02 9.977380397024749881e-01
1.770000000000000000e+02 9.987600725488576803e-01
1.780000000000000000e+02 9.994778738550285091e-01
1.790000000000000000e+02 9.998912249739704272e-01
1.800000000000000000e+02 1.000000000000000000e+00
1.810000000000000000e+02 9.998041657907948965e-01
1.820000000000000000e+02 9.993037820032889540e-01
1.830000000000000000e+02 9.984990010602695643e-01
1.840000000000000000e+02 9.973900681042529026e-01
1.849999999999999716e+02 9.959773209257750670e-01
1.860000000000000284e+02 9.942611898773416890e-01
1.870000000000000284e+02 9.922421976920255959e-01
1.880000000000000000e+02 9.899209593915246908e-01
1.890000000000000000e+02 9.872981820449178159e-01
1.900000000000000000e+02 9.843746645813596929e-01
1.910000000000000000e+02 9.811512975381083690e-01
1.920000000000000000e+02 9.776290627806478728e-01
1.930000000000000000e+02 9.738090332344212507e-01
1.940000000000000000e+02 9.696923725080026646e-01
1.950000000000000284e+02 9.652803345991654016e-01
1.959999999999999716e+02 9.605742634479849107e-01
1.970000000000000284e+02 9.555755925833580022e-01
1.980000000000000284e+02 9.502858446637861833e-01
1.990000000000000000e+02 9.447066309960541197e-01
2.000000000000000000e+02 9.388396510776337855e-01
2.010000000000000000e+02 9.326866920612116862e-01
2.020000000000000000e+02 9.262496281943013443e-01
2.030000000000000000e+02 9.195304202971842367e-01
2.040000000000000000e+02 9.125311151096286988e-01
2.050000000000000000e+02 9.052538447026995394e-01
2.060000000000000284e+02 8.977008258184067113e-01
2.069999999999999716e+02 8.898743591978919287e-01
2.080000000000000284e+02 8.817768288693913492e-01
2.090000000000000284e+02 8.734107014398058144e-01
2.100000000000000000e+02 8.647785253343223122e-01
2.110000000000000000e+02 8.558829300186779898e-01
2.120000000000000000e+02 8.467266251937988208e-01
2.130000000000000000e+02 8.373123999832271513e-01
2.140000000000000000e+02 8.276431220861112381e-01
2.150000000000000000e+02 8.177217368717422108e-01
2.160000000000000000e+02 8.075512665325944583e-01
2.170000000000000284e+02 7.971348091144428993e-01
2.179999999999999716e+02 7.864755376127074982e-01
2.190000000000000284e+02 7.755766989800603195e-01
2.200000000000000284e+02 7.644416131429779826e-01
2.210000000000000000e+02 7.530736720090208669e-01
2.220000000000000000e+02 7.414763383978529854e-01
2.230000000000000000e+02 7.296531450306545930e-01
2.240000000000000000e+02 7.176076934176577327e-01
2.250000000000000000e+02 7.053436527833869540e-01
2.260000000000000000e+02 6.928647589313468025e-01
2.270000000000000000e+02 6.801748131345166648e-01
2.280000000000000284e+02 6.672776809430636114e-01
2.290000000000000000e+02 6.541772910409697772e-01
2.299999999999999716e+02 6.408776340236449487e-01
2.309999999999999716e+02 6.273827611986015906e-01
2.320000000000000284e+02 6.136967833489714863e-01
2.330000000000000000e+02 5.998238694850855923e-01
2.340000000000000000e+02 5.857682455684176670e-01
2.350000000000000000e+02 5.715341932323056984e-01
2.360000000000000284e+02 5.571260484831014326e-01
2.370000000000000000e+02 5.425482003757212679e-01
2.380000000000000000e+02 5.278050896815668080e-01
2.390000000000000000e+02 5.129012075383573288e-01
2.400000000000000000e+02 4.978410940939248519e-01
2.410000000000000284e+02 4.826293371182722725e-01
2.420000000000000284e+02 4.672705706248356794e-01
2.430000000000000284e+02 4.517694734495890097e-01
2.439999999999999716e+02 4.361307678579003366e-01
2.450000000000000000e+02 4.203592180979536241e-01
2.460000000000000000e+02 4.044596289829309743e-01
2.470000000000000000e+02 3.884368444297040535e-01
2.480000000000000000e+02 3.722957460265841623e-01
2.490000000000000000e+02 3.560412515649649112e-01
2.500000000000000284e+02 3.396783135865831804e-01
2.510000000000000284e+02 3.232119179386313546e-01
2.519999999999999716e+02 3.066470823164492154e-01
2.529999999999999716e+02 2.899888548442239311e-01
2.540000000000000284e+02 2.732423126740720631e-01
2.550000000000000000e+02 2.564125606285009851e-01
2.560000000000000000e+02 2.395047299327890955e-01
2.570000000000000000e+02 2.225239770528858463e-01
2.580000000000000000e+02 2.054754827391628291e-01
2.590000000000000568e+02 1.883644514011842408e-01
2.600000000000000000e+02 1.711961110569236721e-01
2.610000000000000000e+02 1.539757143015788865e-01
2.620000000000000000e+02 1.367085412414461021e-01
2.630000000000000000e+02 1.193999063653326531e-01
2.640000000000000000e+02 1.020551740994913442e-01
2.650000000000000000e+02 8.467979554141659426e-02
2.660000000000000000e+02 6.727940480854097127e-02
2.669999999999999432e+02 4.986012098573560508e-02
2.680000000000000000e+02 3.242982965678069956e-02
2.690000000000000000e+02 1.500841069707811726e-02
2.700000000000000000e+02 2.777440649765565081e-03
2.710000000000000000e+02 1.998359935318090239e-02
2.720000000000000568e+02 3.741210299333892070e-02
2.730000000000000568e+02 5.484030507827983986e-02
2.740000000000000000e+02 7.225486991429529160e-02
2.750000000000000000e+02 8.964870535778961258e-02
2.760000000000000000e+02 1.070158889395930596e-01
2.770000000000000000e+02 1.243508556189581726e-01
2.780000000000000000e+02 1.416481850654097152e-01
2.790000000000000000e+02 1.589025295728213882e-01
2.800000000000000000e+02 1.761085855499922859e-01
2.810000000000000568e+02 1.932610812293121538e-01
2.820000000000000000e+02 2.103547712275357640e-01
2.830000000000000000e+02 2.273844343173916094e-01
2.840000000000000000e+02 2.443448728138138681e-01
2.850000000000000000e+02 2.612309128274580283e-01
2.860000000000000000e+02 2.780374049964582928e-01
2.870000000000000000e+02 2.947592255210623735e-01
2.880000000000000000e+02 3.113912773476985030e-01
2.890000000000000000e+02 3.279284914823061281e-01
2.900000000000000000e+02 3.443658283548982624e-01
2.910000000000000000e+02 3.606982792227908519e-01
2.920000000000000000e+02 3.769208676146164616e-01
2.930000000000000000e+02 3.930286507685102348e-01
2.940000000000000000e+02 4.090167210915894302e-01
2.950000000000000568e+02 4.248802076187765953e-01
2.960000000000000000e+02 4.406142774593151401e-01
2.970000000000000000e+02 4.562141372441537723e-01
2.980000000000000000e+02 4.716750345788111032e-01
2.990000000000000000e+02 4.869922594713617658e-01
3.000000000000000000e+02 5.021611457437704651e-01
3.010000000000000000e+02 5.171770724634037197e-01
3.020000000000000000e+02 5.320354653287722169e-01
3.030000000000000000e+02 5.467317980566652746e-01
3.040000000000000568e+02 5.612615937700834445e-01
3.050000000000000000e+02 5.756204263394686382e-01
3.060000000000000000e+02 5.898039217363068021e-01
3.070000000000000000e+02 6.038077593650084118e-01
3.080000000000000000e+02 6.176276733691922205e-01
3.090000000000000000e+02 6.312594539309939190e-01
3.100000000000000000e+02 6.446989485582715895e-01
3.110000000000000000e+02 6.579420633368520122e-01
3.119999999999999432e+02 6.709847641889288283e-01
3.130000000000000000e+02 6.838230780850420576e-01
3.140000000000000000e+02 6.964530942738269559e-01
3.150000000000000000e+02 7.088709654489289136e-01
3.160000000000000000e+02 7.210729089363246969e-01
3.170000000000000568e+02 7.330552078488924428e-01
3.180000000000000568e+02 7.448142121967638030e-01
3.190000000000000000e+02 7.563463400195853392e-01
3.200000000000000000e+02 7.676480784740552510e-01
3.210000000000000000e+02 7.787159848944001928e-01
3.220000000000000000e+02 7.895466878414426626e-01
3.230000000000000000e+02 8.001368881434918201e-01
3.240000000000000000e+02 8.104833598898553149e-01
3.250000000000000000e+02 8.205829514057281227e-01
3.260000000000000568e+02 8.304325862345063314e-01
3.270000000000000000e+02 8.400292640419916301e-01
3.280000000000000000e+02 8.493700615657114872e-01
3.290000000000000000e+02 8.584521334816003213e-01
3.300000000000000000e+02 8.672727132827384722e-01
3.310000000000000000e+02 8.758291141103786703e-01
3.320000000000000000e+02 8.841187295885105657e-01
3.330000000000000000e+02 8.921390345890474194e-01
3.340000000000000000e+02 8.998875860401533977e-01
3.350000000000000000e+02 9.073620236355546265e-01
3.360000000000000000e+02 9.145600705781907758e-01
3.370000000000000000e+02 9.214795342602871697e-01
3.380000000000000000e+02 9.281183069374771000e-01
3.390000000000000000e+02 9.344743663468736417e-01
3.400000000000000568e+02 9.405457763711608798e-01
3.410000000000000000e+02 9.463306875885871827e-01
3.420000000000000000e+02 9.518273378513472105e-01
3.430000000000000000e+02 9.570340528098518762e-01
3.440000000000000000e+02 9.619492464441231627e-01
3.450000000000000000e+02 9.665714215345354576e-01
3.460000000000000000e+02 9.708991701064773050e-01
3.470000000000000000e+02 9.749311738883167378e-01
3.480000000000000000e+02 9.786662046725811415e-01
3.490000000000000568e+02 9.821031247406546427e-01
3.500000000000000000e+02 9.852408871638183019e-01
3.510000000000000000e+02 9.880785361361243968e-01
3.520000000000000000e+02 9.906152072962660649e-01
3.530000000000000000e+02 9.928501279320768313e-01
3.540000000000000000e+02 9.947826172668243760e-01
3.550000000000000000e+02 9.964120866400719700e-01
3.560000000000000000e+02 9.977380397024749881e-01
3.569999999999999432e+02 9.987600725488576803e-01
3.580000000000000000e+02 9.994778738550285091e-01
3.590000000000000000e+02 9.998912249739704272e-01
3.600000000000000000e+02 1.000000000000000000e+00
