0.000000000000000000e+00 9.990753890477219734e-01
1.000000000000000000e+00 9.997488027408337752e-01
2.000000000000000000e+00 1.000000000000000000e+00
3.000000000000000000e+00 9.998296959816637131e-01
4.000000000000000000e+00 9.994839218699000938e-01
5.000000000000000000e+00 9.989054705089324138e-01
6.000000000000000000e+00 9.979078824989721097e-01
7.000000000000000000e+00 9.965721861863579001e-01
8.000000000000000000e+00 9.951021402544122374e-01
9.000000000000000000e+00 9.931830089548170371e-01
1.000000000000000000e+01 9.910969529944644307e-01
1.100000000000000000e+01 9.884662111602865453e-01
1.200000000000000000e+01 9.857510980582611104e-01
1.300000000000000178e+01 9.827147722401290419e-01
1.400000000000000000e+01 9.792857522694005112e-01
1.500000000000000000e+01 9.756148697655078195e-01
1.600000000000000000e+01 9.716441872366630150e-01
1.700000000000000355e+01 9.673895780425321167e-01
1.800000000000000000e+01 9.628066878774435011e-01
1.900000000000000355e+01 9.579648258925750337e-01
2.000000000000000000e+01 9.528158903355630205e-01
2.100000000000000000e+01 9.474006400529179084e-01
2.200000000000000000e+01 9.416837557593402686e-01
2.300000000000000000e+01 9.356261937363627990e-01
2.400000000000000000e+01 9.292923855350265772e-01
2.500000000000000000e+01 9.227991817810013986e-01
2.600000000000000355e+01 9.158566309650555404e-01
2.700000000000000000e+01 9.087227456608155673e-01
2.800000000000000000e+01 9.012991387837844259e-01
2.900000000000000355e+01 8.936271390031240713e-01
3.000000000000000000e+01 8.856872566088255239e-01
3.100000000000000000e+01 8.773603102571594370e-01
3.200000000000000000e+01 8.689180739662399899e-01
3.300000000000000000e+01 8.601367339483331209e-01
3.400000000000000711e+01 8.510995101288886255e-01
3.500000000000000000e+01 8.418167594262310205e-01
3.600000000000000000e+01 8.322721130429345804e-01
3.700000000000000000e+01 8.225215836887707077e-01
3.800000000000000711e+01 8.124091656600387346e-01
3.899999999999999289e+01 8.020799215208921362e-01
4.000000000000000000e+01 7.915964820597236606e-01
4.100000000000000000e+01 7.808014074875437860e-01
4.200000000000000000e+01 7.697958130173123692e-01
4.300000000000000000e+01 7.586099748727732628e-01
4.400000000000000000e+01 7.471054338189357935e-01
4.500000000000000000e+01 7.353700278988165584e-01
4.600000000000000000e+01 7.234327391147055142e-01
4.700000000000000000e+01 7.112511223360870050e-01
4.800000000000000000e+01 6.988842192517316088e-01
4.899999999999999289e+01 6.863502452158930511e-01
5.000000000000000000e+01 6.735216427254656635e-01
5.100000000000000000e+01 6.605658140550056956e-01
5.200000000000000711e+01 6.473750085004350563e-01
5.300000000000000000e+01 6.339676590492389074e-01
5.400000000000000000e+01 6.203545946690732782e-01
5.500000000000000711e+01 6.065545352071196605e-01
5.600000000000000000e+01 5.926259893244519850e-01
5.700000000000000711e+01 5.784822793251421791e-01
5.800000000000000711e+01 5.641609078235064745e-01
5.900000000000000711e+01 5.497125694405188279e-01
6.000000000000000000e+01 5.350023875004651375e-01
6.099999999999999289e+01 5.202355513510503737e-01
6.200000000000000000e+01 5.052595602731542179e-01
6.299999999999999289e+01 4.901294611304967686e-01
6.400000000000000000e+01 4.748563873695973991e-01
6.500000000000000000e+01 4.594467055847058501e-01
6.600000000000000000e+01 4.438593653698895136e-01
6.700000000000000000e+01 4.282034664536645829e-01
6.800000000000001421e+01 4.123715508656889961e-01
6.900000000000000000e+01 3.964585664682288013e-01
7.000000000000000000e+01 3.803845688659637236e-01
7.100000000000000000e+01 3.642009072207486042e-01
7.200000000000000000e+01 3.479333353617799496e-01
7.300000000000000000e+01 3.315509232529018080e-01
7.400000000000000000e+01 3.150283238964095567e-01
7.500000000000000000e+01 2.984837625527454463e-01
7.600000000000001421e+01 2.818133930936618792e-01
7.700000000000000000e+01 2.650679399125274727e-01
7.799999999999998579e+01 2.482538917983470872e-01
7.900000000000000000e+01 2.313796831371813523e-01
8.000000000000000000e+01 2.144355922227041134e-01
8.100000000000000000e+01 1.974283602808385718e-01
8.200000000000000000e+01 1.803912961344970589e-01
8.300000000000000000e+01 1.633163848787353156e-01
8.400000000000000000e+01 1.462204577963071572e-01
8.500000000000001421e+01 1.291136793462877297e-01
8.600000000000000000e+01 1.120349561585724796e-01
8.700000000000000000e+01 9.500811556519711543e-02
8.800000000000000000e+01 7.809811940430337607e-02
8.900000000000000000e+01 6.143205966107664201e-02
9.000000000000000000e+01 4.531254477786012674e-02
9.100000000000000000e+01 3.064868914869692609e-02
9.200000000000000000e+01 2.082605177379893632e-02
9.300000000000001421e+01 2.316815312353522407e-02
9.400000000000000000e+01 3.534014884864110362e-02
9.500000000000000000e+01 5.067881296787940526e-02
9.600000000000000000e+01 6.704188405716308974e-02
9.700000000000000000e+01 8.380543413902259708e-02
9.799999999999998579e+01 1.007825513868374212e-01
9.900000000000001421e+01 1.178327815512351107e-01
1.000000000000000000e+02 1.349197104212190579e-01
1.010000000000000000e+02 1.520058902638339315e-01
1.020000000000000000e+02 1.691063550917366043e-01
1.030000000000000142e+02 1.861879858180472969e-01
1.040000000000000142e+02 2.032107392568058279e-01
1.050000000000000000e+02 2.201865032316280835e-01
1.060000000000000000e+02 2.371228203556160763e-01
1.070000000000000000e+02 2.539626238953615611e-01
1.080000000000000000e+02 2.707555074716968546e-01
1.089999999999999858e+02 2.874792761705686206e-01
1.100000000000000142e+02 3.040961327076178167e-01
1.110000000000000000e+02 3.206657921300704595e-01
1.120000000000000000e+02 3.371058424355024563e-01
1.130000000000000000e+02 3.534545593696200028e-01
1.140000000000000142e+02 3.696760491655156633e-01
1.149999999999999858e+02 3.858351323489213613e-01
1.160000000000000142e+02 4.018519444001353857e-01
1.170000000000000000e+02 4.177562202385693979e-01
1.180000000000000142e+02 4.335029743865267959e-01
1.190000000000000000e+02 4.491785768711982763e-01
1.200000000000000000e+02 4.646850991199042991e-01
1.210000000000000142e+02 4.800390863164408772e-01
1.219999999999999858e+02 4.952947559060766891e-01
1.230000000000000000e+02 5.103384631862868392e-01
1.240000000000000000e+02 5.252951739349790428e-01
1.250000000000000142e+02 5.400255066867709619e-01
1.259999999999999858e+02 5.546020635260484610e-01
1.270000000000000142e+02 5.690764794621394618e-01
1.280000000000000000e+02 5.833107276517504047e-01
1.290000000000000000e+02 5.974066152962825837e-01
1.300000000000000000e+02 6.112314720123538381e-01
1.310000000000000000e+02 6.249710085202245802e-01
1.320000000000000000e+02 6.384950429131899252e-01
1.330000000000000000e+02 6.518533216253099560e-01
1.340000000000000000e+02 6.649192091950252292e-01
1.350000000000000000e+02 6.779419643096484815e-01
1.360000000000000284e+02 6.906652072420513822e-01
1.370000000000000000e+02 7.030950346472207846e-01
1.380000000000000000e+02 7.154691970073183693e-01
1.390000000000000000e+02 7.275127188239945975e-01
1.400000000000000000e+02 7.393645846054403004e-01
1.410000000000000000e+02 7.510177499290175973e-01
1.420000000000000000e+02 7.624233647540920034e-01
1.430000000000000000e+02 7.735658470902180284e-01
1.440000000000000000e+02 7.845130023678356102e-01
1.450000000000000000e+02 7.951953938574294334e-01
1.460000000000000000e+02 8.056121287839471679e-01
1.470000000000000000e+02 8.158503634484337574e-01
1.480000000000000000e+02 8.258205846996575783e-01
1.490000000000000000e+02 8.355478016404200847e-01
1.500000000000000000e+02 8.450453551095173932e-01
1.510000000000000000e+02 8.541749580110405971e-01
1.520000000000000284e+02 8.630988264069614502e-01
1.530000000000000000e+02 8.718003716367884737e-01
1.540000000000000000e+02 8.802349520831608265e-01
1.550000000000000000e+02 8.884063346631424496e-01
1.559999999999999716e+02 8.963033383215432970e-01
1.570000000000000000e+02 9.039148732461654845e-01
1.580000000000000000e+02 9.111356338559649659e-01
1.590000000000000284e+02 9.181765932601542168e-01
1.600000000000000000e+02 9.249441793709615167e-01
1.610000000000000000e+02 9.314719111054871048e-01
1.620000000000000000e+02 9.376764209047834253e-01
1.630000000000000284e+02 9.435826773592288497e-01
1.640000000000000000e+02 9.492535504456051099e-01
1.650000000000000000e+02 9.545285717029442507e-01
1.660000000000000000e+02 9.595991523413375246e-01
1.670000000000000000e+02 9.643841251499780665e-01
1.680000000000000000e+02 9.688752377302960461e-01
1.690000000000000000e+02 9.729650532995166579e-01
1.700000000000000284e+02 9.768643740305547052e-01
1.710000000000000000e+02 9.804461347925457204e-01
1.720000000000000000e+02 9.837590872374186723e-01
1.730000000000000000e+02 9.867281650770272083e-01
1.740000000000000000e+02 9.894283828767654887e-01
1.750000000000000000e+02 9.917167980465223520e-01
1.760000000000000000e+02 9.938337755004723606e-01
1.770000000000000000e+02 9.956227665445310793e-01
1.780000000000000000e+02 9.970942666634421414e-01
1.790000000000000000e+02 9.982023808373647888e-01
1.800000000000000000e+02 9.990753890477219734e-01
1.810000000000000000e+02 9.997488027408337752e-01
1.820000000000000000e+02 1.000000000000000000e+00
1.830000000000000000e+02 9.998296959816637131e-01
1.840000000000000000e+02 9.994839218699000938e-01
1.849999999999999716e+02 9.989054705089324138e-01
1.860000000000000284e+02 9.979078824989721097e-01
1.870000000000000284e+02 9.966032851897176359e-01
1.880000000000000000e+02 9.950622869632909095e-01
1.890000000000000000e+02 9.931830089548170371e-01
1.900000000000000000e+02 9.910969529944644307e-01
1.910000000000000000e+02 9.884662111602865453e-01
1.920000000000000000e+02 9.858405550533346773e-01
1.930000000000000000e+02 9.827147722401290419e-01
1.940000000000000000e+02 9.792857522694005112e-01
1.950000000000000284e+02 9.756148697655078195e-01
1.959999999999999716e+02 9.716441872366630150e-01
1.970000000000000284e+02 9.673895780425321167e-01
1.980000000000000284e+02 9.628203981558447477e-01
1.990000000000000000e+02 9.579535406491637151e-01
2.000000000000000000e+02 9.528158903355630205e-01
2.010000000000000000e+02 9.474006400529179084e-01
2.020000000000000000e+02 9.416837557593402686e-01
2.030000000000000000e+02 9.356261937363627990e-01
2.040000000000000000e+02 9.292923855350265772e-01
2.050000000000000000e+02 9.227338902226788209e-01
2.060000000000000284e+02 9.158834607380028636e-01
2.069999999999999716e+02 9.087227456608155673e-01
2.080000000000000284e+02 9.013016141420694405e-01
2.090000000000000284e+02 8.936645454256029186e-01
2.100000000000000000e+02 8.856431162653820577e-01
2.110000000000000000e+02 8.773603102571594370e-01
2.120000000000000000e+02 8.689030242005959526e-01
2.130000000000000000e+02 8.601367339483331209e-01
2.140000000000000000e+02 8.511058641700914862e-01
2.150000000000000000e+02 8.418167594262310205e-01
2.160000000000000000e+02 8.322241712587339357e-01
2.170000000000000284e+02 8.225215836887707077e-01
2.179999999999999716e+02 8.123994663857910803e-01
2.190000000000000284e+02 8.020826840281187753e-01
2.200000000000000284e+02 7.915964820597236606e-01
2.210000000000000000e+02 7.808531476344764410e-01
2.220000000000000000e+02 7.697958130173123692e-01
2.230000000000000000e+02 7.585706877877528287e-01
2.240000000000000000e+02 7.470800534103031465e-01
2.250000000000000000e+02 7.353512997860320866e-01
2.260000000000000000e+02 7.234327391147055142e-01
2.270000000000000000e+02 7.112581464946770016e-01
2.280000000000000284e+02 6.988649338317044490e-01
2.290000000000000000e+02 6.863502452158930511e-01
2.299999999999999716e+02 6.735311531992875800e-01
2.309999999999999716e+02 6.605166009134652016e-01
2.320000000000000284e+02 6.473922838247565537e-01
2.330000000000000000e+02 6.339451891511452830e-01
2.340000000000000000e+02 6.203826622448818107e-01
2.350000000000000000e+02 6.065734262817151778e-01
2.360000000000000284e+02 5.926321520045193525e-01
2.370000000000000000e+02 5.784968808469860280e-01
2.380000000000000000e+02 5.641631286330635042e-01
2.390000000000000000e+02 5.497205042957947763e-01
2.400000000000000000e+02 5.350436619682416017e-01
2.410000000000000284e+02 5.202323648907917208e-01
2.420000000000000284e+02 5.052609628559205923e-01
2.430000000000000284e+02 4.901369715534944493e-01
2.439999999999999716e+02 4.748355595495668546e-01
2.450000000000000000e+02 4.594251171790809107e-01
2.460000000000000000e+02 4.438937378643240117e-01
2.470000000000000000e+02 4.282277288898462264e-01
2.480000000000000000e+02 4.123780019717238066e-01
2.490000000000000000e+02 3.964553613696910617e-01
2.500000000000000284e+02 3.803659778876462005e-01
2.510000000000000284e+02 3.642211896276528749e-01
2.519999999999999716e+02 3.479266469749197066e-01
2.529999999999999716e+02 3.315543526863682366e-01
2.540000000000000284e+02 3.150584580336521223e-01
2.550000000000000000e+02 2.984910813803306473e-01
2.560000000000000000e+02 2.818041604921781573e-01
2.570000000000000000e+02 2.650780376159688201e-01
2.580000000000000000e+02 2.482489117949721602e-01
2.590000000000000568e+02 2.313858232717251606e-01
2.600000000000000000e+02 2.144414344214812529e-01
2.610000000000000000e+02 1.974372901154373139e-01
2.620000000000000000e+02 1.804017495795231796e-01
2.630000000000000000e+02 1.633176159779259617e-01
2.640000000000000000e+02 1.462240214604351440e-01
2.650000000000000000e+02 1.291183988710465635e-01
2.660000000000000000e+02 1.120433306948656615e-01
2.669999999999999432e+02 9.500746266174427135e-02
2.680000000000000000e+02 7.809780690195207431e-02
2.690000000000000000e+02 6.143242167992726821e-02
2.700000000000000000e+02 4.531254427463324991e-02
2.710000000000000000e+02 3.064910536014254713e-02
2.720000000000000568e+02 2.082428324531828551e-02
2.730000000000000568e+02 2.317030894292249413e-02
2.740000000000000000e+02 3.533018809806002386e-02
2.750000000000000000e+02 5.068226347073095939e-02
2.760000000000000000e+02 6.703804113918958307e-02
2.770000000000000000e+02 8.381253433141555576e-02
2.780000000000000000e+02 1.007617859663189480e-01
2.790000000000000000e+02 1.178167337736047149e-01
2.800000000000000000e+02 1.349100128672566512e-01
2.810000000000000568e+02 1.520091917196076114e-01
2.820000000000000000e+02 1.691061363145452967e-01
2.830000000000000000e+02 1.861760703505361270e-01
2.840000000000000000e+02 2.031931157597865467e-01
2.850000000000000000e+02 2.201804065880073880e-01
2.860000000000000000e+02 2.371216397741303661e-01
2.870000000000000000e+02 2.539334193833115427e-01
2.880000000000000000e+02 2.707522294832558352e-01
2.890000000000000000e+02 2.874696713881077503e-01
2.900000000000000000e+02 3.041057612710141855e-01
2.910000000000000000e+02 3.206540416897152301e-01
2.920000000000000000e+02 3.371023697458490065e-01
2.930000000000000000e+02 3.534738609508893958e-01
2.940000000000000000e+02 3.696586023106595564e-01
2.950000000000000568e+02 3.858428907104591854e-01
2.960000000000000000e+02 4.018490068044071606e-01
2.970000000000000000e+02 4.177570166270437868e-01
2.980000000000000000e+02 4.335009546959944782e-01
2.990000000000000000e+02 4.492005237821282693e-01
3.000000000000000000e+02 4.646545736473669530e-01
3.010000000000000000e+02 4.800755251743291652e-01
3.020000000000000000e+02 4.952818714981203074e-01
3.030000000000000000e+02 5.103793680119770304e-01
3.040000000000000568e+02 5.252722577499899792e-01
3.050000000000000000e+02 5.400276465915058166e-01
3.060000000000000000e+02 5.546109311257436669e-01
3.070000000000000000e+02 5.690095721696898368e-01
3.080000000000000000e+02 5.833014289385397566e-01
3.090000000000000000e+02 5.973571044758472226e-01
3.100000000000000000e+02 6.112884733789020197e-01
3.110000000000000000e+02 6.250023699153063328e-01
3.119999999999999432e+02 6.384951032891426070e-01
3.130000000000000000e+02 6.518498475220477761e-01
3.140000000000000000e+02 6.649815180092337741e-01
3.150000000000000000e+02 6.779295576958466185e-01
3.160000000000000000e+02 6.906453914258302573e-01
3.170000000000000568e+02 7.031167772081439171e-01
3.180000000000000568e+02 7.154439013142962489e-01
3.190000000000000000e+02 7.275273849339533028e-01
3.200000000000000000e+02 7.393998260847802761e-01
3.210000000000000000e+02 7.510113631888695185e-01
3.220000000000000000e+02 7.624204402440899475e-01
3.230000000000000000e+02 7.735911249656678423e-01
3.240000000000000000e+02 7.845130023678356102e-01
3.250000000000000000e+02 7.952126044832356078e-01
3.260000000000000568e+02 8.056678942092669882e-01
3.270000000000000000e+02 8.158673799239417601e-01
3.280000000000000000e+02 8.258205846996575783e-01
3.290000000000000000e+02 8.355407807065662329e-01
3.300000000000000000e+02 8.450633902239976791e-01
3.310000000000000000e+02 8.541798607881870842e-01
3.320000000000000000e+02 8.631464648069736567e-01
3.330000000000000000e+02 8.718003716367884737e-01
3.340000000000000000e+02 8.802184028208350774e-01
3.350000000000000000e+02 8.883420148103889913e-01
3.360000000000000000e+02 8.962892152359370757e-01
3.370000000000000000e+02 9.038985936509696950e-01
3.380000000000000000e+02 9.111356338559649659e-01
3.390000000000000000e+02 9.181351995625534057e-01
3.400000000000000568e+02 9.249765041905881890e-01
3.410000000000000000e+02 9.314719111054871048e-01
3.420000000000000000e+02 9.376764209047834253e-01
3.430000000000000000e+02 9.435834540162865158e-01
3.440000000000000000e+02 9.492535504456051099e-01
3.450000000000000000e+02 9.545389201708731619e-01
3.460000000000000000e+02 9.595991523413375246e-01
3.470000000000000000e+02 9.643841251499780665e-01
3.480000000000000000e+02 9.688926092835039583e-01
3.490000000000000568e+02 9.729650532995166579e-01
3.500000000000000000e+02 9.768643740305547052e-01
3.510000000000000000e+02 9.804461347925457204e-01
3.520000000000000000e+02 9.837600990958758063e-01
3.530000000000000000e+02 9.867260608225898455e-01
3.540000000000000000e+02 9.894283828767654887e-01
3.550000000000000000e+02 9.917167980465223520e-01
3.560000000000000000e+02 9.938337755004723606e-01
3.569999999999999432e+02 9.956227665445310793e-01
3.580000000000000000e+02 9.970942666634421414e-01
3.590000000000000000e+02 9.982023808373647888e-01
3.600000000000000000e+02 9.990753890477219734e-01
