0.000000000000000000e+00 1.000000000000000000e+00
1.000000000000000000e+00 9.998474977878466508e-01
2.000000000000000000e+00 9.993904323421270997e-01
3.000000000000000000e+00 9.986289428894040698e-01
4.000000000000000000e+00 9.975632613867416731e-01
5.000000000000000000e+00 9.961937124510487074e-01
6.000000000000000000e+00 9.945207132601983080e-01
7.000000000000000000e+00 9.925447734259507104e-01
8.000000000000000000e+00 9.902664948387208677e-01
9.000000000000000000e+00 9.876865714842367749e-01
1.000000000000000000e+01 9.848057892321437912e-01
1.100000000000000000e+01 9.816250255966235683e-01
1.200000000000000000e+01 9.781452494690917598e-01
1.300000000000000178e+01 9.743675208230661022e-01
1.400000000000000000e+01 9.702929903912879128e-01
1.500000000000000000e+01 9.659228993151980358e-01
1.600000000000000000e+01 9.612585787668718185e-01
1.700000000000000355e+01 9.563014495435321338e-01
1.800000000000000000e+01 9.510530216347621302e-01
1.900000000000000355e+01 9.455148937625451611e-01
2.000000000000000000e+01 9.396887528942799994e-01
2.100000000000000000e+01 9.335763737289141107e-01
2.200000000000000000e+01 9.271796181563537464e-01
2.300000000000000000e+01 9.205004346903125079e-01
2.400000000000000000e+01 9.135408578747771235e-01
2.500000000000000000e+01 9.063030076642646371e-01
2.600000000000000355e+01 8.987890887780637383e-01
2.700000000000000000e+01 8.910013900286559707e-01
2.800000000000000000e+01 8.829422836245218731e-01
2.900000000000000355e+01 8.746142244475417771e-01
3.000000000000000000e+01 8.660197493052177453e-01
3.100000000000000000e+01 8.571614761579341435e-01
3.200000000000000000e+01 8.480421033215034265e-01
3.300000000000000000e+01 8.386644086452335056e-01
3.400000000000000711e+01 8.290312486657659408e-01
3.500000000000000000e+01 8.191455577369497476e-01
3.600000000000000000e+01 8.090103471360061693e-01
3.700000000000000000e+01 7.986287041462665215e-01
3.800000000000000711e+01 7.880037911167543374e-01
3.899999999999999289e+01 7.771388444989045796e-01
4.000000000000000000e+01 7.660371738607083536e-01
4.100000000000000000e+01 7.547021608785861035e-01
4.200000000000000000e+01 7.431372583072971549e-01
4.300000000000000000e+01 7.313459889281960224e-01
4.400000000000000000e+01 7.193319444761610004e-01
4.500000000000000000e+01 7.070987845455142251e-01
4.600000000000000000e+01 6.946502354752760455e-01
4.700000000000000000e+01 6.819900892140854376e-01
4.800000000000000000e+01 6.691222021651347385e-01
4.899999999999999289e+01 6.560504940114734174e-01
5.000000000000000000e+01 6.427789465220339338e-01
5.100000000000000000e+01 6.293116023387452795e-01
5.200000000000000711e+01 6.156525637451071287e-01
5.300000000000000000e+01 6.018059914165937441e-01
5.400000000000000000e+01 5.877761031532706681e-01
5.500000000000000711e+01 5.735671725950139965e-01
5.600000000000000000e+01 5.591835279197163722e-01
5.700000000000000711e+01 5.446295505248842650e-01
5.800000000000000711e+01 5.299096736930195561e-01
5.900000000000000711e+01 5.150283812411997619e-01
6.000000000000000000e+01 4.999902061552647936e-01
6.099999999999999289e+01 4.847997292090234778e-01
6.200000000000000000e+01 4.694615775689077730e-01
6.299999999999999289e+01 4.539804233844914050e-01
6.400000000000000000e+01 4.383609823653088489e-01
6.500000000000000000e+01 4.226080123444037051e-01
6.600000000000000000e+01 4.067263118290471713e-01
6.700000000000000000e+01 3.907207185390664805e-01
6.800000000000001421e+01 3.745961079332278398e-01
6.900000000000000000e+01 3.583573917241256179e-01
7.000000000000000000e+01 3.420095163820255912e-01
7.100000000000000000e+01 3.255574616281236566e-01
7.200000000000000000e+01 3.090062389176737589e-01
7.300000000000000000e+01 2.923608899134507166e-01
7.400000000000000000e+01 2.756264849500101866e-01
7.500000000000000000e+01 2.588081214892167248e-01
7.600000000000001421e+01 2.419109225675071251e-01
7.700000000000000000e+01 2.249400352353641552e-01
7.799999999999998579e+01 2.079006289894760884e-01
7.900000000000000000e+01 1.907978941980575660e-01
8.000000000000000000e+01 1.736370405198156275e-01
8.100000000000000000e+01 1.564232953170380802e-01
8.200000000000000000e+01 1.391619020632915704e-01
8.300000000000000000e+01 1.218581187462148691e-01
8.400000000000000000e+01 1.045172162658962595e-01
8.500000000000001421e+01 8.714447682933240680e-02
8.600000000000000000e+01 6.974519234148107705e-02
8.700000000000000000e+01 5.232466279348893523e-02
8.800000000000000000e+01 3.488819464903464285e-02
8.900000000000000000e+01 1.744109923333909615e-02
9.000000000000000000e+01 1.135885483708708787e-05
9.100000000000000000e+01 1.746371370601507503e-02
9.200000000000000000e+01 3.491079878833626415e-02
9.300000000000001421e+01 5.234724971395072340e-02
9.400000000000000000e+01 6.976775516290466272e-02
9.500000000000000000e+01 8.716700867886253978e-02
9.600000000000000000e+01 1.045397102801128714e-01
9.700000000000000000e+01 1.218805680732228669e-01
9.799999999999998579e+01 1.391842998648086527e-01
9.900000000000001421e+01 1.564456347704767658e-01
1.000000000000000000e+02 1.736593148203620096e-01
1.010000000000000000e+02 1.908200965607438904e-01
1.020000000000000000e+02 2.079227526512475721e-01
1.030000000000000142e+02 2.249620734571393110e-01
1.040000000000000142e+02 2.419328686362299252e-01
1.050000000000000000e+02 2.588299687199020482e-01
1.060000000000000000e+02 2.756482266877796627e-01
1.070000000000000000e+02 2.923825195355604922e-01
1.080000000000000000e+02 3.090277498355316066e-01
1.089999999999999858e+02 3.255788472892955920e-01
1.100000000000000142e+02 3.420307702722319432e-01
1.110000000000000000e+02 3.583785073692257184e-01
1.120000000000000000e+02 3.746170789011916136e-01
1.130000000000000000e+02 3.907415384419337112e-01
1.140000000000000142e+02 4.067469743248739444e-01
1.149999999999999858e+02 4.226285111391933635e-01
1.160000000000000142e+02 4.383813112149302360e-01
1.170000000000000000e+02 4.540005760965798443e-01
1.180000000000000142e+02 4.694815480047520029e-01
1.190000000000000000e+02 4.848195112854352118e-01
1.200000000000000000e+02 5.000097938464317382e-01
1.210000000000000142e+02 5.150477685805220363e-01
1.219999999999999858e+02 5.299288547749252398e-01
1.230000000000000000e+02 5.446485195066305129e-01
1.240000000000000000e+02 5.592022790231669926e-01
1.250000000000000142e+02 5.735857001084014861e-01
1.259999999999999858e+02 5.877944014329349320e-01
1.270000000000000142e+02 6.018240548887017205e-01
1.280000000000000000e+02 6.156703869073499868e-01
1.290000000000000000e+02 6.293291797620148564e-01
1.300000000000000000e+02 6.427962728520774105e-01
1.310000000000000000e+02 6.560675639705229045e-01
1.320000000000000000e+02 6.691390105535151012e-01
1.330000000000000000e+02 6.820066309117984726e-01
1.340000000000000000e+02 6.946665054435611220e-01
1.350000000000000000e+02 7.071147778283805030e-01
1.360000000000000284e+02 7.193476562018999987e-01
1.370000000000000000e+02 7.313614143108640997e-01
1.380000000000000000e+02 7.431523926481725661e-01
1.390000000000000000e+02 7.547169995676027421e-01
1.400000000000000000e+02 7.660517123778575188e-01
1.410000000000000000e+02 7.771530784156134297e-01
1.420000000000000000e+02 7.880177160972335892e-01
1.430000000000000000e+02 7.986423159488323931e-01
1.440000000000000000e+02 8.090236416143715692e-01
1.450000000000000000e+02 8.191585308414880418e-01
1.460000000000000000e+02 8.290438964447437442e-01
1.470000000000000000e+02 8.386767272460143863e-01
1.480000000000000000e+02 8.480540889917228542e-01
1.490000000000000000e+02 8.571731252466404660e-01
1.500000000000000000e+02 8.660310582639860755e-01
1.510000000000000000e+02 8.746251898315534623e-01
1.520000000000000284e+02 8.829529020936145445e-01
1.530000000000000000e+02 8.910116583483413955e-01
1.540000000000000000e+02 8.987990038205121435e-01
1.550000000000000000e+02 9.063125664092579470e-01
1.559999999999999716e+02 9.135500574106292238e-01
1.570000000000000000e+02 9.205092722147557582e-01
1.580000000000000000e+02 9.271880909773920765e-01
1.590000000000000284e+02 9.335844792656449176e-01
1.600000000000000000e+02 9.396964886776774106e-01
1.610000000000000000e+02 9.455222574362152077e-01
1.620000000000000000e+02 9.510600109556583970e-01
1.630000000000000284e+02 9.563080623826397675e-01
1.640000000000000000e+02 9.612648131098555648e-01
1.650000000000000000e+02 9.659287532630168593e-01
1.660000000000000000e+02 9.702984621607732008e-01
1.670000000000000000e+02 9.743726087474627873e-01
1.680000000000000000e+02 9.781499519985694668e-01
1.690000000000000000e+02 9.816293412987464606e-01
1.700000000000000284e+02 9.848097167923065554e-01
1.710000000000000000e+02 9.876901097060667434e-01
1.720000000000000000e+02 9.902696426444419497e-01
1.730000000000000000e+02 9.925475298567101312e-01
1.740000000000000000e+02 9.945230774763607062e-01
1.750000000000000000e+02 9.961956837324510428e-01
1.760000000000000000e+02 9.975648391329124953e-01
1.770000000000000000e+02 9.986301266197464832e-01
1.780000000000000000e+02 9.993912216960656458e-01
1.790000000000000000e+02 9.998478925249361104e-01
1.800000000000000000e+02 1.000000000000000000e+00
1.810000000000000000e+02 9.998474977878466508e-01
1.820000000000000000e+02 9.993904323421270997e-01
1.830000000000000000e+02 9.986289428894040698e-01
1.840000000000000000e+02 9.975632613867416731e-01
1.849999999999999716e+02 9.961937124510487074e-01
1.860000000000000284e+02 9.945207132601983080e-01
1.870000000000000284e+02 9.925447734259507104e-01
1.880000000000000000e+02 9.902664948387208677e-01
1.890000000000000000e+02 9.876865714842367749e-01
1.900000000000000000e+02 9.848057892321437912e-01
1.910000000000000000e+02 9.816250255966235683e-01
1.920000000000000000e+02 9.781452494690915378e-01
1.930000000000000000e+02 9.743675208230661022e-01
1.940000000000000000e+02 9.702929903912879128e-01
1.950000000000000284e+02 9.659228993151980358e-01
1.959999999999999716e+02 9.612585787668718185e-01
1.970000000000000284e+02 9.563014495435321338e-01
1.980000000000000284e+02 9.510530216347622412e-01
1.990000000000000000e+02 9.455148937625450500e-01
2.000000000000000000e+02 9.396887528942799994e-01
2.010000000000000000e+02 9.335763737289141107e-01
2.020000000000000000e+02 9.271796181563537464e-01
2.030000000000000000e+02 9.205004346903125079e-01
2.040000000000000000e+02 9.135408578747771235e-01
2.050000000000000000e+02 9.063030076642647481e-01
2.060000000000000284e+02 8.987890887780636273e-01
2.069999999999999716e+02 8.910013900286559707e-01
2.080000000000000284e+02 8.829422836245215400e-01
2.090000000000000284e+02 8.746142244475418881e-01
2.100000000000000000e+02 8.660197493052176343e-01
2.110000000000000000e+02 8.571614761579341435e-01
2.120000000000000000e+02 8.480421033215035376e-01
2.130000000000000000e+02 8.386644086452335056e-01
2.140000000000000000e+02 8.290312486657661628e-01
2.150000000000000000e+02 8.191455577369497476e-01
2.160000000000000000e+02 8.090103471360062803e-01
2.170000000000000284e+02 7.986287041462665215e-01
2.179999999999999716e+02 7.880037911167544484e-01
2.190000000000000284e+02 7.771388444989045796e-01
2.200000000000000284e+02 7.660371738607083536e-01
2.210000000000000000e+02 7.547021608785862146e-01
2.220000000000000000e+02 7.431372583072971549e-01
2.230000000000000000e+02 7.313459889281963555e-01
2.240000000000000000e+02 7.193319444761610004e-01
2.250000000000000000e+02 7.070987845455143361e-01
2.260000000000000000e+02 6.946502354752760455e-01
2.270000000000000000e+02 6.819900892140854376e-01
2.280000000000000284e+02 6.691222021651346274e-01
2.290000000000000000e+02 6.560504940114734174e-01
2.299999999999999716e+02 6.427789465220339338e-01
2.309999999999999716e+02 6.293116023387456126e-01
2.320000000000000284e+02 6.156525637451070176e-01
2.330000000000000000e+02 6.018059914165936330e-01
2.340000000000000000e+02 5.877761031532708902e-01
2.350000000000000000e+02 5.735671725950142186e-01
2.360000000000000284e+02 5.591835279197162611e-01
2.370000000000000000e+02 5.446295505248842650e-01
2.380000000000000000e+02 5.299096736930196672e-01
2.390000000000000000e+02 5.150283812412000950e-01
2.400000000000000000e+02 4.999902061552650157e-01
2.410000000000000284e+02 4.847997292090232002e-01
2.420000000000000284e+02 4.694615775689076620e-01
2.430000000000000284e+02 4.539804233844915715e-01
2.439999999999999716e+02 4.383609823653091264e-01
2.450000000000000000e+02 4.226080123444033720e-01
2.460000000000000000e+02 4.067263118290470603e-01
2.470000000000000000e+02 3.907207185390665360e-01
2.480000000000000000e+02 3.745961079332282284e-01
2.490000000000000000e+02 3.583573917241260065e-01
2.500000000000000284e+02 3.420095163820252582e-01
2.510000000000000284e+02 3.255574616281234901e-01
2.519999999999999716e+02 3.090062389176738700e-01
2.529999999999999716e+02 2.923608899134509942e-01
2.540000000000000284e+02 2.756264849500099090e-01
2.550000000000000000e+02 2.588081214892166138e-01
2.560000000000000000e+02 2.419109225675071806e-01
2.570000000000000000e+02 2.249400352353644605e-01
2.580000000000000000e+02 2.079006289894763659e-01
2.590000000000000568e+02 1.907978941980573162e-01
2.600000000000000000e+02 1.736370405198155720e-01
2.610000000000000000e+02 1.564232953170381912e-01
2.620000000000000000e+02 1.391619020632919312e-01
2.630000000000000000e+02 1.218581187462145499e-01
2.640000000000000000e+02 1.045172162658961762e-01
2.650000000000000000e+02 8.714447682933251782e-02
2.660000000000000000e+02 6.974519234148138236e-02
2.669999999999999432e+02 5.232466279348927524e-02
2.680000000000000000e+02 3.488819464903432366e-02
2.690000000000000000e+02 1.744109923333899206e-02
2.700000000000000000e+02 1.135885483696515917e-05
2.710000000000000000e+02 1.746371370601472808e-02
2.720000000000000568e+02 3.491079878833659028e-02
2.730000000000000568e+02 5.234724971395082749e-02
2.740000000000000000e+02 6.976775516290453782e-02
2.750000000000000000e+02 8.716700867886219284e-02
2.760000000000000000e+02 1.045397102801123024e-01
2.770000000000000000e+02 1.218805680732231722e-01
2.780000000000000000e+02 1.391842998648087637e-01
2.790000000000000000e+02 1.564456347704766548e-01
2.800000000000000000e+02 1.736593148203616765e-01
2.810000000000000568e+02 1.908200965607442234e-01
2.820000000000000000e+02 2.079227526512476276e-01
2.830000000000000000e+02 2.249620734571392000e-01
2.840000000000000000e+02 2.419328686362295644e-01
2.850000000000000000e+02 2.588299687199014931e-01
2.860000000000000000e+02 2.756482266877799403e-01
2.870000000000000000e+02 2.923825195355606033e-01
2.880000000000000000e+02 3.090277498355315511e-01
2.890000000000000000e+02 3.255788472892951479e-01
2.900000000000000000e+02 3.420307702722322207e-01
2.910000000000000000e+02 3.583785073692257739e-01
2.920000000000000000e+02 3.746170789011916136e-01
2.930000000000000000e+02 3.907415384419335447e-01
2.940000000000000000e+02 4.067469743248734448e-01
2.950000000000000568e+02 4.226285111391936411e-01
2.960000000000000000e+02 4.383813112149302360e-01
2.970000000000000000e+02 4.540005760965798443e-01
2.980000000000000000e+02 4.694815480047516143e-01
2.990000000000000000e+02 4.848195112854354338e-01
3.000000000000000000e+02 5.000097938464319602e-01
3.010000000000000000e+02 5.150477685805220363e-01
3.020000000000000000e+02 5.299288547749250178e-01
3.030000000000000000e+02 5.446485195066299578e-01
3.040000000000000568e+02 5.592022790231674367e-01
3.050000000000000000e+02 5.735857001084013751e-01
3.060000000000000000e+02 5.877944014329348210e-01
3.070000000000000000e+02 6.018240548887012764e-01
3.080000000000000000e+02 6.156703869073503199e-01
3.090000000000000000e+02 6.293291797620150785e-01
3.100000000000000000e+02 6.427962728520774105e-01
3.110000000000000000e+02 6.560675639705226825e-01
3.119999999999999432e+02 6.691390105535146571e-01
3.130000000000000000e+02 6.820066309117986947e-01
3.140000000000000000e+02 6.946665054435608999e-01
3.150000000000000000e+02 7.071147778283802809e-01
3.160000000000000000e+02 7.193476562018996656e-01
3.170000000000000568e+02 7.313614143108643217e-01
3.180000000000000568e+02 7.431523926481727882e-01
3.190000000000000000e+02 7.547169995676027421e-01
3.200000000000000000e+02 7.660517123778574078e-01
3.210000000000000000e+02 7.771530784156130967e-01
3.220000000000000000e+02 7.880177160972338113e-01
3.230000000000000000e+02 7.986423159488320600e-01
3.240000000000000000e+02 8.090236416143715692e-01
3.250000000000000000e+02 8.191585308414877087e-01
3.260000000000000568e+02 8.290438964447439663e-01
3.270000000000000000e+02 8.386767272460144973e-01
3.280000000000000000e+02 8.480540889917228542e-01
3.290000000000000000e+02 8.571731252466402440e-01
3.300000000000000000e+02 8.660310582639855204e-01
3.310000000000000000e+02 8.746251898315535733e-01
3.320000000000000000e+02 8.829529020936144335e-01
3.330000000000000000e+02 8.910116583483413955e-01
3.340000000000000000e+02 8.987990038205120324e-01
3.350000000000000000e+02 9.063125664092581690e-01
3.360000000000000000e+02 9.135500574106294458e-01
3.370000000000000000e+02 9.205092722147557582e-01
3.380000000000000000e+02 9.271880909773920765e-01
3.390000000000000000e+02 9.335844792656445845e-01
3.400000000000000568e+02 9.396964886776775217e-01
3.410000000000000000e+02 9.455222574362152077e-01
3.420000000000000000e+02 9.510600109556583970e-01
3.430000000000000000e+02 9.563080623826395454e-01
3.440000000000000000e+02 9.612648131098555648e-01
3.450000000000000000e+02 9.659287532630170814e-01
3.460000000000000000e+02 9.702984621607732008e-01
3.470000000000000000e+02 9.743726087474627873e-01
3.480000000000000000e+02 9.781499519985693558e-01
3.490000000000000568e+02 9.816293412987464606e-01
3.500000000000000000e+02 9.848097167923065554e-01
3.510000000000000000e+02 9.876901097060667434e-01
3.520000000000000000e+02 9.902696426444417277e-01
3.530000000000000000e+02 9.925475298567102422e-01
3.540000000000000000e+02 9.945230774763607062e-01
3.550000000000000000e+02 9.961956837324510428e-01
3.560000000000000000e+02 9.975648391329124953e-01
3.569999999999999432e+02 9.986301266197464832e-01
3.580000000000000000e+02 9.993912216960656458e-01
3.590000000000000000e+02 9.998478925249361104e-01
3.600000000000000000e+02 1.000000000000000000e+00
