0.000000000000000000e+00 1.000000000000000000e+00
1.000000000000000000e+00 9.997306294933228088e-01
2.000000000000000000e+00 9.991322333851110349e-01
3.000000000000000000e+00 9.982853245488840788e-01
4.000000000000000000e+00 9.970758112178352839e-01
5.000000000000000000e+00 9.956232544787619876e-01
6.000000000000000000e+00 9.938291123000327909e-01
7.000000000000000000e+00 9.917773175878039638e-01
8.000000000000000000e+00 9.893697510943100237e-01
9.000000000000000000e+00 9.866967342672602337e-01
1.000000000000000000e+01 9.836857461730634800e-01
1.100000000000000000e+01 9.803972481356409974e-01
1.200000000000000000e+01 9.767861447416398279e-01
1.300000000000000178e+01 9.729057170459209924e-01
1.400000000000000000e+01 9.687145751795259718e-01
1.500000000000000000e+01 9.642493134932058618e-01
1.600000000000000000e+01 9.594723194656975540e-01
1.700000000000000355e+01 9.544199505404101780e-01
1.800000000000000000e+01 9.490656967397882449e-01
1.900000000000000355e+01 9.434028711753271734e-01
2.000000000000000000e+01 9.374915225706837996e-01
2.100000000000000000e+01 9.312614661303632024e-01
2.200000000000000000e+01 9.247635733621941689e-01
2.300000000000000000e+01 9.179818258723245750e-01
2.400000000000000000e+01 9.109290543910906202e-01
2.500000000000000000e+01 9.035587358816296044e-01
2.600000000000000355e+01 8.959466155137318921e-01
2.700000000000000000e+01 8.880618113315595918e-01
2.800000000000000000e+01 8.798922888251300423e-01
2.900000000000000355e+01 8.714838407397351716e-01
3.000000000000000000e+01 8.627755303791274644e-01
3.100000000000000000e+01 8.538196634794162909e-01
3.200000000000000000e+01 8.446248031388277067e-01
3.300000000000000000e+01 8.351386561324742885e-01
3.400000000000000711e+01 8.254285379810147871e-01
3.500000000000000000e+01 8.154487712727881421e-01
3.600000000000000000e+01 8.052079619185339432e-01
3.700000000000000000e+01 7.947425530997674903e-01
3.800000000000000711e+01 7.840210793902455677e-01
3.899999999999999289e+01 7.730754859792355882e-01
4.000000000000000000e+01 7.618831484399971599e-01
4.100000000000000000e+01 7.504508191908286774e-01
4.200000000000000000e+01 7.388051134882777093e-01
4.300000000000000000e+01 7.269433026583499435e-01
4.400000000000000000e+01 7.148493224940326574e-01
4.500000000000000000e+01 7.025455580104433828e-01
4.600000000000000000e+01 6.900148537651947800e-01
4.700000000000000000e+01 6.772805270306972991e-01
4.800000000000000000e+01 6.643307973648930886e-01
4.899999999999999289e+01 6.511736031095872734e-01
5.000000000000000000e+01 6.378343650379120211e-01
5.100000000000000000e+01 6.243037452507156360e-01
5.200000000000000711e+01 6.105715646822086340e-01
5.300000000000000000e+01 5.966651343377483707e-01
5.400000000000000000e+01 5.825698252887402395e-01
5.500000000000000711e+01 5.682733229629863825e-01
5.600000000000000000e+01 5.538520184783893852e-01
5.700000000000000711e+01 5.392334316515695614e-01
5.800000000000000711e+01 5.244617282709576056e-01
5.900000000000000711e+01 5.095014719604274989e-01
6.000000000000000000e+01 4.944396463391357854e-01
6.099999999999999289e+01 4.791862334602994822e-01
6.200000000000000000e+01 4.638050179791989858e-01
6.299999999999999289e+01 4.482833972349521412e-01
6.400000000000000000e+01 4.326064887073443610e-01
6.500000000000000000e+01 4.168068269732898568e-01
6.600000000000000000e+01 4.008885483452204190e-01
6.700000000000000000e+01 3.848386237892888473e-01
6.800000000000001421e+01 3.686812504632114851e-01
6.900000000000000000e+01 3.524088993287548544e-01
7.000000000000000000e+01 3.360274816293373212e-01
7.100000000000000000e+01 3.195515092948955083e-01
7.200000000000000000e+01 3.029516885006170446e-01
7.300000000000000000e+01 2.862950420829275533e-01
7.400000000000000000e+01 2.695360280793658303e-01
7.500000000000000000e+01 2.526982849816375443e-01
7.600000000000001421e+01 2.357936335824135921e-01
7.700000000000000000e+01 2.188100151550621819e-01
7.799999999999998579e+01 2.017660932244375871e-01
7.900000000000000000e+01 1.846650611276674236e-01
8.000000000000000000e+01 1.675112372660642612e-01
8.100000000000000000e+01 1.503154980048369282e-01
8.200000000000000000e+01 1.330761888640153157e-01
8.300000000000000000e+01 1.158112453145310056e-01
8.400000000000000000e+01 9.853821076161538295e-02
8.500000000000001421e+01 8.125839812998716938e-02
8.600000000000000000e+01 6.401472493871772362e-02
8.700000000000000000e+01 4.687388512975683430e-02
8.800000000000000000e+01 3.004886640846596985e-02
8.900000000000000000e+01 1.472683479791688475e-02
9.000000000000000000e+01 1.182529388060730817e-02
9.100000000000000000e+01 2.592072351956660123e-02
9.200000000000000000e+01 4.257340547029797584e-02
9.300000000000001421e+01 5.966531330210119582e-02
9.400000000000000000e+01 7.689415411660667499e-02
9.500000000000000000e+01 9.416462264244657154e-02
9.600000000000000000e+01 1.114433089951315792e-01
9.700000000000000000e+01 1.287134554381628160e-01
9.799999999999998579e+01 1.459564336560144060e-01
9.900000000000001421e+01 1.631619718819733722e-01
1.000000000000000000e+02 1.803338325128815423e-01
1.010000000000000000e+02 1.974483313864792422e-01
1.020000000000000000e+02 2.145057148921027390e-01
1.030000000000000142e+02 2.315007600065747129e-01
1.040000000000000142e+02 2.484332309096271563e-01
1.050000000000000000e+02 2.652938367487758242e-01
1.060000000000000000e+02 2.820595688694354508e-01
1.070000000000000000e+02 2.987561302844370936e-01
1.080000000000000000e+02 3.153639571281511289e-01
1.089999999999999858e+02 3.318699756207255103e-01
1.100000000000000142e+02 3.482670242472918343e-01
1.110000000000000000e+02 3.645733305304367788e-01
1.120000000000000000e+02 3.807647090402439538e-01
1.130000000000000000e+02 3.968365230971010460e-01
1.140000000000000142e+02 4.127930787593511175e-01
1.149999999999999858e+02 4.286183558485934797e-01
1.160000000000000142e+02 4.443208746399146536e-01
1.170000000000000000e+02 4.598792682145521060e-01
1.180000000000000142e+02 4.753098334225595578e-01
1.190000000000000000e+02 4.905895552443692575e-01
1.200000000000000000e+02 5.057061523419232874e-01
1.210000000000000142e+02 5.206915612079938693e-01
1.219999999999999858e+02 5.355208175485518529e-01
1.230000000000000000e+02 5.501724216291431491e-01
1.240000000000000000e+02 5.646633243598515595e-01
1.250000000000000142e+02 5.789694550862296563e-01
1.259999999999999858e+02 5.931148602791112001e-01
1.270000000000000142e+02 6.070752145123753385e-01
1.280000000000000000e+02 6.208586946172381937e-01
1.290000000000000000e+02 6.344328910894497797e-01
1.300000000000000000e+02 6.478292036438998425e-01
1.310000000000000000e+02 6.610469441047343020e-01
1.320000000000000000e+02 6.740111568282595167e-01
1.330000000000000000e+02 6.867936075195703038e-01
1.340000000000000000e+02 6.993830529991718059e-01
1.350000000000000000e+02 7.117674785445636809e-01
1.360000000000000284e+02 7.239147803672582038e-01
1.370000000000000000e+02 7.358474908330034925e-01
1.380000000000000000e+02 7.475392907747772098e-01
1.390000000000000000e+02 7.590079259965596403e-01
1.400000000000000000e+02 7.702768775435427928e-01
1.410000000000000000e+02 7.812695188662908130e-01
1.420000000000000000e+02 7.920655866130006384e-01
1.430000000000000000e+02 8.025974188008023757e-01
1.440000000000000000e+02 8.128706197670956257e-01
1.450000000000000000e+02 8.228922362098032295e-01
1.460000000000000000e+02 8.327171099209448313e-01
1.470000000000000000e+02 8.422471145821829319e-01
1.480000000000000000e+02 8.515194248450408399e-01
1.490000000000000000e+02 8.605578417256216639e-01
1.500000000000000000e+02 8.692910498726705848e-01
1.510000000000000000e+02 8.778015277890059975e-01
1.520000000000000284e+02 8.860387906445602590e-01
1.530000000000000000e+02 8.939727357523904461e-01
1.540000000000000000e+02 9.016555849696604730e-01
1.550000000000000000e+02 9.090900581008055648e-01
1.559999999999999716e+02 9.162107301903253953e-01
1.570000000000000000e+02 9.230540020253880096e-01
1.580000000000000000e+02 9.296456109783405308e-01
1.590000000000000284e+02 9.359246342030121957e-01
1.600000000000000000e+02 9.419453729587724533e-01
1.610000000000000000e+02 9.476516485338575269e-01
1.620000000000000000e+02 9.530732983521693624e-01
1.630000000000000284e+02 9.582332892883200781e-01
1.640000000000000000e+02 9.630658821076188980e-01
1.650000000000000000e+02 9.676289397672533932e-01
1.660000000000000000e+02 9.718951752032949365e-01
1.670000000000000000e+02 9.758406051511049339e-01
1.680000000000000000e+02 9.795031797233898496e-01
1.690000000000000000e+02 9.828850173684879898e-01
1.700000000000000284e+02 9.859658060833726978e-01
1.710000000000000000e+02 9.887150522611428682e-01
1.720000000000000000e+02 9.911972541504521228e-01
1.730000000000000000e+02 9.933184440099432910e-01
1.740000000000000000e+02 9.952046030534624776e-01
1.750000000000000000e+02 9.967643807434045655e-01
1.760000000000000000e+02 9.980419950729773060e-01
1.770000000000000000e+02 9.990095337287034916e-01
1.780000000000000000e+02 9.996212315572947649e-01
1.790000000000000000e+02 9.999309398496032397e-01
1.800000000000000000e+02 1.000000000000000000e+00
1.810000000000000000e+02 9.997306294933228088e-01
1.820000000000000000e+02 9.991322333851110349e-01
1.830000000000000000e+02 9.982853245488840788e-01
1.840000000000000000e+02 9.970758112178352839e-01
1.849999999999999716e+02 9.956232544787619876e-01
1.860000000000000284e+02 9.938291123000327909e-01
1.870000000000000284e+02 9.917695600513124488e-01
1.880000000000000000e+02 9.893522450838292404e-01
1.890000000000000000e+02 9.866967342672602337e-01
1.900000000000000000e+02 9.836857461730634800e-01
1.910000000000000000e+02 9.803972481356409974e-01
1.920000000000000000e+02 9.767764401590195433e-01
1.930000000000000000e+02 9.729057170459209924e-01
1.940000000000000000e+02 9.687145751795259718e-01
1.950000000000000284e+02 9.642493134932058618e-01
1.959999999999999716e+02 9.594723194656975540e-01
1.970000000000000284e+02 9.544199505404101780e-01
1.980000000000000284e+02 9.490576282383587081e-01
1.990000000000000000e+02 9.433757583180222284e-01
2.000000000000000000e+02 9.374915225706837996e-01
2.010000000000000000e+02 9.312614661303632024e-01
2.020000000000000000e+02 9.247635733621941689e-01
2.030000000000000000e+02 9.179818258723245750e-01
2.040000000000000000e+02 9.109290543910906202e-01
2.050000000000000000e+02 9.035554502414797629e-01
2.060000000000000284e+02 8.959661548741557624e-01
2.069999999999999716e+02 8.880618113315595918e-01
2.080000000000000284e+02 8.798816214669274993e-01
2.090000000000000284e+02 8.715047554225588966e-01
2.100000000000000000e+02 8.627765088652884495e-01
2.110000000000000000e+02 8.538196634794162909e-01
2.120000000000000000e+02 8.445818236876074803e-01
2.130000000000000000e+02 8.351386561324742885e-01
2.140000000000000000e+02 8.254272668073759922e-01
2.150000000000000000e+02 8.154487712727881421e-01
2.160000000000000000e+02 8.052018970953669363e-01
2.170000000000000284e+02 7.947425530997674903e-01
2.179999999999999716e+02 7.840118263291645517e-01
2.190000000000000284e+02 7.730403695353496030e-01
2.200000000000000284e+02 7.618831484399971599e-01
2.210000000000000000e+02 7.504672444284411492e-01
2.220000000000000000e+02 7.388051134882777093e-01
2.230000000000000000e+02 7.269538267763308026e-01
2.240000000000000000e+02 7.148587250881658361e-01
2.250000000000000000e+02 7.025272137455318422e-01
2.260000000000000000e+02 6.900148537651947800e-01
2.270000000000000000e+02 6.772795399170642439e-01
2.280000000000000284e+02 6.643230514108974250e-01
2.290000000000000000e+02 6.511736031095872734e-01
2.299999999999999716e+02 6.378242953999240239e-01
2.309999999999999716e+02 6.243102932663894267e-01
2.320000000000000284e+02 6.105711405495011235e-01
2.330000000000000000e+02 5.966717544993540567e-01
2.340000000000000000e+02 5.825625208097315877e-01
2.350000000000000000e+02 5.682847452084690554e-01
2.360000000000000284e+02 5.538577313910815203e-01
2.370000000000000000e+02 5.392459013779267174e-01
2.380000000000000000e+02 5.244542731087096232e-01
2.390000000000000000e+02 5.095067452432997523e-01
2.400000000000000000e+02 4.944183884197519419e-01
2.410000000000000284e+02 4.791822839309640147e-01
2.420000000000000284e+02 4.638026195644451288e-01
2.430000000000000284e+02 4.482903719475706539e-01
2.439999999999999716e+02 4.326099767379726346e-01
2.450000000000000000e+02 4.168133706792220838e-01
2.460000000000000000e+02 4.008863894665812833e-01
2.470000000000000000e+02 3.848323348369552810e-01
2.480000000000000000e+02 3.686649891585109806e-01
2.490000000000000000e+02 3.524081818819644329e-01
2.500000000000000284e+02 3.360168578689606278e-01
2.510000000000000284e+02 3.195461987661442071e-01
2.519999999999999716e+02 3.029599419169295982e-01
2.529999999999999716e+02 2.862880022461711249e-01
2.540000000000000284e+02 2.695343235117804714e-01
2.550000000000000000e+02 2.527059208320248662e-01
2.560000000000000000e+02 2.357933179712881078e-01
2.570000000000000000e+02 2.188056104462980656e-01
2.580000000000000000e+02 2.017613405898089907e-01
2.590000000000000568e+02 1.846684263100479284e-01
2.600000000000000000e+02 1.675122921762820793e-01
2.610000000000000000e+02 1.503176554069979853e-01
2.620000000000000000e+02 1.330775271219221956e-01
2.630000000000000000e+02 1.158123545965985407e-01
2.640000000000000000e+02 9.853669642628322400e-02
2.650000000000000000e+02 8.125792760993716390e-02
2.660000000000000000e+02 6.401597706447144376e-02
2.669999999999999432e+02 4.687390822567102239e-02
2.680000000000000000e+02 3.004912791369965600e-02
2.690000000000000000e+02 1.472632324751279795e-02
2.700000000000000000e+02 1.182529421112373143e-02
2.710000000000000000e+02 2.592111877538900641e-02
2.720000000000000568e+02 4.257187727431095692e-02
2.730000000000000568e+02 5.966519737839341697e-02
2.740000000000000000e+02 7.689269134432429043e-02
2.750000000000000000e+02 9.416491482444733219e-02
2.760000000000000000e+02 1.114439838397482396e-01
2.770000000000000000e+02 1.287127095616935890e-01
2.780000000000000000e+02 1.459572701449986798e-01
2.790000000000000000e+02 1.631589740239148267e-01
2.800000000000000000e+02 1.803306120184382799e-01
2.810000000000000568e+02 1.974463048457756331e-01
2.820000000000000000e+02 2.145036744533012074e-01
2.830000000000000000e+02 2.314985294735611154e-01
2.840000000000000000e+02 2.484334658324175715e-01
2.850000000000000000e+02 2.652914481883658637e-01
2.860000000000000000e+02 2.820594554113289854e-01
2.870000000000000000e+02 2.987547081951586470e-01
2.880000000000000000e+02 3.153590901971602967e-01
2.890000000000000000e+02 3.318620283481251154e-01
2.900000000000000000e+02 3.482721817618100180e-01
2.910000000000000000e+02 3.645790960777548495e-01
2.920000000000000000e+02 3.807820730558289513e-01
2.930000000000000000e+02 3.968377073963102464e-01
2.940000000000000000e+02 4.127894164666718879e-01
2.950000000000000568e+02 4.286158728519761651e-01
2.960000000000000000e+02 4.443213641646904244e-01
2.970000000000000000e+02 4.598799515350871503e-01
2.980000000000000000e+02 4.753182926816205689e-01
2.990000000000000000e+02 4.905869115248868706e-01
3.000000000000000000e+02 5.057188783002147803e-01
3.010000000000000000e+02 5.206971674847364895e-01
3.020000000000000000e+02 5.355150466694992284e-01
3.030000000000000000e+02 5.501664609232566061e-01
3.040000000000000568e+02 5.646700590810337372e-01
3.050000000000000000e+02 5.789668514474166638e-01
3.060000000000000000e+02 5.931009303941099375e-01
3.070000000000000000e+02 6.070806529247615435e-01
3.080000000000000000e+02 6.208545321447660470e-01
3.090000000000000000e+02 6.344254178912752673e-01
3.100000000000000000e+02 6.478303994888715556e-01
3.110000000000000000e+02 6.610469817193302955e-01
3.119999999999999432e+02 6.740090768721884729e-01
3.130000000000000000e+02 6.867901006175715084e-01
3.140000000000000000e+02 6.993920634408473669e-01
3.150000000000000000e+02 7.117525194996741078e-01
3.160000000000000000e+02 7.239408348151769035e-01
3.170000000000000568e+02 7.358254709155069850e-01
3.180000000000000568e+02 7.475506349400850015e-01
3.190000000000000000e+02 7.590185606853967482e-01
3.200000000000000000e+02 7.702650596776757785e-01
3.210000000000000000e+02 7.812615597821691571e-01
3.220000000000000000e+02 7.920598033187896680e-01
3.230000000000000000e+02 8.025954118955805905e-01
3.240000000000000000e+02 8.128706197670956257e-01
3.250000000000000000e+02 8.229006412626539424e-01
3.260000000000000568e+02 8.327214354663556861e-01
3.270000000000000000e+02 8.422342225375714087e-01
3.280000000000000000e+02 8.515194248450408399e-01
3.290000000000000000e+02 8.605595955532745478e-01
3.300000000000000000e+02 8.693065250070848293e-01
3.310000000000000000e+02 8.778233019685813820e-01
3.320000000000000000e+02 8.860440767584413235e-01
3.330000000000000000e+02 8.939727357523904461e-01
3.340000000000000000e+02 9.016885478211856819e-01
3.350000000000000000e+02 9.090850631288974748e-01
3.360000000000000000e+02 9.161966122774503063e-01
3.370000000000000000e+02 9.230555258278603237e-01
3.380000000000000000e+02 9.296456109783405308e-01
3.390000000000000000e+02 9.359278267502026960e-01
3.400000000000000568e+02 9.419348300949137442e-01
3.410000000000000000e+02 9.476516485338575269e-01
3.420000000000000000e+02 9.530732983521693624e-01
3.430000000000000000e+02 9.582273177194059466e-01
3.440000000000000000e+02 9.630658821076188980e-01
3.450000000000000000e+02 9.676363340310680794e-01
3.460000000000000000e+02 9.718951752032949365e-01
3.470000000000000000e+02 9.758406051511049339e-01
3.480000000000000000e+02 9.794999660973624511e-01
3.490000000000000568e+02 9.828850173684879898e-01
3.500000000000000000e+02 9.859658060833726978e-01
3.510000000000000000e+02 9.887150522611428682e-01
3.520000000000000000e+02 9.911852307645127036e-01
3.530000000000000000e+02 9.933314023395340975e-01
3.540000000000000000e+02 9.952046030534624776e-01
3.550000000000000000e+02 9.967643807434045655e-01
3.560000000000000000e+02 9.980419950729773060e-01
3.569999999999999432e+02 9.990095337287034916e-01
3.580000000000000000e+02 9.996212315572947649e-01
3.590000000000000000e+02 9.999309398496032397e-01
3.600000000000000000e+02 1.000000000000000000e+00
