0.000000000000000000e+00 1.000000000000000000e+00
1.000000000000000000e+00 9.997909626586054532e-01
2.000000000000000000e+00 9.992386285607366414e-01
3.000000000000000000e+00 9.984183125244361356e-01
4.000000000000000000e+00 9.972534835222875982e-01
5.000000000000000000e+00 9.958206722021357704e-01
6.000000000000000000e+00 9.940777028848821750e-01
7.000000000000000000e+00 9.920210274974012865e-01
8.000000000000000000e+00 9.896706366925680509e-01
9.000000000000000000e+00 9.870188580154205527e-01
1.000000000000000000e+01 9.840710718582268424e-01
1.100000000000000000e+01 9.808159787015299225e-01
1.200000000000000000e+01 9.772568444059684944e-01
1.300000000000000178e+01 9.734012299121995726e-01
1.400000000000000000e+01 9.692572288905350053e-01
1.500000000000000000e+01 9.648022918373618806e-01
1.600000000000000000e+01 9.600787800735801625e-01
1.700000000000000355e+01 9.550342890391206874e-01
1.800000000000000000e+01 9.497227781970299931e-01
1.900000000000000355e+01 9.441101534431669551e-01
2.000000000000000000e+01 9.382073757142771475e-01
2.100000000000000000e+01 9.320261429159272248e-01
2.200000000000000000e+01 9.255678279326634561e-01
2.300000000000000000e+01 9.188314961116965662e-01
2.400000000000000000e+01 9.117922459432015181e-01
2.500000000000000000e+01 9.044760137510883258e-01
2.600000000000000355e+01 8.968970549787081969e-01
2.700000000000000000e+01 8.890491725416733715e-01
2.800000000000000000e+01 8.809062125982922709e-01
2.900000000000000355e+01 8.725183303892268816e-01
3.000000000000000000e+01 8.638617884914269185e-01
3.100000000000000000e+01 8.549381753263939343e-01
3.200000000000000000e+01 8.457512142273118094e-01
3.300000000000000000e+01 8.363115753360015336e-01
3.400000000000000711e+01 8.266220857295383251e-01
3.500000000000000000e+01 8.166707478238023343e-01
3.600000000000000000e+01 8.064653824467729049e-01
3.700000000000000000e+01 7.960206722916280953e-01
3.800000000000000711e+01 7.853400656977087557e-01
3.899999999999999289e+01 7.744128256764539753e-01
4.000000000000000000e+01 7.632656896795533275e-01
4.100000000000000000e+01 7.518659266654288409e-01
4.200000000000000000e+01 7.402540392182554996e-01
4.300000000000000000e+01 7.283972854184779244e-01
4.400000000000000000e+01 7.163322092378381356e-01
4.500000000000000000e+01 7.040352887151064554e-01
4.600000000000000000e+01 6.915410396257749559e-01
4.700000000000000000e+01 6.788316651662194001e-01
4.800000000000000000e+01 6.659027281001804743e-01
4.899999999999999289e+01 6.527956623226206512e-01
5.000000000000000000e+01 6.394612912925281556e-01
5.100000000000000000e+01 6.259521510621793849e-01
5.200000000000000711e+01 6.122454629418881966e-01
5.300000000000000000e+01 5.983560363361261070e-01
5.400000000000000000e+01 5.842813412272702678e-01
5.500000000000000711e+01 5.700340740279032925e-01
5.600000000000000000e+01 5.555981309289238501e-01
5.700000000000000711e+01 5.410073373958241838e-01
5.800000000000000711e+01 5.262402089432113295e-01
5.900000000000000711e+01 5.113214959251587421e-01
6.000000000000000000e+01 4.962463455767712195e-01
6.099999999999999289e+01 4.810186368586460426e-01
6.200000000000000000e+01 4.656450620167052468e-01
6.299999999999999289e+01 4.501316074069372508e-01
6.400000000000000000e+01 4.344798641749589851e-01
6.500000000000000000e+01 4.186901308409050060e-01
6.600000000000000000e+01 4.027831626026093792e-01
6.700000000000000000e+01 3.867507318861536092e-01
6.800000000000001421e+01 3.705932629862759287e-01
6.900000000000000000e+01 3.543305270259344830e-01
7.000000000000000000e+01 3.379593712252322302e-01
7.100000000000000000e+01 3.214752818987403060e-01
7.200000000000000000e+01 3.049067370542679623e-01
7.300000000000000000e+01 2.882424825273482427e-01
7.400000000000000000e+01 2.714866826266678634e-01
7.500000000000000000e+01 2.546500253066916741e-01
7.600000000000001421e+01 2.377380656690173677e-01
7.700000000000000000e+01 2.207556450479169485e-01
7.799999999999998579e+01 2.036995392341972300e-01
7.900000000000000000e+01 1.865872418750898765e-01
8.000000000000000000e+01 1.694182106022205647e-01
8.100000000000000000e+01 1.522001334716969745e-01
8.200000000000000000e+01 1.349340693181182438e-01
8.300000000000000000e+01 1.176310101340874992e-01
8.400000000000000000e+01 1.002990109247429013e-01
8.500000000000001421e+01 8.294092052976191620e-02
8.600000000000000000e+01 6.556802265037742217e-02
8.700000000000000000e+01 4.820021651482504776e-02
8.800000000000000000e+01 3.088199871330128687e-02
8.900000000000000000e+01 1.386267911220888729e-02
9.000000000000000000e+01 6.295838807378066962e-03
9.100000000000000000e+01 2.227706164212214443e-02
9.200000000000000000e+01 3.951634102491263095e-02
9.300000000000001421e+01 5.686896810103628935e-02
9.400000000000000000e+01 7.424262886787515170e-02
9.500000000000000000e+01 9.160887305359508015e-02
9.600000000000000000e+01 1.089563659793433975e-01
9.700000000000000000e+01 1.262755540688905165e-01
9.799999999999998579e+01 1.435597415420920286e-01
9.900000000000001421e+01 1.608026251697635689e-01
1.000000000000000000e+02 1.779955978108194170e-01
1.010000000000000000e+02 1.951372743706230040e-01
1.020000000000000000e+02 2.122208515749872959e-01
1.030000000000000142e+02 2.292395922635395711e-01
1.040000000000000142e+02 2.461904907465410630e-01
1.050000000000000000e+02 2.630661010401189603e-01
1.060000000000000000e+02 2.798627809638657982e-01
1.070000000000000000e+02 2.965742804774298413e-01
1.080000000000000000e+02 3.131937771053098785e-01
1.089999999999999858e+02 3.297213828092643295e-01
1.100000000000000142e+02 3.461454586267870281e-01
1.110000000000000000e+02 3.624618713350154509e-01
1.120000000000000000e+02 3.786763461355369675e-01
1.130000000000000000e+02 3.947743364038422409e-01
1.140000000000000142e+02 4.107372252222561415e-01
1.149999999999999858e+02 4.265965662264362690e-01
1.160000000000000142e+02 4.423081194793327953e-01
1.170000000000000000e+02 4.578964024480368100e-01
1.180000000000000142e+02 4.733471780875021517e-01
1.190000000000000000e+02 4.886444456919735724e-01
1.200000000000000000e+02 5.037926173959166309e-01
1.210000000000000142e+02 5.188012875029989202e-01
1.219999999999999858e+02 5.336379293257875744e-01
1.230000000000000000e+02 5.483136875020109269e-01
1.240000000000000000e+02 5.628323423378502888e-01
1.250000000000000142e+02 5.771663829263969925e-01
1.259999999999999858e+02 5.913337196802915807e-01
1.270000000000000142e+02 6.053080817988113482e-01
1.280000000000000000e+02 6.191074410403237804e-01
1.290000000000000000e+02 6.327187308423747325e-01
1.300000000000000000e+02 6.461387611740170289e-01
1.310000000000000000e+02 6.593649569906205876e-01
1.320000000000000000e+02 6.723928642423648849e-01
1.330000000000000000e+02 6.852126948614072344e-01
1.340000000000000000e+02 6.978065755960188854e-01
1.350000000000000000e+02 7.102200803888908398e-01
1.360000000000000284e+02 7.223782266754402714e-01
1.370000000000000000e+02 7.343393028772101649e-01
1.380000000000000000e+02 7.460815059884572387e-01
1.390000000000000000e+02 7.575851356822600469e-01
1.400000000000000000e+02 7.688581402324998759e-01
1.410000000000000000e+02 7.799018515382761807e-01
1.420000000000000000e+02 7.907117242575811833e-01
1.430000000000000000e+02 8.012842934769620618e-01
1.440000000000000000e+02 8.115869687518981745e-01
1.450000000000000000e+02 8.216764669471160465e-01
1.460000000000000000e+02 8.314843982859482230e-01
1.470000000000000000e+02 8.410540923182119322e-01
1.480000000000000000e+02 8.503569769749423912e-01
1.490000000000000000e+02 8.594225410435036849e-01
1.500000000000000000e+02 8.682136391451344970e-01
1.510000000000000000e+02 8.767451033817892370e-01
1.520000000000000284e+02 8.850127532716479672e-01
1.530000000000000000e+02 8.929950781383955150e-01
1.540000000000000000e+02 9.007092378638469343e-01
1.550000000000000000e+02 9.081667010905577486e-01
1.559999999999999716e+02 9.153340004969904298e-01
1.570000000000000000e+02 9.222193764437450758e-01
1.580000000000000000e+02 9.288246978082007610e-01
1.590000000000000284e+02 9.351502158035450707e-01
1.600000000000000000e+02 9.411838886749904765e-01
1.610000000000000000e+02 9.469621824867597848e-01
1.620000000000000000e+02 9.524234361547618821e-01
1.630000000000000284e+02 9.575876889301403461e-01
1.640000000000000000e+02 9.624559111882563522e-01
1.650000000000000000e+02 9.670579801884480187e-01
1.660000000000000000e+02 9.713754361903835788e-01
1.670000000000000000e+02 9.753585864865595978e-01
1.680000000000000000e+02 9.790762787296949377e-01
1.690000000000000000e+02 9.824652014542917255e-01
1.700000000000000284e+02 9.855769488683570057e-01
1.710000000000000000e+02 9.883704486086914986e-01
1.720000000000000000e+02 9.908868345980075265e-01
1.730000000000000000e+02 9.930770260709897990e-01
1.740000000000000000e+02 9.949982841343971707e-01
1.750000000000000000e+02 9.965763604843039802e-01
1.760000000000000000e+02 9.978661521479299523e-01
1.770000000000000000e+02 9.988524984149017572e-01
1.780000000000000000e+02 9.995382622541544304e-01
1.790000000000000000e+02 9.999484330985418667e-01
1.800000000000000000e+02 1.000000000000000000e+00
1.810000000000000000e+02 9.997909626586054532e-01
1.820000000000000000e+02 9.992386285607366414e-01
1.830000000000000000e+02 9.984183125244361356e-01
1.840000000000000000e+02 9.972534835222875982e-01
1.849999999999999716e+02 9.958206722021357704e-01
1.860000000000000284e+02 9.940777028848821750e-01
1.870000000000000284e+02 9.920219550855117197e-01
1.880000000000000000e+02 9.896614327093166130e-01
1.890000000000000000e+02 9.870188580154205527e-01
1.900000000000000000e+02 9.840710718582268424e-01
1.910000000000000000e+02 9.808159787015299225e-01
1.920000000000000000e+02 9.772570506888114128e-01
1.930000000000000000e+02 9.734012299121995726e-01
1.940000000000000000e+02 9.692572288905350053e-01
1.950000000000000284e+02 9.648022918373618806e-01
1.959999999999999716e+02 9.600787800735801625e-01
1.970000000000000284e+02 9.550342890391206874e-01
1.980000000000000284e+02 9.497202174998009561e-01
1.990000000000000000e+02 9.440983854190743152e-01
2.000000000000000000e+02 9.382073757142771475e-01
2.010000000000000000e+02 9.320261429159272248e-01
2.020000000000000000e+02 9.255678279326634561e-01
2.030000000000000000e+02 9.188314961116965662e-01
2.040000000000000000e+02 9.117922459432015181e-01
2.050000000000000000e+02 9.044693742025666783e-01
2.060000000000000284e+02 8.968948697072630649e-01
2.069999999999999716e+02 8.890491725416733715e-01
2.080000000000000284e+02 8.809070910729619452e-01
2.090000000000000284e+02 8.725187743220689240e-01
2.100000000000000000e+02 8.638568230836733974e-01
2.110000000000000000e+02 8.549381753263939343e-01
2.120000000000000000e+02 8.457513504113987057e-01
2.130000000000000000e+02 8.363115753360015336e-01
2.140000000000000000e+02 8.266106665920841534e-01
2.150000000000000000e+02 8.166707478238023343e-01
2.160000000000000000e+02 8.064612760626347354e-01
2.170000000000000284e+02 7.960206722916280953e-01
2.179999999999999716e+02 7.853406483121779802e-01
2.190000000000000284e+02 7.744094605337357162e-01
2.200000000000000284e+02 7.632656896795533275e-01
2.210000000000000000e+02 7.518679529261664829e-01
2.220000000000000000e+02 7.402540392182554996e-01
2.230000000000000000e+02 7.283961218585808250e-01
2.240000000000000000e+02 7.163230480619054985e-01
2.250000000000000000e+02 7.040330458567994887e-01
2.260000000000000000e+02 6.915410396257749559e-01
2.270000000000000000e+02 6.788303247168043786e-01
2.280000000000000284e+02 6.658969106905464619e-01
2.290000000000000000e+02 6.527956623226206512e-01
2.299999999999999716e+02 6.394664468981613448e-01
2.309999999999999716e+02 6.259430065891085082e-01
2.320000000000000284e+02 6.122492615519888881e-01
2.330000000000000000e+02 5.983576571321349569e-01
2.340000000000000000e+02 5.842769828345273364e-01
2.350000000000000000e+02 5.700295154629554384e-01
2.360000000000000284e+02 5.556043851353534846e-01
2.370000000000000000e+02 5.410036281951716708e-01
2.380000000000000000e+02 5.262469057222466384e-01
2.390000000000000000e+02 5.113211045167159741e-01
2.400000000000000000e+02 4.962420028968944075e-01
2.410000000000000284e+02 4.810246333706714172e-01
2.420000000000000284e+02 4.656442260354728413e-01
2.430000000000000284e+02 4.501339853622702281e-01
2.439999999999999716e+02 4.344832207393044543e-01
2.450000000000000000e+02 4.186925849778282416e-01
2.460000000000000000e+02 4.027843787603819781e-01
2.470000000000000000e+02 3.867485326666226242e-01
2.480000000000000000e+02 3.705958398994152470e-01
2.490000000000000000e+02 3.543334836862148673e-01
2.500000000000000284e+02 3.379565766646266955e-01
2.510000000000000284e+02 3.214814125010066470e-01
2.519999999999999716e+02 3.049049514507848890e-01
2.529999999999999716e+02 2.882396597901248358e-01
2.540000000000000284e+02 2.714857106051473123e-01
2.550000000000000000e+02 2.546490525860435339e-01
2.560000000000000000e+02 2.377368747907183111e-01
2.570000000000000000e+02 2.207546040143572585e-01
2.580000000000000000e+02 2.037017890099565298e-01
2.590000000000000568e+02 1.865857195311809436e-01
2.600000000000000000e+02 1.694186298719766171e-01
2.610000000000000000e+02 1.521987030544163511e-01
2.620000000000000000e+02 1.349351018000879698e-01
2.630000000000000000e+02 1.176321458329561975e-01
2.640000000000000000e+02 1.002989039548629335e-01
2.650000000000000000e+02 8.293986779371669005e-02
2.660000000000000000e+02 6.556916473450126459e-02
2.669999999999999432e+02 4.820021719778526392e-02
2.680000000000000000e+02 3.088142778460934573e-02
2.690000000000000000e+02 1.386256366603369483e-02
2.700000000000000000e+02 6.295838597092835026e-03
2.710000000000000000e+02 2.227725041816193755e-02
2.720000000000000568e+02 3.951558596898635534e-02
2.730000000000000568e+02 5.686870012601238922e-02
2.740000000000000000e+02 7.424149090424814190e-02
2.750000000000000000e+02 9.160903040775938977e-02
2.760000000000000000e+02 1.089559968584740551e-01
2.770000000000000000e+02 1.262752041002943582e-01
2.780000000000000000e+02 1.435593224863410955e-01
2.790000000000000000e+02 1.608020443471939731e-01
2.800000000000000000e+02 1.779958884487802817e-01
2.810000000000000568e+02 1.951391792194012709e-01
2.820000000000000000e+02 2.122218293602786965e-01
2.830000000000000000e+02 2.292411334506290754e-01
2.840000000000000000e+02 2.461886143266140969e-01
2.850000000000000000e+02 2.630648547417954175e-01
2.860000000000000000e+02 2.798622371366110695e-01
2.870000000000000000e+02 2.965741020070798983e-01
2.880000000000000000e+02 3.131985548600682012e-01
2.890000000000000000e+02 3.297174664483095152e-01
2.900000000000000000e+02 3.461493516486814914e-01
2.910000000000000000e+02 3.624630083326212948e-01
2.920000000000000000e+02 3.786752019139568159e-01
2.930000000000000000e+02 3.947749582586167483e-01
2.940000000000000000e+02 4.107402399710399776e-01
2.950000000000000568e+02 4.265948006765304390e-01
2.960000000000000000e+02 4.423117166925859545e-01
2.970000000000000000e+02 4.578971779567239664e-01
2.980000000000000000e+02 4.733446813688448884e-01
2.990000000000000000e+02 4.886446557776101263e-01
3.000000000000000000e+02 5.037900428551171927e-01
3.010000000000000000e+02 5.187943250226215719e-01
3.020000000000000000e+02 5.336365536762659456e-01
3.030000000000000000e+02 5.483029615721546346e-01
3.040000000000000568e+02 5.628327478156986974e-01
3.050000000000000000e+02 5.771640482072272205e-01
3.060000000000000000e+02 5.913349935287479653e-01
3.070000000000000000e+02 6.053044084150109860e-01
3.080000000000000000e+02 6.191088002458923212e-01
3.090000000000000000e+02 6.327223325006834376e-01
3.100000000000000000e+02 6.461405610744496153e-01
3.110000000000000000e+02 6.593667931756997946e-01
3.119999999999999432e+02 6.723879368311139748e-01
3.130000000000000000e+02 6.852041879349400899e-01
3.140000000000000000e+02 6.978081439058408941e-01
3.150000000000000000e+02 7.102121700088395162e-01
3.160000000000000000e+02 7.223738344620129759e-01
3.170000000000000568e+02 7.343418376885333387e-01
3.180000000000000568e+02 7.460723215054197999e-01
3.190000000000000000e+02 7.575875383826669029e-01
3.200000000000000000e+02 7.688609586915382543e-01
3.210000000000000000e+02 7.798994925289585156e-01
3.220000000000000000e+02 7.907092757702453012e-01
3.230000000000000000e+02 8.012751063987216815e-01
3.240000000000000000e+02 8.115869687518981745e-01
3.250000000000000000e+02 8.216622968637808944e-01
3.260000000000000568e+02 8.314754813111222553e-01
3.270000000000000000e+02 8.410580503579251355e-01
3.280000000000000000e+02 8.503569769749423912e-01
3.290000000000000000e+02 8.594135784406963241e-01
3.300000000000000000e+02 8.682139802111241700e-01
3.310000000000000000e+02 8.767423540856746911e-01
3.320000000000000000e+02 8.850065304741433492e-01
3.330000000000000000e+02 8.929950781383955150e-01
3.340000000000000000e+02 9.007077347502377984e-01
3.350000000000000000e+02 9.081583154631001076e-01
3.360000000000000000e+02 9.153269880032626205e-01
3.370000000000000000e+02 9.222191354122108997e-01
3.380000000000000000e+02 9.288246978082007610e-01
3.390000000000000000e+02 9.351523683389498798e-01
3.400000000000000568e+02 9.411942244595137286e-01
3.410000000000000000e+02 9.469621824867597848e-01
3.420000000000000000e+02 9.524234361547618821e-01
3.430000000000000000e+02 9.575892317141958543e-01
3.440000000000000000e+02 9.624559111882563522e-01
3.450000000000000000e+02 9.670560486712080905e-01
3.460000000000000000e+02 9.713754361903835788e-01
3.470000000000000000e+02 9.753585864865595978e-01
3.480000000000000000e+02 9.790782884460833557e-01
3.490000000000000568e+02 9.824652014542917255e-01
3.500000000000000000e+02 9.855769488683570057e-01
3.510000000000000000e+02 9.883704486086914986e-01
3.520000000000000000e+02 9.908848892968911137e-01
3.530000000000000000e+02 9.930833243040745328e-01
3.540000000000000000e+02 9.949982841343971707e-01
3.550000000000000000e+02 9.965763604843039802e-01
3.560000000000000000e+02 9.978661521479299523e-01
3.569999999999999432e+02 9.988524984149017572e-01
3.580000000000000000e+02 9.995382622541544304e-01
3.590000000000000000e+02 9.999484330985418667e-01
3.600000000000000000e+02 1.000000000000000000e+00
