0.000000000000000000e+00 1.000000000000000000e+00
1.000000000000000000e+00 9.998177397397856048e-01
2.000000000000000000e+00 9.993309286242086920e-01
3.000000000000000000e+00 9.985397149516467286e-01
4.000000000000000000e+00 9.974443397287657831e-01
5.000000000000000000e+00 9.960451366402377493e-01
6.000000000000000000e+00 9.943425319054102207e-01
7.000000000000000000e+00 9.923370441727832336e-01
8.000000000000000000e+00 9.900292843540533516e-01
9.000000000000000000e+00 9.874199554405038715e-01
1.000000000000000000e+01 9.845098522771101868e-01
1.100000000000000000e+01 9.812998613559293926e-01
1.200000000000000000e+01 9.777909604945816957e-01
1.300000000000000178e+01 9.739842185761402593e-01
1.400000000000000000e+01 9.698807952183083891e-01
1.500000000000000000e+01 9.654819404047957354e-01
1.600000000000000000e+01 9.607889941172940151e-01
1.700000000000000355e+01 9.558033859336725335e-01
1.800000000000000000e+01 9.505266345748132339e-01
1.900000000000000355e+01 9.449603474499143063e-01
2.000000000000000000e+01 9.391062201721428471e-01
2.100000000000000000e+01 9.329660360529972163e-01
2.200000000000000000e+01 9.265416655098442922e-01
2.300000000000000000e+01 9.198350655675662235e-01
2.400000000000000000e+01 9.128482792137457835e-01
2.500000000000000000e+01 9.055834347904746506e-01
2.600000000000000355e+01 8.980427453344224098e-01
2.700000000000000000e+01 8.902285079349387953e-01
2.800000000000000000e+01 8.821431030093609404e-01
2.900000000000000355e+01 8.737889935687427334e-01
3.000000000000000000e+01 8.651687245042223307e-01
3.100000000000000000e+01 8.562849217794532564e-01
3.200000000000000000e+01 8.471402916572371433e-01
3.300000000000000000e+01 8.377376198353642112e-01
3.400000000000000711e+01 8.280797706630340649e-01
3.500000000000000000e+01 8.181696862017663330e-01
3.600000000000000000e+01 8.080103853802863556e-01
3.700000000000000000e+01 7.976049630452546335e-01
3.800000000000000711e+01 7.869565890416866383e-01
3.899999999999999289e+01 7.760685072432381704e-01
4.000000000000000000e+01 7.649440345431726129e-01
4.100000000000000000e+01 7.535865598874311733e-01
4.200000000000000000e+01 7.419995432009962588e-01
4.300000000000000000e+01 7.301865143861585583e-01
4.400000000000000000e+01 7.181510721919527329e-01
4.500000000000000000e+01 7.058968831714209635e-01
4.600000000000000000e+01 6.934276805416174083e-01
4.700000000000000000e+01 6.807472630660572621e-01
4.800000000000000000e+01 6.678594938818261939e-01
4.899999999999999289e+01 6.547682993567804921e-01
5.000000000000000000e+01 6.414776678664358966e-01
5.100000000000000000e+01 6.279916486184367042e-01
5.200000000000000711e+01 6.143143504205732519e-01
5.300000000000000000e+01 6.004499404093035508e-01
5.400000000000000000e+01 5.864026428460458185e-01
5.500000000000000711e+01 5.721767377987844183e-01
5.600000000000000000e+01 5.577765598612139941e-01
5.700000000000000711e+01 5.432064968916705539e-01
5.800000000000000711e+01 5.284709886428822223e-01
5.900000000000000711e+01 5.135745254778956159e-01
6.000000000000000000e+01 4.985216470118497556e-01
6.099999999999999289e+01 4.833169407878531998e-01
6.200000000000000000e+01 4.679650409131614341e-01
6.299999999999999289e+01 4.524706267139381732e-01
6.400000000000000000e+01 4.368384213884726197e-01
6.500000000000000000e+01 4.210731906385236645e-01
6.600000000000000000e+01 4.051797413528443470e-01
6.700000000000000000e+01 3.891629202749851135e-01
6.800000000000001421e+01 3.730276127075740078e-01
6.900000000000000000e+01 3.567787412581185369e-01
7.000000000000000000e+01 3.404212646497417061e-01
7.100000000000000000e+01 3.239601765966316771e-01
7.200000000000000000e+01 3.074005048262281603e-01
7.300000000000000000e+01 2.907473102727986536e-01
7.400000000000000000e+01 2.740056865026820887e-01
7.500000000000000000e+01 2.571807595923260026e-01
7.600000000000001421e+01 2.402776885282233155e-01
7.700000000000000000e+01 2.233016665635728648e-01
7.799999999999998579e+01 2.062579240126141966e-01
7.900000000000000000e+01 1.891517334549047136e-01
8.000000000000000000e+01 1.719884190232184584e-01
8.100000000000000000e+01 1.547733730136641173e-01
8.200000000000000000e+01 1.375120863066807975e-01
8.300000000000000000e+01 1.202102065733387931e-01
8.400000000000000000e+01 1.028736572117888437e-01
8.500000000000001421e+01 8.550890357155230270e-02
8.600000000000000000e+01 6.812362999585017120e-02
8.700000000000000000e+01 5.072881432460610296e-02
8.800000000000000000e+01 3.334729877311566615e-02
8.900000000000000000e+01 1.607789216122180662e-02
9.000000000000000000e+01 3.717708567628795219e-03
9.100000000000000000e+01 1.945015832703799602e-02
9.200000000000000000e+01 3.676297662827567037e-02
9.300000000000001421e+01 5.415033728514696137e-02
9.400000000000000000e+01 7.154446519587866204e-02
9.500000000000000000e+01 8.892641415388108372e-02
9.600000000000000000e+01 1.062861731467521637e-01
9.700000000000000000e+01 1.236163909850595544e-01
9.799999999999998579e+01 1.409107429520343457e-01
9.900000000000001421e+01 1.581633742670082721e-01
1.000000000000000000e+02 1.753686748546026131e-01
1.010000000000000000e+02 1.925211766529643098e-01
1.020000000000000000e+02 2.096155026096877816e-01
1.030000000000000142e+02 2.266463397476089214e-01
1.040000000000000142e+02 2.436084243755137768e-01
1.050000000000000000e+02 2.604965337849960982e-01
1.060000000000000000e+02 2.773054816258921362e-01
1.070000000000000000e+02 2.940301154579109122e-01
1.080000000000000000e+02 3.106653156145718908e-01
1.089999999999999858e+02 3.272059949146290392e-01
1.100000000000000142e+02 3.436470989064889792e-01
1.110000000000000000e+02 3.599836064832278582e-01
1.120000000000000000e+02 3.762105307248270192e-01
1.130000000000000000e+02 3.923229199304660852e-01
1.140000000000000142e+02 4.083158587263174821e-01
1.149999999999999858e+02 4.241844692977927433e-01
1.160000000000000142e+02 4.399239126350468210e-01
1.170000000000000000e+02 4.555293898466777902e-01
1.180000000000000142e+02 4.709961434818030201e-01
1.190000000000000000e+02 4.863194588715081257e-01
1.200000000000000000e+02 5.014946654722933772e-01
1.210000000000000142e+02 5.165171382321619431e-01
1.219999999999999858e+02 5.313822989258754070e-01
1.230000000000000000e+02 5.460856175267702062e-01
1.240000000000000000e+02 5.606226135088003826e-01
1.250000000000000142e+02 5.749888572300151379e-01
1.259999999999999858e+02 5.891799712113858778e-01
1.270000000000000142e+02 6.031916314750532804e-01
1.280000000000000000e+02 6.170195688292207103e-01
1.290000000000000000e+02 6.306595701475751214e-01
1.300000000000000000e+02 6.441074796749743925e-01
1.310000000000000000e+02 6.573592002219300623e-01
1.320000000000000000e+02 6.704106944562874260e-01
1.330000000000000000e+02 6.832579861031381485e-01
1.340000000000000000e+02 6.958971611299213933e-01
1.350000000000000000e+02 7.083243689760809758e-01
1.360000000000000284e+02 7.205358236830935459e-01
1.370000000000000000e+02 7.325278050601772284e-01
1.380000000000000000e+02 7.442966598008059487e-01
1.390000000000000000e+02 7.558388025982454295e-01
1.400000000000000000e+02 7.671507172564521193e-01
1.410000000000000000e+02 7.782289577110048651e-01
1.420000000000000000e+02 7.890701491161904446e-01
1.430000000000000000e+02 7.996709888556359225e-01
1.440000000000000000e+02 8.100282475415904182e-01
1.450000000000000000e+02 8.201387700146038906e-01
1.460000000000000000e+02 8.299994762797650028e-01
1.470000000000000000e+02 8.396073624546219749e-01
1.480000000000000000e+02 8.489595016955910900e-01
1.490000000000000000e+02 8.580530450606201898e-01
1.500000000000000000e+02 8.668852223984031546e-01
1.510000000000000000e+02 8.754533431917821407e-01
1.520000000000000284e+02 8.837547973548920410e-01
1.530000000000000000e+02 8.917870560370095845e-01
1.540000000000000000e+02 8.995476724207842611e-01
1.550000000000000000e+02 9.070342824173494023e-01
1.559999999999999716e+02 9.142446054279875778e-01
1.570000000000000000e+02 9.211764450091879386e-01
1.580000000000000000e+02 9.278276895652272094e-01
1.590000000000000284e+02 9.341963129601866811e-01
1.600000000000000000e+02 9.402803751735316906e-01
1.610000000000000000e+02 9.460780228576182171e-01
1.620000000000000000e+02 9.515874899295638789e-01
1.630000000000000284e+02 9.568070980721442576e-01
1.640000000000000000e+02 9.617352572944068978e-01
1.650000000000000000e+02 9.663704663598093880e-01
1.660000000000000000e+02 9.707113132937412736e-01
1.670000000000000000e+02 9.747564757754061393e-01
1.680000000000000000e+02 9.785047215720125147e-01
1.690000000000000000e+02 9.819549088852895791e-01
1.700000000000000284e+02 9.851059867254857716e-01
1.710000000000000000e+02 9.879569951982756226e-01
1.720000000000000000e+02 9.905070658424367513e-01
1.730000000000000000e+02 9.927554218379848194e-01
1.740000000000000000e+02 9.947013783118567876e-01
1.750000000000000000e+02 9.963443424643250168e-01
1.760000000000000000e+02 9.976838138360644148e-01
1.770000000000000000e+02 9.987193843874800914e-01
1.780000000000000000e+02 9.994507386686204420e-01
1.790000000000000000e+02 9.998776538840238315e-01
1.800000000000000000e+02 1.000000000000000000e+00
1.810000000000000000e+02 9.998177397397856048e-01
1.820000000000000000e+02 9.993309286242086920e-01
1.830000000000000000e+02 9.985397149516467286e-01
1.840000000000000000e+02 9.974443397287657831e-01
1.849999999999999716e+02 9.960451366402377493e-01
1.860000000000000284e+02 9.943425319054102207e-01
1.870000000000000284e+02 9.923370441736480974e-01
1.880000000000000000e+02 9.900292843526171671e-01
1.890000000000000000e+02 9.874199554405038715e-01
1.900000000000000000e+02 9.845098522771101868e-01
1.910000000000000000e+02 9.812998613559293926e-01
1.920000000000000000e+02 9.777909604985824954e-01
1.930000000000000000e+02 9.739842185761402593e-01
1.940000000000000000e+02 9.698807952183083891e-01
1.950000000000000284e+02 9.654819404047957354e-01
1.959999999999999716e+02 9.607889941172940151e-01
1.970000000000000284e+02 9.558033859336725335e-01
1.980000000000000284e+02 9.505266345730505329e-01
1.990000000000000000e+02 9.449603474495575917e-01
2.000000000000000000e+02 9.391062201721428471e-01
2.010000000000000000e+02 9.329660360529972163e-01
2.020000000000000000e+02 9.265416655098442922e-01
2.030000000000000000e+02 9.198350655675662235e-01
2.040000000000000000e+02 9.128482792137457835e-01
2.050000000000000000e+02 9.055834347912803395e-01
2.060000000000000284e+02 8.980427453334336452e-01
2.069999999999999716e+02 8.902285079349387953e-01
2.080000000000000284e+02 8.821431030088523473e-01
2.090000000000000284e+02 8.737889935663992746e-01
2.100000000000000000e+02 8.651687245067301024e-01
2.110000000000000000e+02 8.562849217794532564e-01
2.120000000000000000e+02 8.471402916552658313e-01
2.130000000000000000e+02 8.377376198353642112e-01
2.140000000000000000e+02 8.280797706646951806e-01
2.150000000000000000e+02 8.181696862017663330e-01
2.160000000000000000e+02 8.080103853812403703e-01
2.170000000000000284e+02 7.976049630452546335e-01
2.179999999999999716e+02 7.869565890413430242e-01
2.190000000000000284e+02 7.760685072429647224e-01
2.200000000000000284e+02 7.649440345431726129e-01
2.210000000000000000e+02 7.535865598857849346e-01
2.220000000000000000e+02 7.419995432009962588e-01
2.230000000000000000e+02 7.301865143856406393e-01
2.240000000000000000e+02 7.181510721914728945e-01
2.250000000000000000e+02 7.058968831707800318e-01
2.260000000000000000e+02 6.934276805416174083e-01
2.270000000000000000e+02 6.807472630682011028e-01
2.280000000000000284e+02 6.678594938835633599e-01
2.290000000000000000e+02 6.547682993567804921e-01
2.299999999999999716e+02 6.414776678665125020e-01
2.309999999999999716e+02 6.279916486213401594e-01
2.320000000000000284e+02 6.143143504184400694e-01
2.330000000000000000e+02 6.004499404091314663e-01
2.340000000000000000e+02 5.864026428483927189e-01
2.350000000000000000e+02 5.721767377968481894e-01
2.360000000000000284e+02 5.577765598610788800e-01
2.370000000000000000e+02 5.432064968928121962e-01
2.380000000000000000e+02 5.284709886432805703e-01
2.390000000000000000e+02 5.135745254769509271e-01
2.400000000000000000e+02 4.985216470118694065e-01
2.410000000000000284e+02 4.833169407860518074e-01
2.420000000000000284e+02 4.679650409131563826e-01
2.430000000000000284e+02 4.524706267138857707e-01
2.439999999999999716e+02 4.368384213870336041e-01
2.450000000000000000e+02 4.210731906382939593e-01
2.460000000000000000e+02 4.051797413519719337e-01
2.470000000000000000e+02 3.891629202739972926e-01
2.480000000000000000e+02 3.730276127077252757e-01
2.490000000000000000e+02 3.567787412587010154e-01
2.500000000000000284e+02 3.404212646497697947e-01
2.510000000000000284e+02 3.239601765962880076e-01
2.519999999999999716e+02 3.074005048258196537e-01
2.529999999999999716e+02 2.907473102735368964e-01
2.540000000000000284e+02 2.740056865040347289e-01
2.550000000000000000e+02 2.571807595921986600e-01
2.560000000000000000e+02 2.402776885285892450e-01
2.570000000000000000e+02 2.233016665623940022e-01
2.580000000000000000e+02 2.062579240136768466e-01
2.590000000000000568e+02 1.891517334552136054e-01
2.600000000000000000e+02 1.719884190235957122e-01
2.610000000000000000e+02 1.547733730140789798e-01
2.620000000000000000e+02 1.375120863070827815e-01
2.630000000000000000e+02 1.202102065735209946e-01
2.640000000000000000e+02 1.028736572122175841e-01
2.650000000000000000e+02 8.550890357142594544e-02
2.660000000000000000e+02 6.812362999545087949e-02
2.669999999999999432e+02 5.072881432455644823e-02
2.680000000000000000e+02 3.334729877309017959e-02
2.690000000000000000e+02 1.607789216125328144e-02
2.700000000000000000e+02 3.717708567628678559e-03
2.710000000000000000e+02 1.945015832701878916e-02
2.720000000000000568e+02 3.676297662822088086e-02
2.730000000000000568e+02 5.415033728522448270e-02
2.740000000000000000e+02 7.154446519604262811e-02
2.750000000000000000e+02 8.892641415418528483e-02
2.760000000000000000e+02 1.062861731470424037e-01
2.770000000000000000e+02 1.236163909846475784e-01
2.780000000000000000e+02 1.409107429522209465e-01
2.790000000000000000e+02 1.581633742667354348e-01
2.800000000000000000e+02 1.753686748547925445e-01
2.810000000000000568e+02 1.925211766531050306e-01
2.820000000000000000e+02 2.096155026102617946e-01
2.830000000000000000e+02 2.266463397476724539e-01
2.840000000000000000e+02 2.436084243767953350e-01
2.850000000000000000e+02 2.604965337858736185e-01
2.860000000000000000e+02 2.773054816256615429e-01
2.870000000000000000e+02 2.940301154566833941e-01
2.880000000000000000e+02 3.106653156134099869e-01
2.890000000000000000e+02 3.272059949143072966e-01
2.900000000000000000e+02 3.436470989062206938e-01
2.910000000000000000e+02 3.599836064820566839e-01
2.920000000000000000e+02 3.762105307240586338e-01
2.930000000000000000e+02 3.923229199303883141e-01
2.940000000000000000e+02 4.083158587265943718e-01
2.950000000000000568e+02 4.241844692974022224e-01
2.960000000000000000e+02 4.399239126359476004e-01
2.970000000000000000e+02 4.555293898451488466e-01
2.980000000000000000e+02 4.709961434817310777e-01
2.990000000000000000e+02 4.863194588695953224e-01
3.000000000000000000e+02 5.014946654715167762e-01
3.010000000000000000e+02 5.165171382311777304e-01
3.020000000000000000e+02 5.313822989269018082e-01
3.030000000000000000e+02 5.460856175289705572e-01
3.040000000000000568e+02 5.606226135078813400e-01
3.050000000000000000e+02 5.749888572304251433e-01
3.060000000000000000e+02 5.891799712110663556e-01
3.070000000000000000e+02 6.031916314737176821e-01
3.080000000000000000e+02 6.170195688279102031e-01
3.090000000000000000e+02 6.306595701487694994e-01
3.100000000000000000e+02 6.441074796768748723e-01
3.110000000000000000e+02 6.573592002226615882e-01
3.119999999999999432e+02 6.704106944595146222e-01
3.130000000000000000e+02 6.832579861013471367e-01
3.140000000000000000e+02 6.958971611306471461e-01
3.150000000000000000e+02 7.083243689766636209e-01
3.160000000000000000e+02 7.205358236841081787e-01
3.170000000000000568e+02 7.325278050604953073e-01
3.180000000000000568e+02 7.442966597996835132e-01
3.190000000000000000e+02 7.558388026008298066e-01
3.200000000000000000e+02 7.671507172564721033e-01
3.210000000000000000e+02 7.782289577095543587e-01
3.220000000000000000e+02 7.890701491154344938e-01
3.230000000000000000e+02 7.996709888543540590e-01
3.240000000000000000e+02 8.100282475415904182e-01
3.250000000000000000e+02 8.201387700153007776e-01
3.260000000000000568e+02 8.299994762786592206e-01
3.270000000000000000e+02 8.396073624519249101e-01
3.280000000000000000e+02 8.489595016955910900e-01
3.290000000000000000e+02 8.580530450609260562e-01
3.300000000000000000e+02 8.668852224015033414e-01
3.310000000000000000e+02 8.754533431911419861e-01
3.320000000000000000e+02 8.837547973526386214e-01
3.330000000000000000e+02 8.917870560370095845e-01
3.340000000000000000e+02 8.995476724205455632e-01
3.350000000000000000e+02 9.070342824173452945e-01
3.360000000000000000e+02 9.142446054269195432e-01
3.370000000000000000e+02 9.211764450101566082e-01
3.380000000000000000e+02 9.278276895652272094e-01
3.390000000000000000e+02 9.341963129587215198e-01
3.400000000000000568e+02 9.402803751726164228e-01
3.410000000000000000e+02 9.460780228576182171e-01
3.420000000000000000e+02 9.515874899295638789e-01
3.430000000000000000e+02 9.568070980738714315e-01
3.440000000000000000e+02 9.617352572944068978e-01
3.450000000000000000e+02 9.663704663563356112e-01
3.460000000000000000e+02 9.707113132937412736e-01
3.470000000000000000e+02 9.747564757754061393e-01
3.480000000000000000e+02 9.785047215728217562e-01
3.490000000000000568e+02 9.819549088852895791e-01
3.500000000000000000e+02 9.851059867254857716e-01
3.510000000000000000e+02 9.879569951982756226e-01
3.520000000000000000e+02 9.905070658416276208e-01
3.530000000000000000e+02 9.927554218380810758e-01
3.540000000000000000e+02 9.947013783118567876e-01
3.550000000000000000e+02 9.963443424643250168e-01
3.560000000000000000e+02 9.976838138360644148e-01
3.569999999999999432e+02 9.987193843874800914e-01
3.580000000000000000e+02 9.994507386686204420e-01
3.590000000000000000e+02 9.998776538840238315e-01
3.600000000000000000e+02 1.000000000000000000e+00
