0.000000000000000000e+00 9.997652796345743997e-01
1.000000000000000000e+00 9.993210241878675015e-01
2.000000000000000000e+00 9.986478392273381299e-01
3.000000000000000000e+00 9.975568819102708096e-01
4.000000000000000000e+00 9.960895462874352901e-01
5.000000000000000000e+00 9.942905990995402066e-01
6.000000000000000000e+00 9.924323627603925946e-01
7.000000000000000000e+00 9.901656388797577257e-01
8.000000000000000000e+00 9.875559229463244382e-01
9.000000000000000000e+00 9.846492589169453247e-01
1.000000000000000000e+01 9.813295390850127475e-01
1.100000000000000000e+01 9.778852463984628596e-01
1.200000000000000000e+01 9.741010007193506848e-01
1.300000000000000178e+01 9.701223154477490729e-01
1.400000000000000000e+01 9.655509643748902970e-01
1.500000000000000000e+01 9.609468349273778687e-01
1.600000000000000000e+01 9.560015771880159274e-01
1.700000000000000355e+01 9.507922023690872360e-01
1.800000000000000000e+01 9.451708707623227568e-01
1.900000000000000355e+01 9.395186767727664590e-01
2.000000000000000000e+01 9.332323930934237621e-01
2.100000000000000000e+01 9.268052540839561981e-01
2.200000000000000000e+01 9.200674469612164508e-01
2.300000000000000000e+01 9.131842655541358988e-01
2.400000000000000000e+01 9.059154967239948508e-01
2.500000000000000000e+01 8.983366349782943017e-01
2.600000000000000355e+01 8.906224936899265199e-01
2.700000000000000000e+01 8.825161201228151064e-01
2.800000000000000000e+01 8.743165463516850977e-01
2.900000000000000355e+01 8.656234465136287692e-01
3.000000000000000000e+01 8.567651219743221969e-01
3.100000000000000000e+01 8.475967465159697234e-01
3.200000000000000000e+01 8.382200501441134932e-01
3.300000000000000000e+01 8.287074726994277940e-01
3.400000000000000711e+01 8.186815506171296608e-01
3.500000000000000000e+01 8.085109719350317414e-01
3.600000000000000000e+01 7.982086006670497946e-01
3.700000000000000000e+01 7.876304747730105138e-01
3.800000000000000711e+01 7.766709132244202785e-01
3.899999999999999289e+01 7.655555559375166741e-01
4.000000000000000000e+01 7.541631439431876194e-01
4.100000000000000000e+01 7.426344773938668986e-01
4.200000000000000000e+01 7.308228775835241553e-01
4.300000000000000000e+01 7.188780162900983983e-01
4.400000000000000000e+01 7.065756815000795443e-01
4.500000000000000000e+01 6.941608231315179456e-01
4.600000000000000000e+01 6.815443170931392292e-01
4.700000000000000000e+01 6.686243284838718770e-01
4.800000000000000000e+01 6.555617725700314535e-01
4.899999999999999289e+01 6.422615333660949277e-01
5.000000000000000000e+01 6.288372451377042260e-01
5.100000000000000000e+01 6.151753651233311526e-01
5.200000000000000711e+01 6.013880115270480164e-01
5.300000000000000000e+01 5.872209418335624376e-01
5.400000000000000000e+01 5.730433480070388219e-01
5.500000000000000711e+01 5.586704009857026421e-01
5.600000000000000000e+01 5.441351681975221677e-01
5.700000000000000711e+01 5.294270315180497066e-01
5.800000000000000711e+01 5.145668970210567350e-01
5.900000000000000711e+01 4.994753801097673307e-01
6.000000000000000000e+01 4.843114590594518876e-01
6.099999999999999289e+01 4.690142156416845509e-01
6.200000000000000000e+01 4.535367492145810919e-01
6.299999999999999289e+01 4.379086640733146907e-01
6.400000000000000000e+01 4.222096724985737737e-01
6.500000000000000000e+01 4.063433381039273651e-01
6.600000000000000000e+01 3.903494845325733986e-01
6.700000000000000000e+01 3.742226510187135480e-01
6.800000000000001421e+01 3.579672116085905187e-01
6.900000000000000000e+01 3.417669476783121163e-01
7.000000000000000000e+01 3.252839656530564505e-01
7.100000000000000000e+01 3.087896776528566423e-01
7.200000000000000000e+01 2.921240167308780666e-01
7.300000000000000000e+01 2.754362940590515674e-01
7.400000000000000000e+01 2.586688434500301614e-01
7.500000000000000000e+01 2.418131827926079669e-01
7.600000000000001421e+01 2.248890008994777479e-01
7.700000000000000000e+01 2.079161656055175944e-01
7.799999999999998579e+01 1.908858055069876380e-01
7.900000000000000000e+01 1.738546353095506980e-01
8.000000000000000000e+01 1.567396388517624528e-01
8.100000000000000000e+01 1.396116733184167569e-01
8.200000000000000000e+01 1.224955521504493272e-01
8.300000000000000000e+01 1.054079445683574062e-01
8.400000000000000000e+01 8.836526497826228954e-02
8.500000000000001421e+01 7.147067370678998610e-02
8.600000000000000000e+01 5.486317372772691464e-02
8.700000000000000000e+01 3.895615231421764579e-02
8.800000000000000000e+01 2.515993065078972121e-02
8.900000000000000000e+01 1.889184271405393301e-02
9.000000000000000000e+01 2.626191847931461792e-02
9.100000000000000000e+01 4.038336454223304117e-02
9.200000000000000000e+01 5.638791984018357017e-02
9.300000000000001421e+01 7.302590819986579107e-02
9.400000000000000000e+01 8.994730276214731035e-02
9.500000000000000000e+01 1.069859540854600499e-01
9.600000000000000000e+01 1.240998052509169058e-01
9.700000000000000000e+01 1.412045834961924984e-01
9.799999999999998579e+01 1.583233682196195091e-01
9.900000000000001421e+01 1.754207692399488705e-01
1.000000000000000000e+02 1.924962857271107775e-01
1.010000000000000000e+02 2.095074742039998439e-01
1.020000000000000000e+02 2.264780686444303193e-01
1.030000000000000142e+02 2.433920602744809036e-01
1.040000000000000142e+02 2.602412901333393536e-01
1.050000000000000000e+02 2.769971353081081555e-01
1.060000000000000000e+02 2.936828040721985444e-01
1.070000000000000000e+02 3.102759019000067009e-01
1.080000000000000000e+02 3.268048860387017807e-01
1.089999999999999858e+02 3.432192410886584777e-01
1.100000000000000142e+02 3.595173366471162146e-01
1.110000000000000000e+02 3.757644080207053205e-01
1.120000000000000000e+02 3.918045810895783854e-01
1.130000000000000000e+02 4.078431098428593748e-01
1.140000000000000142e+02 4.236405560885597721e-01
1.149999999999999858e+02 4.393592647037466437e-01
1.160000000000000142e+02 4.549616554677122227e-01
1.170000000000000000e+02 4.704337134944916454e-01
1.180000000000000142e+02 4.857453822852886849e-01
1.190000000000000000e+02 5.008708566198339929e-01
1.200000000000000000e+02 5.159239530283818986e-01
1.210000000000000142e+02 5.307754831695304931e-01
1.219999999999999858e+02 5.455320552318569938e-01
1.230000000000000000e+02 5.600258595402461959e-01
1.240000000000000000e+02 5.744409703841327763e-01
1.250000000000000142e+02 5.885881055129529305e-01
1.259999999999999858e+02 6.025939298637139618e-01
1.270000000000000142e+02 6.164234758008015902e-01
1.280000000000000000e+02 6.301353136649293640e-01
1.290000000000000000e+02 6.435038595659844374e-01
1.300000000000000000e+02 6.568163089907139707e-01
1.310000000000000000e+02 6.698422804301391587e-01
1.320000000000000000e+02 6.827421329877222389e-01
1.330000000000000000e+02 6.953516634576898392e-01
1.340000000000000000e+02 7.077462532237570603e-01
1.350000000000000000e+02 7.199408787284176103e-01
1.360000000000000284e+02 7.319526103050192356e-01
1.370000000000000000e+02 7.437088306032872964e-01
1.380000000000000000e+02 7.552956553313847632e-01
1.390000000000000000e+02 7.666046091624176828e-01
1.400000000000000000e+02 7.777412754943419104e-01
1.410000000000000000e+02 7.885812904525809630e-01
1.420000000000000000e+02 7.990838600783489731e-01
1.430000000000000000e+02 8.094615555498134718e-01
1.440000000000000000e+02 8.196966432053924834e-01
1.450000000000000000e+02 8.294894276413591339e-01
1.460000000000000000e+02 8.391246630613439228e-01
1.470000000000000000e+02 8.484692398170843308e-01
1.480000000000000000e+02 8.575938448902707956e-01
1.490000000000000000e+02 8.664124728029588551e-01
1.500000000000000000e+02 8.750013091256638731e-01
1.510000000000000000e+02 8.833906026664453126e-01
1.520000000000000284e+02 8.913552825633760390e-01
1.530000000000000000e+02 8.991079777410639906e-01
1.540000000000000000e+02 9.065487586352259930e-01
1.550000000000000000e+02 9.138461163367508355e-01
1.559999999999999716e+02 9.206990639993706260e-01
1.570000000000000000e+02 9.275307312237339730e-01
1.580000000000000000e+02 9.338517816512383884e-01
1.590000000000000284e+02 9.399073381976129626e-01
1.600000000000000000e+02 9.457689068845419600e-01
1.610000000000000000e+02 9.511174702449048945e-01
1.620000000000000000e+02 9.565636079703595529e-01
1.630000000000000284e+02 9.614589601612568703e-01
1.640000000000000000e+02 9.661818944801499054e-01
1.650000000000000000e+02 9.702964611750614088e-01
1.660000000000000000e+02 9.745846612642602436e-01
1.670000000000000000e+02 9.781760641157687397e-01
1.680000000000000000e+02 9.816608214086488537e-01
1.690000000000000000e+02 9.847898673496048305e-01
1.700000000000000284e+02 9.877790748801442700e-01
1.710000000000000000e+02 9.904480370854977789e-01
1.720000000000000000e+02 9.924416965779410127e-01
1.730000000000000000e+02 9.944303295854732827e-01
1.740000000000000000e+02 9.960883002497352701e-01
1.750000000000000000e+02 9.975643497019032191e-01
1.760000000000000000e+02 9.985687202707790311e-01
1.770000000000000000e+02 9.993247322754471584e-01
1.780000000000000000e+02 9.998523303714053068e-01
1.790000000000000000e+02 1.000000000000000000e+00
1.800000000000000000e+02 9.997652796345743997e-01
1.810000000000000000e+02 9.993210241878675015e-01
1.820000000000000000e+02 9.986478392273381299e-01
1.830000000000000000e+02 9.975568819102708096e-01
1.840000000000000000e+02 9.960895462874352901e-01
1.849999999999999716e+02 9.942905990995402066e-01
1.860000000000000284e+02 9.924323627603925946e-01
1.870000000000000284e+02 9.901765902016093079e-01
1.880000000000000000e+02 9.875209901972462623e-01
1.890000000000000000e+02 9.846492589169453247e-01
1.900000000000000000e+02 9.813295390850127475e-01
1.910000000000000000e+02 9.778852463984628596e-01
1.920000000000000000e+02 9.741363675411601752e-01
1.930000000000000000e+02 9.701223154477490729e-01
1.940000000000000000e+02 9.655509643748902970e-01
1.950000000000000284e+02 9.609468349273778687e-01
1.959999999999999716e+02 9.560015771880159274e-01
1.970000000000000284e+02 9.507922023690872360e-01
1.980000000000000284e+02 9.452892216199181297e-01
1.990000000000000000e+02 9.393889441575711263e-01
2.000000000000000000e+02 9.332323930934237621e-01
2.010000000000000000e+02 9.268052540839561981e-01
2.020000000000000000e+02 9.200674469612164508e-01
2.030000000000000000e+02 9.131842655541358988e-01
2.040000000000000000e+02 9.059154967239948508e-01
2.050000000000000000e+02 8.984192098582354236e-01
2.060000000000000284e+02 8.905935661824428973e-01
2.069999999999999716e+02 8.825161201228151064e-01
2.080000000000000284e+02 8.742391874063188961e-01
2.090000000000000284e+02 8.656055906517164944e-01
2.100000000000000000e+02 8.567187013999489897e-01
2.110000000000000000e+02 8.475967465159697234e-01
2.120000000000000000e+02 8.382541260541802597e-01
2.130000000000000000e+02 8.287074726994277940e-01
2.140000000000000000e+02 8.186999019304027625e-01
2.150000000000000000e+02 8.085109719350317414e-01
2.160000000000000000e+02 7.982248564620730846e-01
2.170000000000000284e+02 7.876304747730105138e-01
2.179999999999999716e+02 7.766505973329421719e-01
2.190000000000000284e+02 7.655360435681398679e-01
2.200000000000000284e+02 7.541631439431876194e-01
2.210000000000000000e+02 7.425902740608401054e-01
2.220000000000000000e+02 7.308228775835241553e-01
2.230000000000000000e+02 7.188645914374256485e-01
2.240000000000000000e+02 7.065819533710350209e-01
2.250000000000000000e+02 6.941592330099042307e-01
2.260000000000000000e+02 6.815443170931392292e-01
2.270000000000000000e+02 6.686200578978828135e-01
2.280000000000000284e+02 6.555783315417997859e-01
2.290000000000000000e+02 6.422615333660949277e-01
2.299999999999999716e+02 6.287893164022368975e-01
2.309999999999999716e+02 6.151961147820179665e-01
2.320000000000000284e+02 6.013541076588152512e-01
2.330000000000000000e+02 5.873091991292731517e-01
2.340000000000000000e+02 5.730232971482105420e-01
2.350000000000000000e+02 5.587078568191919947e-01
2.360000000000000284e+02 5.441640019729555577e-01
2.370000000000000000e+02 5.294504524393924827e-01
2.380000000000000000e+02 5.145492682319520172e-01
2.390000000000000000e+02 4.995174166216958533e-01
2.400000000000000000e+02 4.843349331870043795e-01
2.410000000000000284e+02 4.689996222891231192e-01
2.420000000000000284e+02 4.535689915485833223e-01
2.430000000000000284e+02 4.379456892089957920e-01
2.439999999999999716e+02 4.221726361760468893e-01
2.450000000000000000e+02 4.062850436793181697e-01
2.460000000000000000e+02 3.903916930321548184e-01
2.470000000000000000e+02 3.742314165737173903e-01
2.480000000000000000e+02 3.580118445754537637e-01
2.490000000000000000e+02 3.417365527257271718e-01
2.500000000000000284e+02 3.252291924090710551e-01
2.510000000000000284e+02 3.087568715070350134e-01
2.519999999999999716e+02 2.921381961601223209e-01
2.529999999999999716e+02 2.754025242909570736e-01
2.540000000000000284e+02 2.586750572889355837e-01
2.550000000000000000e+02 2.418054481763189101e-01
2.560000000000000000e+02 2.249282640598607996e-01
2.570000000000000000e+02 2.079561763663718976e-01
2.580000000000000000e+02 1.909021389648864198e-01
2.590000000000000568e+02 1.738532950648632724e-01
2.600000000000000000e+02 1.567277480713384075e-01
2.610000000000000000e+02 1.396211985280389478e-01
2.620000000000000000e+02 1.225138095363167146e-01
2.630000000000000000e+02 1.053980496056155097e-01
2.640000000000000000e+02 8.836904603330970887e-02
2.650000000000000000e+02 7.148056385399050028e-02
2.660000000000000000e+02 5.487029873362125193e-02
2.669999999999999432e+02 3.895864830933589568e-02
2.680000000000000000e+02 2.516261760260863831e-02
2.690000000000000000e+02 1.889328206500940147e-02
2.700000000000000000e+02 2.626191921427314252e-02
2.710000000000000000e+02 4.038508952735855861e-02
2.720000000000000568e+02 5.638803153051097361e-02
2.730000000000000568e+02 7.302985104846758391e-02
2.740000000000000000e+02 8.995590138945450120e-02
2.750000000000000000e+02 1.069924382564510779e-01
2.760000000000000000e+02 1.240856048004182893e-01
2.770000000000000000e+02 1.411964881239315406e-01
2.780000000000000000e+02 1.583405491997679770e-01
2.790000000000000000e+02 1.754110510866192796e-01
2.800000000000000000e+02 1.924930386693183837e-01
2.810000000000000568e+02 2.095043935319089723e-01
2.820000000000000000e+02 2.264967916201908460e-01
2.830000000000000000e+02 2.433972498878073376e-01
2.840000000000000000e+02 2.602021324566010652e-01
2.850000000000000000e+02 2.770101052028651201e-01
2.860000000000000000e+02 2.936748329653148804e-01
2.870000000000000000e+02 3.102755942325057248e-01
2.880000000000000000e+02 3.268135604232449976e-01
2.890000000000000000e+02 3.432197107740699860e-01
2.900000000000000000e+02 3.595312021285415605e-01
2.910000000000000000e+02 3.757498814047901536e-01
2.920000000000000000e+02 3.918548564135573842e-01
2.930000000000000000e+02 4.078561179024101646e-01
2.940000000000000000e+02 4.236599516672750476e-01
2.950000000000000568e+02 4.393887274387094921e-01
2.960000000000000000e+02 4.549729044257743160e-01
2.970000000000000000e+02 4.704796474769516457e-01
2.980000000000000000e+02 4.857441948280691868e-01
2.990000000000000000e+02 5.008292353098728888e-01
3.000000000000000000e+02 5.159237368997935391e-01
3.010000000000000000e+02 5.307890989550689831e-01
3.020000000000000000e+02 5.455296006127110520e-01
3.030000000000000000e+02 5.600130074734538388e-01
3.040000000000000568e+02 5.743894905647337623e-01
3.050000000000000000e+02 5.885895962199182430e-01
3.060000000000000000e+02 6.025980839751604590e-01
3.070000000000000000e+02 6.164479337912676105e-01
3.080000000000000000e+02 6.300915374134093971e-01
3.090000000000000000e+02 6.435264259094863881e-01
3.100000000000000000e+02 6.568571095732507192e-01
3.110000000000000000e+02 6.697501299650185924e-01
3.119999999999999432e+02 6.826647481143320872e-01
3.130000000000000000e+02 6.953273666741197623e-01
3.140000000000000000e+02 7.077369764539026553e-01
3.150000000000000000e+02 7.198786727676704800e-01
3.160000000000000000e+02 7.319789108870329297e-01
3.170000000000000568e+02 7.437982813818536654e-01
3.180000000000000568e+02 7.552653781070270966e-01
3.190000000000000000e+02 7.664856175816548989e-01
3.200000000000000000e+02 7.777280963366064448e-01
3.210000000000000000e+02 7.885016713953245659e-01
3.220000000000000000e+02 7.991285320787947510e-01
3.230000000000000000e+02 8.094842762939057357e-01
3.240000000000000000e+02 8.196966432053924834e-01
3.250000000000000000e+02 8.294601132544573430e-01
3.260000000000000568e+02 8.391217164545821117e-01
3.270000000000000000e+02 8.485313557657632177e-01
3.280000000000000000e+02 8.575938448902707956e-01
3.290000000000000000e+02 8.664673518273512398e-01
3.300000000000000000e+02 8.750391963839390108e-01
3.310000000000000000e+02 8.833324719482138487e-01
3.320000000000000000e+02 8.913553527011902622e-01
3.330000000000000000e+02 8.991079777410639906e-01
3.340000000000000000e+02 9.066042773286843159e-01
3.350000000000000000e+02 9.139405999752666654e-01
3.360000000000000000e+02 9.208267154915068531e-01
3.370000000000000000e+02 9.275140121246487901e-01
3.380000000000000000e+02 9.338517816512383884e-01
3.390000000000000000e+02 9.399674119425468488e-01
3.400000000000000568e+02 9.457674070071883099e-01
3.410000000000000000e+02 9.511174702449048945e-01
3.420000000000000000e+02 9.565636079703595529e-01
3.430000000000000000e+02 9.614489191192467921e-01
3.440000000000000000e+02 9.661818944801499054e-01
3.450000000000000000e+02 9.703583837626900133e-01
3.460000000000000000e+02 9.745846612642602436e-01
3.470000000000000000e+02 9.781760641157687397e-01
3.480000000000000000e+02 9.817391458567170659e-01
3.490000000000000568e+02 9.847898673496048305e-01
3.500000000000000000e+02 9.877790748801442700e-01
3.510000000000000000e+02 9.904480370854977789e-01
3.520000000000000000e+02 9.925035117560863096e-01
3.530000000000000000e+02 9.944855938083044800e-01
3.540000000000000000e+02 9.960883002497352701e-01
3.550000000000000000e+02 9.975643497019032191e-01
3.560000000000000000e+02 9.985687202707790311e-01
3.569999999999999432e+02 9.993247322754471584e-01
3.580000000000000000e+02 9.998523303714053068e-01
3.590000000000000000e+02 1.000000000000000000e+00
3.600000000000000000e+02 9.997652796345743997e-01
