0.000000000000000000e+00 9.999842096114568424e-01
1.000000000000000000e+00 9.996969447505303918e-01
2.000000000000000000e+00 9.990908392106410130e-01
3.000000000000000000e+00 9.981736308332467278e-01
4.000000000000000000e+00 9.969386328199957292e-01
5.000000000000000000e+00 9.954152188267297863e-01
6.000000000000000000e+00 9.935659958643162648e-01
7.000000000000000000e+00 9.914704688234050600e-01
8.000000000000000000e+00 9.890672134636976365e-01
9.000000000000000000e+00 9.863013350339142615e-01
1.000000000000000000e+01 9.832540785863994603e-01
1.100000000000000000e+01 9.799758794391026928e-01
1.200000000000000000e+01 9.763114208820531381e-01
1.300000000000000178e+01 9.723703611656737689e-01
1.400000000000000000e+01 9.681717342959188510e-01
1.500000000000000000e+01 9.636121405222261016e-01
1.600000000000000000e+01 9.588481803360484612e-01
1.700000000000000355e+01 9.537270139829763238e-01
1.800000000000000000e+01 9.483223866251905276e-01
1.900000000000000355e+01 9.426930361630693200e-01
2.000000000000000000e+01 9.367050014465869712e-01
2.100000000000000000e+01 9.304178735244494902e-01
2.200000000000000000e+01 9.238828851298629408e-01
2.300000000000000000e+01 9.171000653731818941e-01
2.400000000000000000e+01 9.100337180512426682e-01
2.500000000000000000e+01 9.026550173357871243e-01
2.600000000000000355e+01 8.949631146797635273e-01
2.700000000000000000e+01 8.870761089289589396e-01
2.800000000000000000e+01 8.788719366133888045e-01
2.900000000000000355e+01 8.703762880575137695e-01
3.000000000000000000e+01 8.616603890353911055e-01
3.100000000000000000e+01 8.526869846869581382e-01
3.200000000000000000e+01 8.433985375731480882e-01
3.300000000000000000e+01 8.339352420973445978e-01
3.400000000000000711e+01 8.241507600825643820e-01
3.500000000000000000e+01 8.141455715011415295e-01
3.600000000000000000e+01 8.038298891706706639e-01
3.700000000000000000e+01 7.934235034387734364e-01
3.800000000000000711e+01 7.825975784849116268e-01
3.899999999999999289e+01 7.716352491657701984e-01
4.000000000000000000e+01 7.604339422031943796e-01
4.100000000000000000e+01 7.489627098536716376e-01
4.200000000000000000e+01 7.372686549444537052e-01
4.300000000000000000e+01 7.253962756853853389e-01
4.400000000000000000e+01 7.133037727076225742e-01
4.500000000000000000e+01 7.009391930696622364e-01
4.600000000000000000e+01 6.883807761139785208e-01
4.700000000000000000e+01 6.756200140924601971e-01
4.800000000000000000e+01 6.626323741944737389e-01
4.899999999999999289e+01 6.494674915640630264e-01
5.000000000000000000e+01 6.361370316440179140e-01
5.100000000000000000e+01 6.225244578713647892e-01
5.200000000000000711e+01 6.087944806682703547e-01
5.300000000000000000e+01 5.948360221214967769e-01
5.400000000000000000e+01 5.807248972639252882e-01
5.500000000000000711e+01 5.664160618747463571e-01
5.600000000000000000e+01 5.519457848132761635e-01
5.700000000000000711e+01 5.373219443108516735e-01
5.800000000000000711e+01 5.225210130285604659e-01
5.900000000000000711e+01 5.075595049954101379e-01
6.000000000000000000e+01 4.924620860189019567e-01
6.099999999999999289e+01 4.771953492436593058e-01
6.200000000000000000e+01 4.617542923663103260e-01
6.299999999999999289e+01 4.462017244882341971e-01
6.400000000000000000e+01 4.305240798578315875e-01
6.500000000000000000e+01 4.147099575867578269e-01
6.600000000000000000e+01 3.987728663666133544e-01
6.700000000000000000e+01 3.827161758658682023e-01
6.800000000000001421e+01 3.665292598871134344e-01
6.900000000000000000e+01 3.502350695364729316e-01
7.000000000000000000e+01 3.338208941957362952e-01
7.100000000000000000e+01 3.173322443148288152e-01
7.200000000000000000e+01 3.007266916787906252e-01
7.300000000000000000e+01 2.840329821628305162e-01
7.400000000000000000e+01 2.672626359383417638e-01
7.500000000000000000e+01 2.504071188078353383e-01
7.600000000000001421e+01 2.334705280895658097e-01
7.700000000000000000e+01 2.164615942404481963e-01
7.799999999999998579e+01 1.994025344224305274e-01
7.900000000000000000e+01 1.822694183512495736e-01
8.000000000000000000e+01 1.650816709386819792e-01
8.100000000000000000e+01 1.478534740783226942e-01
8.200000000000000000e+01 1.305685863175295724e-01
8.300000000000000000e+01 1.132534279536157734e-01
8.400000000000000000e+01 9.590520953790442060e-02
8.500000000000001421e+01 7.852800104505409939e-02
8.600000000000000000e+01 6.114204954706556339e-02
8.700000000000000000e+01 4.374838510666480274e-02
8.800000000000000000e+01 2.639259255737207155e-02
8.900000000000000000e+01 9.354368155265333634e-03
9.000000000000000000e+01 9.358589389403912384e-03
9.100000000000000000e+01 2.639730443080536351e-02
9.200000000000000000e+01 4.375244513381584821e-02
9.300000000000001421e+01 6.114515657033242624e-02
9.400000000000000000e+01 7.853559354993767949e-02
9.500000000000000000e+01 9.590997400682041429e-02
9.600000000000000000e+01 1.132585185017745272e-01
9.700000000000000000e+01 1.305738968493994345e-01
9.799999999999998579e+01 1.478603174639103179e-01
9.900000000000001421e+01 1.650882900655420704e-01
1.000000000000000000e+02 1.822693162521322463e-01
1.010000000000000000e+02 1.994117797547940441e-01
1.020000000000000000e+02 2.164677580738520735e-01
1.030000000000000142e+02 2.334680399388159855e-01
1.040000000000000142e+02 2.504081946101670564e-01
1.050000000000000000e+02 2.672679060073944735e-01
1.060000000000000000e+02 2.840489021151997306e-01
1.070000000000000000e+02 3.007319999213988182e-01
1.080000000000000000e+02 3.173269042387499850e-01
1.089999999999999858e+02 3.338411948816813468e-01
1.100000000000000142e+02 3.502366540013043261e-01
1.110000000000000000e+02 3.665392897866011634e-01
1.120000000000000000e+02 3.827056634013458747e-01
1.130000000000000000e+02 3.987788042017296752e-01
1.140000000000000142e+02 4.147183655534253388e-01
1.149999999999999858e+02 4.305375464773452121e-01
1.160000000000000142e+02 4.462478775281376042e-01
1.170000000000000000e+02 4.617813240195829949e-01
1.180000000000000142e+02 4.771796292732187750e-01
1.190000000000000000e+02 4.924463794344148271e-01
1.200000000000000000e+02 5.075555764749559717e-01
1.210000000000000142e+02 5.225137343413650548e-01
1.219999999999999858e+02 5.373396050026398862e-01
1.230000000000000000e+02 5.519664678155289383e-01
1.240000000000000000e+02 5.664148654229060886e-01
1.250000000000000142e+02 5.807378308557128443e-01
1.259999999999999858e+02 5.948744287401545039e-01
1.270000000000000142e+02 6.087798974789311313e-01
1.280000000000000000e+02 6.225351076021885532e-01
1.290000000000000000e+02 6.360876484488718896e-01
1.300000000000000000e+02 6.494619013924290973e-01
1.310000000000000000e+02 6.626253751961239669e-01
1.320000000000000000e+02 6.756299085971492202e-01
1.330000000000000000e+02 6.883660846605833550e-01
1.340000000000000000e+02 7.009442113501798133e-01
1.350000000000000000e+02 7.132785909510789280e-01
1.360000000000000284e+02 7.254174441010683427e-01
1.370000000000000000e+02 7.373172735485420404e-01
1.380000000000000000e+02 7.489843777996121332e-01
1.390000000000000000e+02 7.604766672033552721e-01
1.400000000000000000e+02 7.717029009712846888e-01
1.410000000000000000e+02 7.826225501674728413e-01
1.420000000000000000e+02 7.933944315518649537e-01
1.430000000000000000e+02 8.038816877482666268e-01
1.440000000000000000e+02 8.141166798722661024e-01
1.450000000000000000e+02 8.241414888779110548e-01
1.460000000000000000e+02 8.339038476963661628e-01
1.470000000000000000e+02 8.434387495894765108e-01
1.480000000000000000e+02 8.526686619654912924e-01
1.490000000000000000e+02 8.616691196860429836e-01
1.500000000000000000e+02 8.703634918080616067e-01
1.510000000000000000e+02 8.788038454777755693e-01
1.520000000000000284e+02 8.870334158461440355e-01
1.530000000000000000e+02 8.949767744564842697e-01
1.540000000000000000e+02 9.025744985702702783e-01
1.550000000000000000e+02 9.100232326162143170e-01
1.559999999999999716e+02 9.170854762778639646e-01
1.570000000000000000e+02 9.238949757973400345e-01
1.580000000000000000e+02 9.304914567886068966e-01
1.590000000000000284e+02 9.366854515776920076e-01
1.600000000000000000e+02 9.426787401283591716e-01
1.610000000000000000e+02 9.483609323633966914e-01
1.620000000000000000e+02 9.536933513147631825e-01
1.630000000000000284e+02 9.588288952948627042e-01
1.640000000000000000e+02 9.636958994659973188e-01
1.650000000000000000e+02 9.681982389807237688e-01
1.660000000000000000e+02 9.723930099140212224e-01
1.670000000000000000e+02 9.763167915647689155e-01
1.680000000000000000e+02 9.799556195604214315e-01
1.690000000000000000e+02 9.833324143936311712e-01
1.700000000000000284e+02 9.862540741046244008e-01
1.710000000000000000e+02 9.890175297152897782e-01
1.720000000000000000e+02 9.914601319910544275e-01
1.730000000000000000e+02 9.935866080636104325e-01
1.740000000000000000e+02 9.954011361613349651e-01
1.750000000000000000e+02 9.969170229132339189e-01
1.760000000000000000e+02 9.981882290061212526e-01
1.770000000000000000e+02 9.990840339989321972e-01
1.780000000000000000e+02 9.996718961436472650e-01
1.790000000000000000e+02 1.000000000000000000e+00
1.800000000000000000e+02 9.999842096114568424e-01
1.810000000000000000e+02 9.996969447505303918e-01
1.820000000000000000e+02 9.990908392106410130e-01
1.830000000000000000e+02 9.981736308332467278e-01
1.840000000000000000e+02 9.969386328199957292e-01
1.849999999999999716e+02 9.954152188267297863e-01
1.860000000000000284e+02 9.935659958643162648e-01
1.870000000000000284e+02 9.914735421157201412e-01
1.880000000000000000e+02 9.890563589492887830e-01
1.890000000000000000e+02 9.863013350339142615e-01
1.900000000000000000e+02 9.832540785863994603e-01
1.910000000000000000e+02 9.799758794391026928e-01
1.920000000000000000e+02 9.763204765556123821e-01
1.930000000000000000e+02 9.723703611656737689e-01
1.940000000000000000e+02 9.681717342959188510e-01
1.950000000000000284e+02 9.636121405222261016e-01
1.959999999999999716e+02 9.588481803360484612e-01
1.970000000000000284e+02 9.537270139829763238e-01
1.980000000000000284e+02 9.483738980311225975e-01
1.990000000000000000e+02 9.426640669642740722e-01
2.000000000000000000e+02 9.367050014465869712e-01
2.010000000000000000e+02 9.304178735244494902e-01
2.020000000000000000e+02 9.238828851298629408e-01
2.030000000000000000e+02 9.171000653731818941e-01
2.040000000000000000e+02 9.100337180512426682e-01
2.050000000000000000e+02 9.026016754288572752e-01
2.060000000000000284e+02 8.949740360891318414e-01
2.069999999999999716e+02 8.870761089289589396e-01
2.080000000000000284e+02 8.788541356633762236e-01
2.090000000000000284e+02 8.703810762084391861e-01
2.100000000000000000e+02 8.616878815950015369e-01
2.110000000000000000e+02 8.526869846869581382e-01
2.120000000000000000e+02 8.433766141930939542e-01
2.130000000000000000e+02 8.339352420973445978e-01
2.140000000000000000e+02 8.241348214277595119e-01
2.150000000000000000e+02 8.141455715011415295e-01
2.160000000000000000e+02 8.038579471820814781e-01
2.170000000000000284e+02 7.934235034387734364e-01
2.179999999999999716e+02 7.826045882421681643e-01
2.190000000000000284e+02 7.716342004023312162e-01
2.200000000000000284e+02 7.604339422031943796e-01
2.210000000000000000e+02 7.490014465470486993e-01
2.220000000000000000e+02 7.372686549444537052e-01
2.230000000000000000e+02 7.254050961992587476e-01
2.240000000000000000e+02 7.132707003751243002e-01
2.250000000000000000e+02 7.009666276757554604e-01
2.260000000000000000e+02 6.883807761139785208e-01
2.270000000000000000e+02 6.756220378036212892e-01
2.280000000000000284e+02 6.626373209792234542e-01
2.290000000000000000e+02 6.494674915640630264e-01
2.299999999999999716e+02 6.361259416850754134e-01
2.309999999999999716e+02 6.225258804377304944e-01
2.320000000000000284e+02 6.088174731272907314e-01
2.330000000000000000e+02 5.948224846912470998e-01
2.340000000000000000e+02 5.807360137015030732e-01
2.350000000000000000e+02 5.664173261330454068e-01
2.360000000000000284e+02 5.519564916184362957e-01
2.370000000000000000e+02 5.373427770703171902e-01
2.380000000000000000e+02 5.225371726267955541e-01
2.390000000000000000e+02 5.075609102828956276e-01
2.400000000000000000e+02 4.924633636187188412e-01
2.410000000000000284e+02 4.771794286325394263e-01
2.420000000000000284e+02 4.617710177028318541e-01
2.430000000000000284e+02 4.462217763366670975e-01
2.439999999999999716e+02 4.305186919844358751e-01
2.450000000000000000e+02 4.147128630072514643e-01
2.460000000000000000e+02 3.987551880503216739e-01
2.470000000000000000e+02 3.826956256353897246e-01
2.480000000000000000e+02 3.665320275185115495e-01
2.490000000000000000e+02 3.502389971160421722e-01
2.500000000000000284e+02 3.338174344808421679e-01
2.510000000000000284e+02 3.173212012821965966e-01
2.519999999999999716e+02 3.007368058529733545e-01
2.529999999999999716e+02 2.840383482490370648e-01
2.540000000000000284e+02 2.672715325316507573e-01
2.550000000000000000e+02 2.504100713394861177e-01
2.560000000000000000e+02 2.334711333589276350e-01
2.570000000000000000e+02 2.164787936908055543e-01
2.580000000000000000e+02 1.994049457789748847e-01
2.590000000000000568e+02 1.822615521263140359e-01
2.600000000000000000e+02 1.650902566386603376e-01
2.610000000000000000e+02 1.478479725757703422e-01
2.620000000000000000e+02 1.305667139569609281e-01
2.630000000000000000e+02 1.132546379774852646e-01
2.640000000000000000e+02 9.590500570782507783e-02
2.650000000000000000e+02 7.853230211570458308e-02
2.660000000000000000e+02 6.113934766552812927e-02
2.669999999999999432e+02 4.374814580307884171e-02
2.680000000000000000e+02 2.639242462598091407e-02
2.690000000000000000e+02 9.354945520187188390e-03
2.700000000000000000e+02 9.358590037389641694e-03
2.710000000000000000e+02 2.639681638094599006e-02
2.720000000000000568e+02 4.375410680678902542e-02
2.730000000000000568e+02 6.114359575437136596e-02
2.740000000000000000e+02 7.853688065909703031e-02
2.750000000000000000e+02 9.591066148785974688e-02
2.760000000000000000e+02 1.132584605698540026e-01
2.770000000000000000e+02 1.305764531368398818e-01
2.780000000000000000e+02 1.478527475191958040e-01
2.790000000000000000e+02 1.650884548214127667e-01
2.800000000000000000e+02 1.822730065461673765e-01
2.810000000000000568e+02 1.994055487489607981e-01
2.820000000000000000e+02 2.164646635941074870e-01
2.830000000000000000e+02 2.334752383294295408e-01
2.840000000000000000e+02 2.504219754564250833e-01
2.850000000000000000e+02 2.672723671182198890e-01
2.860000000000000000e+02 2.840511699568136761e-01
2.870000000000000000e+02 3.007308471742369260e-01
2.880000000000000000e+02 3.173278503702910980e-01
2.890000000000000000e+02 3.338407109260179140e-01
2.900000000000000000e+02 3.502255921540798345e-01
2.910000000000000000e+02 3.665299441724444995e-01
2.920000000000000000e+02 3.827171778348114062e-01
2.930000000000000000e+02 3.987798274288880118e-01
2.940000000000000000e+02 4.147365437379221254e-01
2.950000000000000568e+02 4.305390434575396275e-01
2.960000000000000000e+02 4.462037727030683243e-01
2.970000000000000000e+02 4.617690085687923829e-01
2.980000000000000000e+02 4.771830704760108843e-01
2.990000000000000000e+02 4.924420008675468585e-01
3.000000000000000000e+02 5.075440419399634973e-01
3.010000000000000000e+02 5.225284350010420686e-01
3.020000000000000000e+02 5.373201186657949879e-01
3.030000000000000000e+02 5.519615252610010625e-01
3.040000000000000568e+02 5.664380043160064382e-01
3.050000000000000000e+02 5.807090173642719400e-01
3.060000000000000000e+02 5.948392646481603929e-01
3.070000000000000000e+02 6.087866261060369544e-01
3.080000000000000000e+02 6.225165247069001095e-01
3.090000000000000000e+02 6.360879093963703879e-01
3.100000000000000000e+02 6.494567208740095188e-01
3.110000000000000000e+02 6.626288757152509756e-01
3.119999999999999432e+02 6.756055868686209331e-01
3.130000000000000000e+02 6.883602364681785657e-01
3.140000000000000000e+02 7.009126956924242036e-01
3.150000000000000000e+02 7.132956073086804683e-01
3.160000000000000000e+02 7.253981176747119619e-01
3.170000000000000568e+02 7.373172117848127982e-01
3.180000000000000568e+02 7.489963313860261707e-01
3.190000000000000000e+02 7.604206177191037419e-01
3.200000000000000000e+02 7.716366471434541463e-01
3.210000000000000000e+02 7.826177168781860427e-01
3.220000000000000000e+02 7.933641607593771017e-01
3.230000000000000000e+02 8.038669958587456588e-01
3.240000000000000000e+02 8.141166798722661024e-01
3.250000000000000000e+02 8.241487806359211188e-01
3.260000000000000568e+02 8.339073775579316505e-01
3.270000000000000000e+02 8.434666387651322816e-01
3.280000000000000000e+02 8.526686619654912924e-01
3.290000000000000000e+02 8.617040610321003991e-01
3.300000000000000000e+02 8.703675085422503122e-01
3.310000000000000000e+02 8.788223086546518292e-01
3.320000000000000000e+02 8.870529748624916833e-01
3.330000000000000000e+02 8.949767744564842697e-01
3.340000000000000000e+02 9.026095249555579070e-01
3.350000000000000000e+02 9.100214314295963502e-01
3.360000000000000000e+02 9.170422068269804550e-01
3.370000000000000000e+02 9.239048115579552301e-01
3.380000000000000000e+02 9.304914567886068966e-01
3.390000000000000000e+02 9.367080765230897388e-01
3.400000000000000568e+02 9.426859480587045370e-01
3.410000000000000000e+02 9.483609323633966914e-01
3.420000000000000000e+02 9.536933513147631825e-01
3.430000000000000000e+02 9.588407259645543856e-01
3.440000000000000000e+02 9.636958994659973188e-01
3.450000000000000000e+02 9.681468990134561858e-01
3.460000000000000000e+02 9.723930099140212224e-01
3.470000000000000000e+02 9.763167915647689155e-01
3.480000000000000000e+02 9.799630575980207148e-01
3.490000000000000568e+02 9.833324143936311712e-01
3.500000000000000000e+02 9.862540741046244008e-01
3.510000000000000000e+02 9.890175297152897782e-01
3.520000000000000000e+02 9.914425132467241664e-01
3.530000000000000000e+02 9.936170906880312792e-01
3.540000000000000000e+02 9.954011361613349651e-01
3.550000000000000000e+02 9.969170229132339189e-01
3.560000000000000000e+02 9.981882290061212526e-01
3.569999999999999432e+02 9.990840339989321972e-01
3.580000000000000000e+02 9.996718961436472650e-01
3.590000000000000000e+02 1.000000000000000000e+00
3.600000000000000000e+02 9.999842096114568424e-01
