0.000000000000000000e+00 1.000000000000000000e+00
1.000000000000000000e+00 9.998166849204597195e-01
2.000000000000000000e+00 9.993288160055138203e-01
3.000000000000000000e+00 9.985365418647639268e-01
4.000000000000000000e+00 9.974401038326280444e-01
5.000000000000000000e+00 9.960398358947925024e-01
6.000000000000000000e+00 9.943361645864801091e-01
7.000000000000000000e+00 9.923296088625509492e-01
8.000000000000000000e+00 9.900207799393810904e-01
9.000000000000000000e+00 9.874103811087199256e-01
1.000000000000000000e+01 9.844992075234475504e-01
1.100000000000000000e+01 9.812881459553288721e-01
1.200000000000000000e+01 9.777781745249685130e-01
1.300000000000000178e+01 9.739703624038095198e-01
1.400000000000000000e+01 9.698658694884491061e-01
1.500000000000000000e+01 9.654659460473760113e-01
1.600000000000000000e+01 9.607719323400693012e-01
1.700000000000000355e+01 9.557852582087751347e-01
1.800000000000000000e+01 9.505074426429654944e-01
1.900000000000000355e+01 9.449400933166136607e-01
2.000000000000000000e+01 9.390849060985242414e-01
2.100000000000000000e+01 9.329436645357004343e-01
2.200000000000000000e+01 9.265182393101262237e-01
2.300000000000000000e+01 9.198105876688698057e-01
2.400000000000000000e+01 9.128227528279547753e-01
2.500000000000000000e+01 9.055568633499171405e-01
2.600000000000000355e+01 8.980151324954707137e-01
2.700000000000000000e+01 8.901998575493209609e-01
2.800000000000000000e+01 8.821134191203608976e-01
2.900000000000000355e+01 8.737582804165658912e-01
3.000000000000000000e+01 8.651369864946389932e-01
3.100000000000000000e+01 8.562521634847690688e-01
3.200000000000000000e+01 8.471065177907214361e-01
3.300000000000000000e+01 8.377028352654042331e-01
3.400000000000000711e+01 8.280439803622895445e-01
3.500000000000000000e+01 8.181328952628975637e-01
3.600000000000000000e+01 8.079725989805512931e-01
3.700000000000000000e+01 7.975661864407761481e-01
3.800000000000000711e+01 7.869168275385668432e-01
3.899999999999999289e+01 7.760277661727951193e-01
4.000000000000000000e+01 7.649023192581135833e-01
4.100000000000000000e+01 7.535438757145868083e-01
4.200000000000000000e+01 7.419558954354180669e-01
4.300000000000000000e+01 7.301419082330051769e-01
4.400000000000000000e+01 7.181055127637824276e-01
4.500000000000000000e+01 7.058503754320168966e-01
4.600000000000000000e+01 6.933802292730124606e-01
4.700000000000000000e+01 6.806988728160101587e-01
4.800000000000000000e+01 6.678101689271143115e-01
4.899999999999999289e+01 6.547180436326944797e-01
5.000000000000000000e+01 6.414264849234510013e-01
5.100000000000000000e+01 6.279395415397011071e-01
5.200000000000000711e+01 6.142613217381087676e-01
5.300000000000000000e+01 6.003959920403150186e-01
5.400000000000000000e+01 5.863477759638090481e-01
5.500000000000000711e+01 5.721209527354683688e-01
5.600000000000000000e+01 5.577198559881152429e-01
5.700000000000000711e+01 5.431488724405416635e-01
5.800000000000000711e+01 5.284124405613235265e-01
5.900000000000000711e+01 5.135150492169541225e-01
6.000000000000000000e+01 4.984612363046063699e-01
6.099999999999999289e+01 4.832555873699743154e-01
6.200000000000000000e+01 4.679027342106884535e-01
6.299999999999999289e+01 4.524073534655912443e-01
6.400000000000000000e+01 4.367741651905147626e-01
6.500000000000000000e+01 4.210079314208009515e-01
6.600000000000000000e+01 4.051134547211721615e-01
6.700000000000000000e+01 3.890955767233453821e-01
6.800000000000001421e+01 3.729591766519059215e-01
6.900000000000000000e+01 3.567091698388972776e-01
7.000000000000000000e+01 3.403505062276944160e-01
7.100000000000000000e+01 3.238881688666803704e-01
7.200000000000000000e+01 3.073271723933285182e-01
7.300000000000000000e+01 2.906725615093749826e-01
7.400000000000000000e+01 2.739294094478271213e-01
7.500000000000000000e+01 2.571028164327552878e-01
7.600000000000001421e+01 2.401979081331004906e-01
7.700000000000000000e+01 2.232198341121475194e-01
7.799999999999998579e+01 2.061737662751587097e-01
7.900000000000000000e+01 1.890648973191358939e-01
8.000000000000000000e+01 1.718984391914948062e-01
8.100000000000000000e+01 1.546796215701091159e-01
8.200000000000000000e+01 1.374136903892921868e-01
8.300000000000000000e+01 1.201059064642786278e-01
8.400000000000000000e+01 1.027615443373243037e-01
8.500000000000001421e+01 8.538589166888756188e-02
8.600000000000000000e+01 6.798425016013082134e-02
8.700000000000000000e+01 5.056194171401130061e-02
8.800000000000000000e+01 3.312433916388047433e-02
8.900000000000000000e+01 1.567711303343281848e-02
9.000000000000000000e+01 1.788125997757030860e-03
9.100000000000000000e+01 1.923002728137853182e-02
9.200000000000000000e+01 3.667580804300248076e-02
9.300000000000001421e+01 5.411073789315029581e-02
9.400000000000000000e+01 7.152927135752072674e-02
9.500000000000000000e+01 8.892605189290968271e-02
9.600000000000000000e+01 1.062957628037316110e-01
9.700000000000000000e+01 1.236331054745505031e-01
9.799999999999998579e+01 1.409327949158785953e-01
9.900000000000001421e+01 1.581895593056371618e-01
1.000000000000000000e+02 1.753981407549668192e-01
1.010000000000000000e+02 1.925532965236793903e-01
1.020000000000000000e+02 2.096498004225080536e-01
1.030000000000000142e+02 2.266824442994597733e-01
1.040000000000000142e+02 2.436460395655760114e-01
1.050000000000000000e+02 2.605354187388448928e-01
1.060000000000000000e+02 2.773454369952970122e-01
1.070000000000000000e+02 2.940709737212492403e-01
1.080000000000000000e+02 3.107069340631354870e-01
1.089999999999999858e+02 3.272482504725817143e-01
1.100000000000000142e+02 3.436898842452467129e-01
1.110000000000000000e+02 3.600268270521993497e-01
1.120000000000000000e+02 3.762541024630105535e-01
1.130000000000000000e+02 3.923667674597637878e-01
1.140000000000000142e+02 4.083599139413408019e-01
1.149999999999999858e+02 4.242286702174251078e-01
1.160000000000000142e+02 4.399682024916338197e-01
1.170000000000000000e+02 4.555737163333178352e-01
1.180000000000000142e+02 4.710404581374759148e-01
1.190000000000000000e+02 4.863637165723393996e-01
1.200000000000000000e+02 5.015388240142115706e-01
1.210000000000000142e+02 5.165611579689566302e-01
1.219999999999999858e+02 5.314261424798951694e-01
1.230000000000000000e+02 5.461292495214778997e-01
1.240000000000000000e+02 5.606660003784399438e-01
1.250000000000000142e+02 5.750319670099487412e-01
1.259999999999999858e+02 5.892227733983100846e-01
1.270000000000000142e+02 6.032340968818838967e-01
1.280000000000000000e+02 6.170616694717186990e-01
1.290000000000000000e+02 6.307012791515889116e-01
1.300000000000000000e+02 6.441487711609364952e-01
1.310000000000000000e+02 6.574000492604313850e-01
1.320000000000000000e+02 6.704510769796803160e-01
1.330000000000000000e+02 6.832978788467346520e-01
1.340000000000000000e+02 6.959365415990513837e-01
1.350000000000000000e+02 7.083632153754594318e-01
1.360000000000000284e+02 7.205741148888771264e-01
1.370000000000000000e+02 7.325655205792879210e-01
1.380000000000000000e+02 7.443337797467759476e-01
1.390000000000000000e+02 7.558753076641414603e-01
1.400000000000000000e+02 7.671865886688389313e-01
1.410000000000000000e+02 7.782641772338586561e-01
1.420000000000000000e+02 7.891046990172694287e-01
1.430000000000000000e+02 7.997048518900636838e-01
1.440000000000000000e+02 8.100614069420165597e-01
1.450000000000000000e+02 8.201712094652221507e-01
1.460000000000000000e+02 8.300311799150554837e-01
1.470000000000000000e+02 8.396383148482174930e-01
1.480000000000000000e+02 8.489896878376168576e-01
1.490000000000000000e+02 8.580824503637670686e-01
1.500000000000000000e+02 8.669138326825003293e-01
1.510000000000000000e+02 8.754811446686213694e-01
1.520000000000000284e+02 8.837817766353591731e-01
1.530000000000000000e+02 8.918132001292883304e-01
1.540000000000000000e+02 8.995729687005423747e-01
1.550000000000000000e+02 9.070587186480046915e-01
1.559999999999999716e+02 9.142681697393061357e-01
1.570000000000000000e+02 9.211991259054249648e-01
1.580000000000000000e+02 9.278494759095963218e-01
1.590000000000000284e+02 9.342171939904672096e-01
1.600000000000000000e+02 9.403003404791081543e-01
1.610000000000000000e+02 9.460970623898818932e-01
1.620000000000000000e+02 9.516055939848721001e-01
1.630000000000000284e+02 9.568242573117426986e-01
1.640000000000000000e+02 9.617514627148446849e-01
1.650000000000000000e+02 9.663857093194839765e-01
1.660000000000000000e+02 9.707255854890490809e-01
1.670000000000000000e+02 9.747697692550376658e-01
1.680000000000000000e+02 9.785170287197327843e-01
1.690000000000000000e+02 9.819662224314489318e-01
1.700000000000000284e+02 9.851162997322236992e-01
1.710000000000000000e+02 9.879663010778825250e-01
1.720000000000000000e+02 9.905153583302803710e-01
1.730000000000000000e+02 9.927626950218145785e-01
1.740000000000000000e+02 9.947076265918540772e-01
1.750000000000000000e+02 9.963495605953262002e-01
1.760000000000000000e+02 9.976879968831642298e-01
1.770000000000000000e+02 9.987225277546780688e-01
1.780000000000000000e+02 9.994528380816870561e-01
1.790000000000000000e+02 9.998787054045715772e-01
1.800000000000000000e+02 1.000000000000000000e+00
1.810000000000000000e+02 9.998166849204597195e-01
1.820000000000000000e+02 9.993288160055138203e-01
1.830000000000000000e+02 9.985365418647639268e-01
1.840000000000000000e+02 9.974401038326280444e-01
1.849999999999999716e+02 9.960398358947925024e-01
1.860000000000000284e+02 9.943361645864801091e-01
1.870000000000000284e+02 9.923296088625532807e-01
1.880000000000000000e+02 9.900207799393770935e-01
1.890000000000000000e+02 9.874103811087199256e-01
1.900000000000000000e+02 9.844992075234475504e-01
1.910000000000000000e+02 9.812881459553288721e-01
1.920000000000000000e+02 9.777781745249681800e-01
1.930000000000000000e+02 9.739703624038095198e-01
1.940000000000000000e+02 9.698658694884491061e-01
1.950000000000000284e+02 9.654659460473760113e-01
1.959999999999999716e+02 9.607719323400693012e-01
1.970000000000000284e+02 9.557852582087751347e-01
1.980000000000000284e+02 9.505074426429654944e-01
1.990000000000000000e+02 9.449400933166187677e-01
2.000000000000000000e+02 9.390849060985242414e-01
2.010000000000000000e+02 9.329436645357004343e-01
2.020000000000000000e+02 9.265182393101262237e-01
2.030000000000000000e+02 9.198105876688698057e-01
2.040000000000000000e+02 9.128227528279547753e-01
2.050000000000000000e+02 9.055568633499199160e-01
2.060000000000000284e+02 8.980151324954711578e-01
2.069999999999999716e+02 8.901998575493209609e-01
2.080000000000000284e+02 8.821134191203632291e-01
2.090000000000000284e+02 8.737582804165641148e-01
2.100000000000000000e+02 8.651369864946382160e-01
2.110000000000000000e+02 8.562521634847690688e-01
2.120000000000000000e+02 8.471065177907234345e-01
2.130000000000000000e+02 8.377028352654042331e-01
2.140000000000000000e+02 8.280439803622927641e-01
2.150000000000000000e+02 8.181328952628975637e-01
2.160000000000000000e+02 8.079725989805525144e-01
2.170000000000000284e+02 7.975661864407761481e-01
2.179999999999999716e+02 7.869168275385637346e-01
2.190000000000000284e+02 7.760277661727930099e-01
2.200000000000000284e+02 7.649023192581135833e-01
2.210000000000000000e+02 7.535438757145873634e-01
2.220000000000000000e+02 7.419558954354180669e-01
2.230000000000000000e+02 7.301419082330047328e-01
2.240000000000000000e+02 7.181055127637818725e-01
2.250000000000000000e+02 7.058503754320176737e-01
2.260000000000000000e+02 6.933802292730124606e-01
2.270000000000000000e+02 6.806988728160080493e-01
2.280000000000000284e+02 6.678101689271174202e-01
2.290000000000000000e+02 6.547180436326944797e-01
2.299999999999999716e+02 6.414264849234492250e-01
2.309999999999999716e+02 6.279395415397002189e-01
2.320000000000000284e+02 6.142613217381071022e-01
2.330000000000000000e+02 6.003959920403169059e-01
2.340000000000000000e+02 5.863477759638083819e-01
2.350000000000000000e+02 5.721209527354658153e-01
2.360000000000000284e+02 5.577198559881170192e-01
2.370000000000000000e+02 5.431488724405438839e-01
2.380000000000000000e+02 5.284124405613234154e-01
2.390000000000000000e+02 5.135150492169554548e-01
2.400000000000000000e+02 4.984612363046078687e-01
2.410000000000000284e+02 4.832555873699746485e-01
2.420000000000000284e+02 4.679027342106870657e-01
2.430000000000000284e+02 4.524073534655920770e-01
2.439999999999999716e+02 4.367741651905137634e-01
2.450000000000000000e+02 4.210079314208008405e-01
2.460000000000000000e+02 4.051134547211714954e-01
2.470000000000000000e+02 3.890955767233450491e-01
2.480000000000000000e+02 3.729591766519048113e-01
2.490000000000000000e+02 3.567091698388976106e-01
2.500000000000000284e+02 3.403505062276939164e-01
2.510000000000000284e+02 3.238881688666801484e-01
2.519999999999999716e+02 3.073271723933292954e-01
2.529999999999999716e+02 2.906725615093766479e-01
2.540000000000000284e+02 2.739294094478267327e-01
2.550000000000000000e+02 2.571028164327555654e-01
2.560000000000000000e+02 2.401979081330997134e-01
2.570000000000000000e+02 2.232198341121473528e-01
2.580000000000000000e+02 2.061737662751583766e-01
2.590000000000000568e+02 1.890648973191353388e-01
2.600000000000000000e+02 1.718984391914957499e-01
2.610000000000000000e+02 1.546796215701095600e-01
2.620000000000000000e+02 1.374136903892923811e-01
2.630000000000000000e+02 1.201059064642777813e-01
2.640000000000000000e+02 1.027615443373243870e-01
2.650000000000000000e+02 8.538589166888746473e-02
2.660000000000000000e+02 6.798425016013122379e-02
2.669999999999999432e+02 5.056194171401149490e-02
2.680000000000000000e+02 3.312433916388022453e-02
2.690000000000000000e+02 1.567711303343266582e-02
2.700000000000000000e+02 1.788125997756908562e-03
2.710000000000000000e+02 1.923002728137822651e-02
2.720000000000000568e+02 3.667580804300284852e-02
2.730000000000000568e+02 5.411073789315046928e-02
2.740000000000000000e+02 7.152927135752053245e-02
2.750000000000000000e+02 8.892605189290918311e-02
2.760000000000000000e+02 1.062957628037305285e-01
2.770000000000000000e+02 1.236331054745512109e-01
2.780000000000000000e+02 1.409327949158789006e-01
2.790000000000000000e+02 1.581895593056376337e-01
2.800000000000000000e+02 1.753981407549664862e-01
2.810000000000000568e+02 1.925532965236795568e-01
2.820000000000000000e+02 2.096498004225087197e-01
2.830000000000000000e+02 2.266824442994598565e-01
2.840000000000000000e+02 2.436460395655764832e-01
2.850000000000000000e+02 2.605354187388454479e-01
2.860000000000000000e+02 2.773454369952967902e-01
2.870000000000000000e+02 2.940709737212487962e-01
2.880000000000000000e+02 3.107069340631358201e-01
2.890000000000000000e+02 3.272482504725822694e-01
2.900000000000000000e+02 3.436898842452474345e-01
2.910000000000000000e+02 3.600268270521984615e-01
2.920000000000000000e+02 3.762541024630112751e-01
2.930000000000000000e+02 3.923667674597646204e-01
2.940000000000000000e+02 4.083599139413413570e-01
2.950000000000000568e+02 4.242286702174249413e-01
2.960000000000000000e+02 4.399682024916371503e-01
2.970000000000000000e+02 4.555737163333170581e-01
2.980000000000000000e+02 4.710404581374734168e-01
2.990000000000000000e+02 4.863637165723415090e-01
3.000000000000000000e+02 5.015388240142122367e-01
3.010000000000000000e+02 5.165611579689566302e-01
3.020000000000000000e+02 5.314261424798972788e-01
3.030000000000000000e+02 5.461292495214785658e-01
3.040000000000000568e+02 5.606660003784409430e-01
3.050000000000000000e+02 5.750319670099461877e-01
3.060000000000000000e+02 5.892227733983085303e-01
3.070000000000000000e+02 6.032340968818812321e-01
3.080000000000000000e+02 6.170616694717183659e-01
3.090000000000000000e+02 6.307012791515878014e-01
3.100000000000000000e+02 6.441487711609370503e-01
3.110000000000000000e+02 6.574000492604296086e-01
3.119999999999999432e+02 6.704510769796752090e-01
3.130000000000000000e+02 6.832978788467346520e-01
3.140000000000000000e+02 6.959365415990506065e-01
3.150000000000000000e+02 7.083632153754612082e-01
3.160000000000000000e+02 7.205741148888771264e-01
3.170000000000000568e+02 7.325655205792852565e-01
3.180000000000000568e+02 7.443337797467742822e-01
3.190000000000000000e+02 7.558753076641420154e-01
3.200000000000000000e+02 7.671865886688400415e-01
3.210000000000000000e+02 7.782641772338561026e-01
3.220000000000000000e+02 7.891046990172704279e-01
3.230000000000000000e+02 7.997048518900653491e-01
3.240000000000000000e+02 8.100614069420165597e-01
3.250000000000000000e+02 8.201712094652250373e-01
3.260000000000000568e+02 8.300311799150544845e-01
3.270000000000000000e+02 8.396383148482179370e-01
3.280000000000000000e+02 8.489896878376168576e-01
3.290000000000000000e+02 8.580824503637672906e-01
3.300000000000000000e+02 8.669138326824999963e-01
3.310000000000000000e+02 8.754811446686214804e-01
3.320000000000000000e+02 8.837817766353565085e-01
3.330000000000000000e+02 8.918132001292883304e-01
3.340000000000000000e+02 8.995729687005465935e-01
3.350000000000000000e+02 9.070587186480054687e-01
3.360000000000000000e+02 9.142681697393041373e-01
3.370000000000000000e+02 9.211991259054241876e-01
3.380000000000000000e+02 9.278494759095963218e-01
3.390000000000000000e+02 9.342171939904647671e-01
3.400000000000000568e+02 9.403003404791114850e-01
3.410000000000000000e+02 9.460970623898818932e-01
3.420000000000000000e+02 9.516055939848721001e-01
3.430000000000000000e+02 9.568242573117429206e-01
3.440000000000000000e+02 9.617514627148446849e-01
3.450000000000000000e+02 9.663857093194871961e-01
3.460000000000000000e+02 9.707255854890490809e-01
3.470000000000000000e+02 9.747697692550376658e-01
3.480000000000000000e+02 9.785170287197334504e-01
3.490000000000000568e+02 9.819662224314489318e-01
3.500000000000000000e+02 9.851162997322236992e-01
3.510000000000000000e+02 9.879663010778825250e-01
3.520000000000000000e+02 9.905153583302808151e-01
3.530000000000000000e+02 9.927626950218170210e-01
3.540000000000000000e+02 9.947076265918540772e-01
3.550000000000000000e+02 9.963495605953262002e-01
3.560000000000000000e+02 9.976879968831642298e-01
3.569999999999999432e+02 9.987225277546780688e-01
3.580000000000000000e+02 9.994528380816870561e-01
3.590000000000000000e+02 9.998787054045715772e-01
3.600000000000000000e+02 1.000000000000000000e+00
