0.000000000000000000e+00 9.996684177579510111e-01
1.000000000000000000e+00 9.989138690577188395e-01
2.000000000000000000e+00 9.978949789516025071e-01
3.000000000000000000e+00 9.965278113185860320e-01
4.000000000000000000e+00 9.950207548079524900e-01
5.000000000000000000e+00 9.931141135295692424e-01
6.000000000000000000e+00 9.909445302122279475e-01
7.000000000000000000e+00 9.885279370259706377e-01
8.000000000000000000e+00 9.856261897328556509e-01
9.000000000000000000e+00 9.826269186074001460e-01
1.000000000000000000e+01 9.791695947964544899e-01
1.100000000000000000e+01 9.753475098095847340e-01
1.200000000000000000e+01 9.714129635355885917e-01
1.300000000000000178e+01 9.672138236409197898e-01
1.400000000000000000e+01 9.625653253788328811e-01
1.500000000000000000e+01 9.577217535469505494e-01
1.600000000000000000e+01 9.524569570896186388e-01
1.700000000000000355e+01 9.469859992716797015e-01
1.800000000000000000e+01 9.412438395340390063e-01
1.900000000000000355e+01 9.352243491655110041e-01
2.000000000000000000e+01 9.290349578547708598e-01
2.100000000000000000e+01 9.223634336633507180e-01
2.200000000000000000e+01 9.153715457339577366e-01
2.300000000000000000e+01 9.082823435302266324e-01
2.400000000000000000e+01 9.008634142171177972e-01
2.500000000000000000e+01 8.931467992034455294e-01
2.600000000000000355e+01 8.851485873634953316e-01
2.700000000000000000e+01 8.768545810261155760e-01
2.800000000000000000e+01 8.683730711358884635e-01
2.900000000000000355e+01 8.595571316314575272e-01
3.000000000000000000e+01 8.505639278292826955e-01
3.100000000000000000e+01 8.411931169206304792e-01
3.200000000000000000e+01 8.316852118675936989e-01
3.300000000000000000e+01 8.218068722012378258e-01
3.400000000000000711e+01 8.117360465388394619e-01
3.500000000000000000e+01 8.014541536341078798e-01
3.600000000000000000e+01 7.908650919307240734e-01
3.700000000000000000e+01 7.800950982323860972e-01
3.800000000000000711e+01 7.690589183911218374e-01
3.899999999999999289e+01 7.577425635947749871e-01
4.000000000000000000e+01 7.462347213412677815e-01
4.100000000000000000e+01 7.345990509610201835e-01
4.200000000000000000e+01 7.225491662017250460e-01
4.300000000000000000e+01 7.104394037247372395e-01
4.400000000000000000e+01 6.980039222914781183e-01
4.500000000000000000e+01 6.854281506668348234e-01
4.600000000000000000e+01 6.725682171480079630e-01
4.700000000000000000e+01 6.595754507117753684e-01
4.800000000000000000e+01 6.463270805974637989e-01
4.899999999999999289e+01 6.329226094554933901e-01
5.000000000000000000e+01 6.193077266627347033e-01
5.100000000000000000e+01 6.055960863651781434e-01
5.200000000000000711e+01 5.915661311672009148e-01
5.300000000000000000e+01 5.773970942469217604e-01
5.400000000000000000e+01 5.630581863366409534e-01
5.500000000000000711e+01 5.485536350945595663e-01
5.600000000000000000e+01 5.338650030021395709e-01
5.700000000000000711e+01 5.190334584886819869e-01
5.800000000000000711e+01 5.040505289617046580e-01
5.900000000000000711e+01 4.888689772300944258e-01
6.000000000000000000e+01 4.735887780620701148e-01
6.099999999999999289e+01 4.581776438451203859e-01
6.200000000000000000e+01 4.425474522534092459e-01
6.299999999999999289e+01 4.268711624999505516e-01
6.400000000000000000e+01 4.110468655949390815e-01
6.500000000000000000e+01 3.950319440071389798e-01
6.600000000000000000e+01 3.789550223766847137e-01
6.700000000000000000e+01 3.627639776289933171e-01
6.800000000000001421e+01 3.464125463501664393e-01
6.900000000000000000e+01 3.300173599175227346e-01
7.000000000000000000e+01 3.134939668010227609e-01
7.100000000000000000e+01 2.968837213799900843e-01
7.200000000000000000e+01 2.801680966328588540e-01
7.300000000000000000e+01 2.633626176244096007e-01
7.400000000000000000e+01 2.465150204605964235e-01
7.500000000000000000e+01 2.295758438765368725e-01
7.600000000000001421e+01 2.125469453818453480e-01
7.700000000000000000e+01 1.954887514613261601e-01
7.799999999999998579e+01 1.783740073005553872e-01
7.900000000000000000e+01 1.611890115994399075e-01
8.000000000000000000e+01 1.439641274101873536e-01
8.100000000000000000e+01 1.267093227783658849e-01
8.200000000000000000e+01 1.094213887712007505e-01
8.300000000000000000e+01 9.212061874303371922e-02
8.400000000000000000e+01 7.481314318401312280e-02
8.500000000000001421e+01 5.754211348685366739e-02
8.600000000000000000e+01 4.037654621137373029e-02
8.700000000000000000e+01 2.358920738973504030e-02
8.800000000000000000e+01 9.573285200156947394e-03
8.900000000000000000e+01 1.535902192438222749e-02
9.000000000000000000e+01 3.145120849496446658e-02
9.100000000000000000e+01 4.848264827666263349e-02
9.200000000000000000e+01 6.571278876505948219e-02
9.300000000000001421e+01 8.300518733860187681e-02
9.400000000000000000e+01 1.003085893564811953e-01
9.500000000000000000e+01 1.176083538241326221e-01
9.600000000000000000e+01 1.348783272308799464e-01
9.700000000000000000e+01 1.521277538305247645e-01
9.799999999999998579e+01 1.693458776247379893e-01
9.900000000000001421e+01 1.864798473247030186e-01
1.000000000000000000e+02 2.035892032522302053e-01
1.010000000000000000e+02 2.206253068897091885e-01
1.020000000000000000e+02 2.376191952404929086e-01
1.030000000000000142e+02 2.545191343118547445e-01
1.040000000000000142e+02 2.713538740832955320e-01
1.050000000000000000e+02 2.881150398201677287e-01
1.060000000000000000e+02 3.047695579227801543e-01
1.070000000000000000e+02 3.213118120323405491e-01
1.080000000000000000e+02 3.378187709388948412e-01
1.089999999999999858e+02 3.542019896740511431e-01
1.100000000000000142e+02 3.704450248979371252e-01
1.110000000000000000e+02 3.866107131936745156e-01
1.120000000000000000e+02 4.026146273675765275e-01
1.130000000000000000e+02 4.185345267405543579e-01
1.140000000000000142e+02 4.343077001910142787e-01
1.149999999999999858e+02 4.499800370970448160e-01
1.160000000000000142e+02 4.654705949157311173e-01
1.170000000000000000e+02 4.808666225866786159e-01
1.180000000000000142e+02 4.960800863744043165e-01
1.190000000000000000e+02 5.111443866689551196e-01
1.200000000000000000e+02 5.260870549580797251e-01
1.210000000000000142e+02 5.408457779986246550e-01
1.219999999999999858e+02 5.554382257730675621e-01
1.230000000000000000e+02 5.698061716610607341e-01
1.240000000000000000e+02 5.840775733985842377e-01
1.250000000000000142e+02 5.982277417971308964e-01
1.259999999999999858e+02 6.120394024510263931e-01
1.270000000000000142e+02 6.257791347716418207e-01
1.280000000000000000e+02 6.392733593711104056e-01
1.290000000000000000e+02 6.526292036525941365e-01
1.300000000000000000e+02 6.657681064063007970e-01
1.310000000000000000e+02 6.786575213825351005e-01
1.320000000000000000e+02 6.914458475459394071e-01
1.330000000000000000e+02 7.039293656737897198e-01
1.340000000000000000e+02 7.162709424409882120e-01
1.350000000000000000e+02 7.282528037991865544e-01
1.360000000000000284e+02 7.401559362293158584e-01
1.370000000000000000e+02 7.517679525809671803e-01
1.380000000000000000e+02 7.631245840243396916e-01
1.390000000000000000e+02 7.743135837832346713e-01
1.400000000000000000e+02 7.852871356175810114e-01
1.410000000000000000e+02 7.959176249580087736e-01
1.420000000000000000e+02 8.063588740492447782e-01
1.430000000000000000e+02 8.166011036118948629e-01
1.440000000000000000e+02 8.265180897922034253e-01
1.450000000000000000e+02 8.362106818153969279e-01
1.460000000000000000e+02 8.456836761151927950e-01
1.470000000000000000e+02 8.548644504846629744e-01
1.480000000000000000e+02 8.638015952173734302e-01
1.490000000000000000e+02 8.723918774741751259e-01
1.500000000000000000e+02 8.808193926584819700e-01
1.510000000000000000e+02 8.889186442519418918e-01
1.520000000000000284e+02 8.968308963144620005e-01
1.530000000000000000e+02 9.044056582845723113e-01
1.540000000000000000e+02 9.116824777689404025e-01
1.550000000000000000e+02 9.187474409900668881e-01
1.559999999999999716e+02 9.255276151610853930e-01
1.570000000000000000e+02 9.319572504418734971e-01
1.580000000000000000e+02 9.381901966504311297e-01
1.590000000000000284e+02 9.441129289364197374e-01
1.600000000000000000e+02 9.496266890032847297e-01
1.610000000000000000e+02 9.548861249460476319e-01
1.620000000000000000e+02 9.600659034722529572e-01
1.630000000000000284e+02 9.648764205236395330e-01
1.640000000000000000e+02 9.691886002593483873e-01
1.650000000000000000e+02 9.733023919173330318e-01
1.660000000000000000e+02 9.772556631952838968e-01
1.670000000000000000e+02 9.807341274624967742e-01
1.680000000000000000e+02 9.840499739920312017e-01
1.690000000000000000e+02 9.870116953224645773e-01
1.700000000000000284e+02 9.895712268865174410e-01
1.710000000000000000e+02 9.920749003442294045e-01
1.720000000000000000e+02 9.940805881934807742e-01
1.730000000000000000e+02 9.957495611241092837e-01
1.740000000000000000e+02 9.972527566902911200e-01
1.750000000000000000e+02 9.983649667400704697e-01
1.760000000000000000e+02 9.992281899329503725e-01
1.770000000000000000e+02 9.998039111391352485e-01
1.780000000000000000e+02 9.999399072719949988e-01
1.790000000000000000e+02 1.000000000000000000e+00
1.800000000000000000e+02 9.996684177579510111e-01
1.810000000000000000e+02 9.989138690577188395e-01
1.820000000000000000e+02 9.978949789516025071e-01
1.830000000000000000e+02 9.965278113185860320e-01
1.840000000000000000e+02 9.950207548079524900e-01
1.849999999999999716e+02 9.931141135295692424e-01
1.860000000000000284e+02 9.909445302122279475e-01
1.870000000000000284e+02 9.885072360390946278e-01
1.880000000000000000e+02 9.856324891005651123e-01
1.890000000000000000e+02 9.826269186074001460e-01
1.900000000000000000e+02 9.791695947964544899e-01
1.910000000000000000e+02 9.753475098095847340e-01
1.920000000000000000e+02 9.714229820310692487e-01
1.930000000000000000e+02 9.672138236409197898e-01
1.940000000000000000e+02 9.625653253788328811e-01
1.950000000000000284e+02 9.577217535469505494e-01
1.959999999999999716e+02 9.524569570896186388e-01
1.970000000000000284e+02 9.469859992716797015e-01
1.980000000000000284e+02 9.412410024845235812e-01
1.990000000000000000e+02 9.353249314424831873e-01
2.000000000000000000e+02 9.290349578547708598e-01
2.010000000000000000e+02 9.223634336633507180e-01
2.020000000000000000e+02 9.153715457339577366e-01
2.030000000000000000e+02 9.082823435302266324e-01
2.040000000000000000e+02 9.008634142171177972e-01
2.050000000000000000e+02 8.930708096383186412e-01
2.060000000000000284e+02 8.851742467794634361e-01
2.069999999999999716e+02 8.768545810261155760e-01
2.080000000000000284e+02 8.683360670637534362e-01
2.090000000000000284e+02 8.595722668881702333e-01
2.100000000000000000e+02 8.505213116669088080e-01
2.110000000000000000e+02 8.411931169206304792e-01
2.120000000000000000e+02 8.316496211837254293e-01
2.130000000000000000e+02 8.218068722012378258e-01
2.140000000000000000e+02 8.117528704568640618e-01
2.150000000000000000e+02 8.014541536341078798e-01
2.160000000000000000e+02 7.908632988429811217e-01
2.170000000000000284e+02 7.800950982323860972e-01
2.179999999999999716e+02 7.690641749175993747e-01
2.190000000000000284e+02 7.577465077247217407e-01
2.200000000000000284e+02 7.462347213412677815e-01
2.210000000000000000e+02 7.345453784008630915e-01
2.220000000000000000e+02 7.225491662017250460e-01
2.230000000000000000e+02 7.104580269728889563e-01
2.240000000000000000e+02 6.980051005621985549e-01
2.250000000000000000e+02 6.854541285878089640e-01
2.260000000000000000e+02 6.725682171480079630e-01
2.270000000000000000e+02 6.595961784255246485e-01
2.280000000000000284e+02 6.463558394944799446e-01
2.290000000000000000e+02 6.329226094554933901e-01
2.299999999999999716e+02 6.193156307011981054e-01
2.309999999999999716e+02 6.055663829502645479e-01
2.320000000000000284e+02 5.915211491616013673e-01
2.330000000000000000e+02 5.773964733098719826e-01
2.340000000000000000e+02 5.630323847946155924e-01
2.350000000000000000e+02 5.485544579751738814e-01
2.360000000000000284e+02 5.338515898172672136e-01
2.370000000000000000e+02 5.190045763853667893e-01
2.380000000000000000e+02 5.040623531205683516e-01
2.390000000000000000e+02 4.889051614444132055e-01
2.400000000000000000e+02 4.735922904311811732e-01
2.410000000000000284e+02 4.581568193374405684e-01
2.420000000000000284e+02 4.425725047483974328e-01
2.430000000000000284e+02 4.268871278444976158e-01
2.439999999999999716e+02 4.110378826980327083e-01
2.450000000000000000e+02 3.950448593703859701e-01
2.460000000000000000e+02 3.789680982993864355e-01
2.470000000000000000e+02 3.627546266745813042e-01
2.480000000000000000e+02 3.464370855613100875e-01
2.490000000000000000e+02 3.300202663247088219e-01
2.500000000000000284e+02 3.135101524566679121e-01
2.510000000000000284e+02 2.968824103088995026e-01
2.519999999999999716e+02 2.801767498881807539e-01
2.529999999999999716e+02 2.633507004251448569e-01
2.540000000000000284e+02 2.465248006923671520e-01
2.550000000000000000e+02 2.295681944526669904e-01
2.560000000000000000e+02 2.125705901849844481e-01
2.570000000000000000e+02 1.954934699278053634e-01
2.580000000000000000e+02 1.783689027199712451e-01
2.590000000000000568e+02 1.611766461709260578e-01
2.600000000000000000e+02 1.439695655011655473e-01
2.610000000000000000e+02 1.267016651036594610e-01
2.620000000000000000e+02 1.094230481475371580e-01
2.630000000000000000e+02 9.212095703285730353e-02
2.640000000000000000e+02 7.481640380958676229e-02
2.650000000000000000e+02 5.753594550710454392e-02
2.660000000000000000e+02 4.037609057658259060e-02
2.669999999999999432e+02 2.359043226908344101e-02
2.680000000000000000e+02 9.574066646798842783e-03
2.690000000000000000e+02 1.535844861416360389e-02
2.700000000000000000e+02 3.145120890156540006e-02
2.710000000000000000e+02 4.848234769517092285e-02
2.720000000000000568e+02 6.571410390239880439e-02
2.730000000000000568e+02 8.300482666885432292e-02
2.740000000000000000e+02 1.003159152824770056e-01
2.750000000000000000e+02 1.176084267307364734e-01
2.760000000000000000e+02 1.348806707260237214e-01
2.770000000000000000e+02 1.521268381418232063e-01
2.780000000000000000e+02 1.693377755490536318e-01
2.790000000000000000e+02 1.864857000608242110e-01
2.800000000000000000e+02 2.035888621903707008e-01
2.810000000000000568e+02 2.206312388216727094e-01
2.820000000000000000e+02 2.376206863881201170e-01
2.830000000000000000e+02 2.545256394484479157e-01
2.840000000000000000e+02 2.713420336033858238e-01
2.850000000000000000e+02 2.881140289859104309e-01
2.860000000000000000e+02 3.047582322998302895e-01
2.870000000000000000e+02 3.213195155089879074e-01
2.880000000000000000e+02 3.377989716809554621e-01
2.890000000000000000e+02 3.541826237898170748e-01
2.900000000000000000e+02 3.704667289234632732e-01
2.910000000000000000e+02 3.866034792290600763e-01
2.920000000000000000e+02 4.026082554799697566e-01
2.930000000000000000e+02 4.185240250326212608e-01
2.940000000000000000e+02 4.343337614168494287e-01
2.950000000000000568e+02 4.499614386426737389e-01
2.960000000000000000e+02 4.654724182694536250e-01
2.970000000000000000e+02 4.808762969804739607e-01
2.980000000000000000e+02 4.961262452454765493e-01
2.990000000000000000e+02 5.111509285374128408e-01
3.000000000000000000e+02 5.260845016688290299e-01
3.010000000000000000e+02 5.408488446585910658e-01
3.020000000000000000e+02 5.554415661506595381e-01
3.030000000000000000e+02 5.698778254573400037e-01
3.040000000000000568e+02 5.841397148802990325e-01
3.050000000000000000e+02 5.982021381085084188e-01
3.060000000000000000e+02 6.120329766532764948e-01
3.070000000000000000e+02 6.258093541989473430e-01
3.080000000000000000e+02 6.393342502375218839e-01
3.090000000000000000e+02 6.526403735360416514e-01
3.100000000000000000e+02 6.657615855402111427e-01
3.110000000000000000e+02 6.786766419058216648e-01
3.119999999999999432e+02 6.914073514556478006e-01
3.130000000000000000e+02 7.039308631143375017e-01
3.140000000000000000e+02 7.162801385997586978e-01
3.150000000000000000e+02 7.282850130073730277e-01
3.160000000000000000e+02 7.401170007455921684e-01
3.170000000000000568e+02 7.517540571166326790e-01
3.180000000000000568e+02 7.631286669943750933e-01
3.190000000000000000e+02 7.742915075280202286e-01
3.200000000000000000e+02 7.852098716314249716e-01
3.210000000000000000e+02 7.959005010901643029e-01
3.220000000000000000e+02 8.063647213364707467e-01
3.230000000000000000e+02 8.165489024410790275e-01
3.240000000000000000e+02 8.265180897922034253e-01
3.250000000000000000e+02 8.362021480009512731e-01
3.260000000000000568e+02 8.456732840219673975e-01
3.270000000000000000e+02 8.548765922923912131e-01
3.280000000000000000e+02 8.638015952173734302e-01
3.290000000000000000e+02 8.723797013634233544e-01
3.300000000000000000e+02 8.807946402572652822e-01
3.310000000000000000e+02 8.889329223637623123e-01
3.320000000000000000e+02 8.967548096279935876e-01
3.330000000000000000e+02 9.044056582845723113e-01
3.340000000000000000e+02 9.116741622709475523e-01
3.350000000000000000e+02 9.187119872681089872e-01
3.360000000000000000e+02 9.255211371841743917e-01
3.370000000000000000e+02 9.319390358479402448e-01
3.380000000000000000e+02 9.381901966504311297e-01
3.390000000000000000e+02 9.441249277821767150e-01
3.400000000000000568e+02 9.496605943483302781e-01
3.410000000000000000e+02 9.548861249460476319e-01
3.420000000000000000e+02 9.600659034722529572e-01
3.430000000000000000e+02 9.648613577893043747e-01
3.440000000000000000e+02 9.691886002593483873e-01
3.450000000000000000e+02 9.732883558030024362e-01
3.460000000000000000e+02 9.772556631952838968e-01
3.470000000000000000e+02 9.807341274624967742e-01
3.480000000000000000e+02 9.839788896398365958e-01
3.490000000000000568e+02 9.870116953224645773e-01
3.500000000000000000e+02 9.895712268865174410e-01
3.510000000000000000e+02 9.920749003442294045e-01
3.520000000000000000e+02 9.940206920623727571e-01
3.530000000000000000e+02 9.957327342919769508e-01
3.540000000000000000e+02 9.972527566902911200e-01
3.550000000000000000e+02 9.983649667400704697e-01
3.560000000000000000e+02 9.992281899329503725e-01
3.569999999999999432e+02 9.998039111391352485e-01
3.580000000000000000e+02 9.999399072719949988e-01
3.590000000000000000e+02 1.000000000000000000e+00
3.600000000000000000e+02 9.996684177579510111e-01
