0.000000000000000000e+00 9.995415756039582877e-01
1.000000000000000000e+00 9.987467794046449576e-01
2.000000000000000000e+00 9.977866035404990841e-01
3.000000000000000000e+00 9.964622253977378774e-01
4.000000000000000000e+00 9.948840914773356969e-01
5.000000000000000000e+00 9.929173440076733970e-01
6.000000000000000000e+00 9.906727650696626197e-01
7.000000000000000000e+00 9.881770213573169981e-01
8.000000000000000000e+00 9.853585075170029350e-01
9.000000000000000000e+00 9.823323340404224169e-01
1.000000000000000000e+01 9.788015679728714336e-01
1.100000000000000000e+01 9.750621748211794060e-01
1.200000000000000000e+01 9.709880314907631815e-01
1.300000000000000178e+01 9.667607343463886505e-01
1.400000000000000000e+01 9.621139334062542847e-01
1.500000000000000000e+01 9.572253687980316617e-01
1.600000000000000000e+01 9.520571262158464831e-01
1.700000000000000355e+01 9.465516761859635864e-01
1.800000000000000000e+01 9.407605138077703710e-01
1.900000000000000355e+01 9.347509220329740520e-01
2.000000000000000000e+01 9.283232035626179934e-01
2.100000000000000000e+01 9.217314535006975174e-01
2.200000000000000000e+01 9.148846706784889982e-01
2.300000000000000000e+01 9.076486597467845474e-01
2.400000000000000000e+01 9.001842909239370361e-01
2.500000000000000000e+01 8.925597217882663692e-01
2.600000000000000355e+01 8.845272822739269625e-01
2.700000000000000000e+01 8.761887317603249681e-01
2.800000000000000000e+01 8.676204654784205328e-01
2.900000000000000355e+01 8.588417533255415792e-01
3.000000000000000000e+01 8.497769877113890979e-01
3.100000000000000000e+01 8.403601762781736095e-01
3.200000000000000000e+01 8.309277743231661129e-01
3.300000000000000000e+01 8.210177363445285703e-01
3.400000000000000711e+01 8.108979013468780028e-01
3.500000000000000000e+01 8.005864618796331156e-01
3.600000000000000000e+01 7.900190934105895124e-01
3.700000000000000000e+01 7.792014407870820891e-01
3.800000000000000711e+01 7.681512031499349025e-01
3.899999999999999289e+01 7.568852898461537748e-01
4.000000000000000000e+01 7.453260224223270392e-01
4.100000000000000000e+01 7.336218431221029901e-01
4.200000000000000000e+01 7.216914573755455198e-01
4.300000000000000000e+01 7.093771452602928296e-01
4.400000000000000000e+01 6.970452876345101245e-01
4.500000000000000000e+01 6.845388178532340051e-01
4.600000000000000000e+01 6.716237980429868859e-01
4.700000000000000000e+01 6.586540352743461835e-01
4.800000000000000000e+01 6.453985774638857364e-01
4.899999999999999289e+01 6.319311854360107894e-01
5.000000000000000000e+01 6.183345209903098327e-01
5.100000000000000000e+01 6.045861726242862666e-01
5.200000000000000711e+01 5.905859596643681098e-01
5.300000000000000000e+01 5.763677407743601488e-01
5.400000000000000000e+01 5.620977214773528186e-01
5.500000000000000711e+01 5.475095652189896356e-01
5.600000000000000000e+01 5.328195291095245700e-01
5.700000000000000711e+01 5.180316282406774997e-01
5.800000000000000711e+01 5.030093682429734869e-01
5.900000000000000711e+01 4.878547846977828173e-01
6.000000000000000000e+01 4.725443235271363784e-01
6.099999999999999289e+01 4.571706581586477691e-01
6.200000000000000000e+01 4.415540784458010237e-01
6.299999999999999289e+01 4.258293148960439201e-01
6.400000000000000000e+01 4.099725419729295384e-01
6.500000000000000000e+01 3.940140880892056274e-01
6.600000000000000000e+01 3.779640249425145759e-01
6.700000000000000000e+01 3.617357172132260601e-01
6.800000000000001421e+01 3.454303822205890828e-01
6.900000000000000000e+01 3.290574881883697733e-01
7.000000000000000000e+01 3.125465063912283847e-01
7.100000000000000000e+01 2.959362243711457507e-01
7.200000000000000000e+01 2.792657830732984126e-01
7.300000000000000000e+01 2.625065115939484439e-01
7.400000000000000000e+01 2.456840468577352610e-01
7.500000000000000000e+01 2.287795925942875397e-01
7.600000000000001421e+01 2.118267469043289553e-01
7.700000000000000000e+01 1.947766656181356970e-01
7.799999999999998579e+01 1.777437492873702451e-01
7.900000000000000000e+01 1.606495761833304503e-01
8.000000000000000000e+01 1.435415880769596864e-01
8.100000000000000000e+01 1.264132650578563832e-01
8.200000000000000000e+01 1.093085670638934692e-01
8.300000000000000000e+01 9.223851517989320459e-02
8.400000000000000000e+01 7.530819942697263014e-02
8.500000000000001421e+01 5.860976898281750752e-02
8.600000000000000000e+01 4.247354110106808106e-02
8.700000000000000000e+01 2.793294338099200011e-02
8.800000000000000000e+01 1.909778979511538369e-02
8.900000000000000000e+01 2.362351950048377502e-02
9.000000000000000000e+01 3.688275698362718930e-02
9.100000000000000000e+01 5.263257800074339771e-02
9.200000000000000000e+01 6.918185153916213415e-02
9.300000000000001421e+01 8.605179525558319387e-02
9.400000000000000000e+01 1.030799346982991249e-01
9.500000000000000000e+01 1.201816518550292839e-01
9.600000000000000000e+01 1.372934467174722617e-01
9.700000000000000000e+01 1.544217136564690618e-01
9.799999999999998579e+01 1.715293557210690045e-01
9.900000000000001421e+01 1.885885516458416233e-01
1.000000000000000000e+02 2.056293317910584950e-01
1.010000000000000000e+02 2.226271185029354838e-01
1.020000000000000000e+02 2.395359600871488914e-01
1.030000000000000142e+02 2.563862232408862796e-01
1.040000000000000142e+02 2.731714741168101424e-01
1.050000000000000000e+02 2.898748549971371657e-01
1.060000000000000000e+02 3.064899166798486507e-01
1.070000000000000000e+02 3.230302235091288554e-01
1.080000000000000000e+02 3.394849236886909316e-01
1.089999999999999858e+02 3.558120379393272525e-01
1.100000000000000142e+02 3.720601213266188090e-01
1.110000000000000000e+02 3.881916261634129617e-01
1.120000000000000000e+02 4.041974084883049878e-01
1.130000000000000000e+02 4.200408572020661313e-01
1.140000000000000142e+02 4.358373557045458480e-01
1.149999999999999858e+02 4.515090894822486045e-01
1.160000000000000142e+02 4.669300592451383625e-01
1.170000000000000000e+02 4.823215290927842513e-01
1.180000000000000142e+02 4.975350778914253702e-01
1.190000000000000000e+02 5.125725324373853198e-01
1.200000000000000000e+02 5.274932228630370146e-01
1.210000000000000142e+02 5.421914474837826736e-01
1.219999999999999858e+02 5.568111395774967276e-01
1.230000000000000000e+02 5.712176665961186117e-01
1.240000000000000000e+02 5.853663705093981040e-01
1.250000000000000142e+02 5.994644748182924587e-01
1.259999999999999858e+02 6.132750076099893199e-01
1.270000000000000142e+02 6.269508185208370055e-01
1.280000000000000000e+02 6.405554147154145506e-01
1.290000000000000000e+02 6.537518569573363969e-01
1.300000000000000000e+02 6.669153779282750438e-01
1.310000000000000000e+02 6.798402033009921519e-01
1.320000000000000000e+02 6.924831176741306216e-01
1.330000000000000000e+02 7.049633778588626498e-01
1.340000000000000000e+02 7.172765519050947614e-01
1.350000000000000000e+02 7.292910912688225222e-01
1.360000000000000284e+02 7.411151445615288269e-01
1.370000000000000000e+02 7.527221945368087752e-01
1.380000000000000000e+02 7.640563770216718398e-01
1.390000000000000000e+02 7.752226142968360323e-01
1.400000000000000000e+02 7.861135748827998704e-01
1.410000000000000000e+02 7.967832805797551154e-01
1.420000000000000000e+02 8.072477454108156758e-01
1.430000000000000000e+02 8.174009168293064898e-01
1.440000000000000000e+02 8.273579752708563051e-01
1.450000000000000000e+02 8.369969085989085178e-01
1.460000000000000000e+02 8.464404868970075713e-01
1.470000000000000000e+02 8.555589606922353596e-01
1.480000000000000000e+02 8.645290992289134113e-01
1.490000000000000000e+02 8.730951204440593472e-01
1.500000000000000000e+02 8.815063314455818810e-01
1.510000000000000000e+02 8.895264982902011397e-01
1.520000000000000284e+02 8.974481705072711035e-01
1.530000000000000000e+02 9.049888816399568325e-01
1.540000000000000000e+02 9.123026054061965651e-01
1.550000000000000000e+02 9.192989117627872186e-01
1.559999999999999716e+02 9.259512512721405075e-01
1.570000000000000000e+02 9.324786281687521550e-01
1.580000000000000000e+02 9.386847141463020572e-01
1.590000000000000284e+02 9.445223645864533335e-01
1.600000000000000000e+02 9.500730564937629463e-01
1.610000000000000000e+02 9.553553642460460571e-01
1.620000000000000000e+02 9.604428893929055633e-01
1.630000000000000284e+02 9.651797892672574486e-01
1.640000000000000000e+02 9.695616691364741246e-01
1.650000000000000000e+02 9.736012638063329394e-01
1.660000000000000000e+02 9.775161495262187916e-01
1.670000000000000000e+02 9.809824722906139716e-01
1.680000000000000000e+02 9.842590149725626292e-01
1.690000000000000000e+02 9.872452134922816702e-01
1.700000000000000284e+02 9.898552995989391423e-01
1.710000000000000000e+02 9.922231827111471780e-01
1.720000000000000000e+02 9.942210286050290335e-01
1.730000000000000000e+02 9.959999459935424682e-01
1.740000000000000000e+02 9.973160457823448954e-01
1.750000000000000000e+02 9.984014569799700700e-01
1.760000000000000000e+02 9.992289142274607405e-01
1.770000000000000000e+02 9.997873222478995681e-01
1.780000000000000000e+02 1.000000000000000000e+00
1.790000000000000000e+02 9.998887013730909379e-01
1.800000000000000000e+02 9.995415756039582877e-01
1.810000000000000000e+02 9.987467794046449576e-01
1.820000000000000000e+02 9.977866035404990841e-01
1.830000000000000000e+02 9.964622253977378774e-01
1.840000000000000000e+02 9.948840914773356969e-01
1.849999999999999716e+02 9.929173440076733970e-01
1.860000000000000284e+02 9.906727650696626197e-01
1.870000000000000284e+02 9.880638657876610331e-01
1.880000000000000000e+02 9.852487205737052722e-01
1.890000000000000000e+02 9.823323340404224169e-01
1.900000000000000000e+02 9.788015679728714336e-01
1.910000000000000000e+02 9.750621748211794060e-01
1.920000000000000000e+02 9.710326202902338499e-01
1.930000000000000000e+02 9.667607343463886505e-01
1.940000000000000000e+02 9.621139334062542847e-01
1.950000000000000284e+02 9.572253687980316617e-01
1.959999999999999716e+02 9.520571262158464831e-01
1.970000000000000284e+02 9.465516761859635864e-01
1.980000000000000284e+02 9.407096315125115238e-01
1.990000000000000000e+02 9.348174986141171150e-01
2.000000000000000000e+02 9.283232035626179934e-01
2.010000000000000000e+02 9.217314535006975174e-01
2.020000000000000000e+02 9.148846706784889982e-01
2.030000000000000000e+02 9.076486597467845474e-01
2.040000000000000000e+02 9.001842909239370361e-01
2.050000000000000000e+02 8.925197133279298978e-01
2.060000000000000284e+02 8.845724481957158991e-01
2.069999999999999716e+02 8.761887317603249681e-01
2.080000000000000284e+02 8.676209611694425394e-01
2.090000000000000284e+02 8.588132681970184201e-01
2.100000000000000000e+02 8.498752559260813744e-01
2.110000000000000000e+02 8.403601762781736095e-01
2.120000000000000000e+02 8.309153259387686008e-01
2.130000000000000000e+02 8.210177363445285703e-01
2.140000000000000000e+02 8.109258317882759304e-01
2.150000000000000000e+02 8.005864618796331156e-01
2.160000000000000000e+02 7.900437906396466925e-01
2.170000000000000284e+02 7.792014407870820891e-01
2.179999999999999716e+02 7.681771382928619385e-01
2.190000000000000284e+02 7.568428739468339161e-01
2.200000000000000284e+02 7.453260224223270392e-01
2.210000000000000000e+02 7.336010147428289052e-01
2.220000000000000000e+02 7.216914573755455198e-01
2.230000000000000000e+02 7.094971162204095627e-01
2.240000000000000000e+02 6.970966457750935596e-01
2.250000000000000000e+02 6.844968991019044768e-01
2.260000000000000000e+02 6.716237980429868859e-01
2.270000000000000000e+02 6.586032277333989660e-01
2.280000000000000284e+02 6.453859823587870803e-01
2.290000000000000000e+02 6.319311854360107894e-01
2.299999999999999716e+02 6.183559705502530424e-01
2.309999999999999716e+02 6.045406034838064491e-01
2.320000000000000284e+02 5.905155226688949544e-01
2.330000000000000000e+02 5.764031395993735041e-01
2.340000000000000000e+02 5.620265533698528548e-01
2.350000000000000000e+02 5.475142210221811689e-01
2.360000000000000284e+02 5.328481875842481230e-01
2.370000000000000000e+02 5.179618412921820347e-01
2.380000000000000000e+02 5.030076977731805510e-01
2.390000000000000000e+02 4.878387940476103801e-01
2.400000000000000000e+02 4.725575933909164084e-01
2.410000000000000284e+02 4.571322455741919089e-01
2.420000000000000284e+02 4.414843906145684560e-01
2.430000000000000284e+02 4.257969639056296551e-01
2.439999999999999716e+02 4.100069413060643542e-01
2.450000000000000000e+02 3.940306402516371986e-01
2.460000000000000000e+02 3.779547334970697614e-01
2.470000000000000000e+02 3.617438882616040297e-01
2.480000000000000000e+02 3.454064504899502785e-01
2.490000000000000000e+02 3.290638245366667713e-01
2.500000000000000284e+02 3.125756835286317425e-01
2.510000000000000284e+02 2.959663018005433965e-01
2.519999999999999716e+02 2.792909588225566120e-01
2.529999999999999716e+02 2.625286751070321500e-01
2.540000000000000284e+02 2.457001602418995845e-01
2.550000000000000000e+02 2.288025517281082333e-01
2.560000000000000000e+02 2.118087948199091630e-01
2.570000000000000000e+02 1.948088356007710853e-01
2.580000000000000000e+02 1.777517862696836037e-01
2.590000000000000568e+02 1.606546040787670826e-01
2.600000000000000000e+02 1.435376085976791394e-01
2.610000000000000000e+02 1.264133510406456329e-01
2.620000000000000000e+02 1.093149415322569734e-01
2.630000000000000000e+02 9.224758997005744199e-02
2.640000000000000000e+02 7.530835844141882396e-02
2.650000000000000000e+02 5.860987322386747300e-02
2.660000000000000000e+02 4.247113647188368452e-02
2.669999999999999432e+02 2.793344206124604226e-02
2.680000000000000000e+02 1.909742136492149217e-02
2.690000000000000000e+02 2.362526314308821887e-02
2.700000000000000000e+02 3.688275839931411809e-02
2.710000000000000000e+02 5.263481098851788276e-02
2.720000000000000568e+02 6.918080454214227404e-02
2.730000000000000568e+02 8.605692896915392853e-02
2.740000000000000000e+02 1.030765564447756605e-01
2.750000000000000000e+02 1.201768759237059336e-01
2.760000000000000000e+02 1.373005413731342439e-01
2.770000000000000000e+02 1.544223042810154156e-01
2.780000000000000000e+02 1.715123371712932443e-01
2.790000000000000000e+02 1.885927484658775077e-01
2.800000000000000000e+02 2.056358245469450119e-01
2.810000000000000568e+02 2.226044288143796401e-01
2.820000000000000000e+02 2.395220064913842206e-01
2.830000000000000000e+02 2.563846144555401163e-01
2.840000000000000000e+02 2.731750923463039382e-01
2.850000000000000000e+02 2.898984658725750618e-01
2.860000000000000000e+02 3.065316784002565798e-01
2.870000000000000000e+02 3.230608373765799790e-01
2.880000000000000000e+02 3.394964569798799014e-01
2.890000000000000000e+02 3.558089667022508729e-01
2.900000000000000000e+02 3.720719053534748411e-01
2.910000000000000000e+02 3.881947758837227536e-01
2.920000000000000000e+02 4.041851813483270384e-01
2.930000000000000000e+02 4.200829370885415526e-01
2.940000000000000000e+02 4.357907973249267042e-01
2.950000000000000568e+02 4.514658276198028619e-01
2.960000000000000000e+02 4.669510114422411040e-01
2.970000000000000000e+02 4.822997137554413949e-01
2.980000000000000000e+02 4.975585894264377695e-01
2.990000000000000000e+02 5.124919463430134270e-01
3.000000000000000000e+02 5.274365676161069105e-01
3.010000000000000000e+02 5.422079071728613808e-01
3.020000000000000000e+02 5.567077079638139692e-01
3.030000000000000000e+02 5.711656595955090232e-01
3.040000000000000568e+02 5.854232145940496679e-01
3.050000000000000000e+02 5.994636335104129854e-01
3.060000000000000000e+02 6.132837852287437164e-01
3.070000000000000000e+02 6.270288408336097685e-01
3.080000000000000000e+02 6.404712949718913695e-01
3.090000000000000000e+02 6.537486260742469968e-01
3.100000000000000000e+02 6.668493225557057258e-01
3.110000000000000000e+02 6.797946141227314554e-01
3.119999999999999432e+02 6.925306471227107297e-01
3.130000000000000000e+02 7.049669666814866176e-01
3.140000000000000000e+02 7.172241942448742691e-01
3.150000000000000000e+02 7.292829083408804980e-01
3.160000000000000000e+02 7.410922026633919302e-01
3.170000000000000568e+02 7.526674549798556546e-01
3.180000000000000568e+02 7.640240871687066226e-01
3.190000000000000000e+02 7.751924698348421350e-01
3.200000000000000000e+02 7.861149568383221098e-01
3.210000000000000000e+02 7.967714208023547462e-01
3.220000000000000000e+02 8.071787211963119546e-01
3.230000000000000000e+02 8.173546430743350300e-01
3.240000000000000000e+02 8.273579752708563051e-01
3.250000000000000000e+02 8.370850093805310976e-01
3.260000000000000568e+02 8.463410559788675513e-01
3.270000000000000000e+02 8.556233512686955978e-01
3.280000000000000000e+02 8.645290992289134113e-01
3.290000000000000000e+02 8.730828420194799433e-01
3.300000000000000000e+02 8.814424567292995505e-01
3.310000000000000000e+02 8.895191504838866337e-01
3.320000000000000000e+02 8.973944736419813273e-01
3.330000000000000000e+02 9.049888816399568325e-01
3.340000000000000000e+02 9.123234661117237687e-01
3.350000000000000000e+02 9.192538634814110265e-01
3.360000000000000000e+02 9.260292992358050146e-01
3.370000000000000000e+02 9.324311811177867781e-01
3.380000000000000000e+02 9.386847141463020572e-01
3.390000000000000000e+02 9.445649242154392500e-01
3.400000000000000568e+02 9.500405382712128199e-01
3.410000000000000000e+02 9.553553642460460571e-01
3.420000000000000000e+02 9.604428893929055633e-01
3.430000000000000000e+02 9.651173613990188249e-01
3.440000000000000000e+02 9.695616691364741246e-01
3.450000000000000000e+02 9.736534394341603837e-01
3.460000000000000000e+02 9.775161495262187916e-01
3.470000000000000000e+02 9.809824722906139716e-01
3.480000000000000000e+02 9.842022906022352968e-01
3.490000000000000568e+02 9.872452134922816702e-01
3.500000000000000000e+02 9.898552995989391423e-01
3.510000000000000000e+02 9.922231827111471780e-01
3.520000000000000000e+02 9.940735284794997018e-01
3.530000000000000000e+02 9.958834720375540073e-01
3.540000000000000000e+02 9.973160457823448954e-01
3.550000000000000000e+02 9.984014569799700700e-01
3.560000000000000000e+02 9.992289142274607405e-01
3.569999999999999432e+02 9.997873222478995681e-01
3.580000000000000000e+02 1.000000000000000000e+00
3.590000000000000000e+02 9.998887013730909379e-01
3.600000000000000000e+02 9.995415756039582877e-01
