0.000000000000000000e+00 1.000000000000000000e+00
1.000000000000000000e+00 9.998182690361393510e-01
2.000000000000000000e+00 9.993323518660507387e-01
3.000000000000000000e+00 9.985417916595162868e-01
4.000000000000000000e+00 9.974428181437586804e-01
5.000000000000000000e+00 9.960489411138401250e-01
6.000000000000000000e+00 9.943429696769547910e-01
7.000000000000000000e+00 9.923458699384548609e-01
8.000000000000000000e+00 9.900400976554071253e-01
9.000000000000000000e+00 9.874285026005158450e-01
1.000000000000000000e+01 9.845199945821467846e-01
1.100000000000000000e+01 9.813102124620154409e-01
1.200000000000000000e+01 9.778029821551041945e-01
1.300000000000000178e+01 9.739989242181692486e-01
1.400000000000000000e+01 9.698928827663514385e-01
1.500000000000000000e+01 9.654994724577428133e-01
1.600000000000000000e+01 9.608015873209982960e-01
1.700000000000000355e+01 9.558220596365127886e-01
1.800000000000000000e+01 9.505423699712248764e-01
1.900000000000000355e+01 9.449753897206480957e-01
2.000000000000000000e+01 9.391207367266418693e-01
2.100000000000000000e+01 9.329808954646479080e-01
2.200000000000000000e+01 9.265604318461874156e-01
2.300000000000000000e+01 9.198532549706408545e-01
2.400000000000000000e+01 9.128658275047547566e-01
2.500000000000000000e+01 9.056055098462969521e-01
2.600000000000000355e+01 8.980587908806075825e-01
2.700000000000000000e+01 8.902448631796252565e-01
2.800000000000000000e+01 8.821644609599621489e-01
2.900000000000000355e+01 8.738106552815325667e-01
3.000000000000000000e+01 8.651921517545142493e-01
3.100000000000000000e+01 8.563021031371053082e-01
3.200000000000000000e+01 8.471650460962402152e-01
3.300000000000000000e+01 8.377547545910516424e-01
3.400000000000000711e+01 8.281056490940583714e-01
3.500000000000000000e+01 8.181937906983490771e-01
3.600000000000000000e+01 8.080333007232265441e-01
3.700000000000000000e+01 7.976305747825364056e-01
3.800000000000000711e+01 7.869841252490119565e-01
3.899999999999999289e+01 7.760948431814500559e-01
4.000000000000000000e+01 7.649688049472469498e-01
4.100000000000000000e+01 7.536117668561198579e-01
4.200000000000000000e+01 7.420265343437949523e-01
4.300000000000000000e+01 7.302156022940746727e-01
4.400000000000000000e+01 7.181828266001382133e-01
4.500000000000000000e+01 7.059244759589312634e-01
4.600000000000000000e+01 6.934546896335220811e-01
4.700000000000000000e+01 6.807779814573919897e-01
4.800000000000000000e+01 6.678905209237860907e-01
4.899999999999999289e+01 6.547986257117481834e-01
5.000000000000000000e+01 6.415064511701620287e-01
5.100000000000000000e+01 6.280230788227861849e-01
5.200000000000000711e+01 6.143425124056851594e-01
5.300000000000000000e+01 6.004799812683919713e-01
5.400000000000000000e+01 5.864353786996412410e-01
5.500000000000000711e+01 5.722037623075667545e-01
5.600000000000000000e+01 5.578037643813810176e-01
5.700000000000000711e+01 5.432380274442663026e-01
5.800000000000000711e+01 5.285014845981184095e-01
5.900000000000000711e+01 5.136047553117740749e-01
6.000000000000000000e+01 4.985517933429765014e-01
6.099999999999999289e+01 4.833482640817468035e-01
6.200000000000000000e+01 4.679956702321859119e-01
6.299999999999999289e+01 4.525023020439920551e-01
6.400000000000000000e+01 4.368713428401878041e-01
6.500000000000000000e+01 4.211030067701090340e-01
6.600000000000000000e+01 4.052105847453110754e-01
6.700000000000000000e+01 3.891921685550792098e-01
6.800000000000001421e+01 3.730568372404441946e-01
6.900000000000000000e+01 3.568073178839852311e-01
7.000000000000000000e+01 3.404509446632688063e-01
7.100000000000000000e+01 3.239903498533142079e-01
7.200000000000000000e+01 3.074285689565072754e-01
7.300000000000000000e+01 2.907741781721949748e-01
7.400000000000000000e+01 2.740313766862540468e-01
7.500000000000000000e+01 2.572059883876562369e-01
7.600000000000001421e+01 2.403015762996077997e-01
7.700000000000000000e+01 2.233235375865940953e-01
7.799999999999998579e+01 2.062786187910467250e-01
7.900000000000000000e+01 1.891708693043052114e-01
8.000000000000000000e+01 1.720052056505157190e-01
8.100000000000000000e+01 1.547875492810355524e-01
8.200000000000000000e+01 1.375222447316912511e-01
8.300000000000000000e+01 1.202157237591561650e-01
8.400000000000000000e+01 1.028730457017293931e-01
8.500000000000001421e+01 8.549959587236528880e-02
8.600000000000000000e+01 6.810066319782616395e-02
8.700000000000000000e+01 5.068338790842176478e-02
8.800000000000000000e+01 3.325536954793490568e-02
8.900000000000000000e+01 1.583953175907845679e-02
9.000000000000000000e+01 2.175187249717600198e-03
9.100000000000000000e+01 1.917666621206809072e-02
9.200000000000000000e+01 3.659890164920117511e-02
9.300000000000001421e+01 5.402578520361034364e-02
9.400000000000000000e+01 7.143989708306645869e-02
9.500000000000000000e+01 8.883437269291077909e-02
9.600000000000000000e+01 1.062029929274807688e-01
9.700000000000000000e+01 1.235394766206689421e-01
9.799999999999998579e+01 1.408385137062140857e-01
9.900000000000001421e+01 1.580940827876623489e-01
1.000000000000000000e+02 1.753039309224810605e-01
1.010000000000000000e+02 1.924580019075607940e-01
1.020000000000000000e+02 2.095540851663057758e-01
1.030000000000000142e+02 2.265873710930703944e-01
1.040000000000000142e+02 2.435507731632981787e-01
1.050000000000000000e+02 2.604404160089238141e-01
1.060000000000000000e+02 2.772503651456172391e-01
1.070000000000000000e+02 2.939750466393927786e-01
1.080000000000000000e+02 3.106136088395573536e-01
1.089999999999999858e+02 3.271543895900905219e-01
1.100000000000000142e+02 3.435965364712609826e-01
1.110000000000000000e+02 3.599336564545568273e-01
1.120000000000000000e+02 3.761622055660512332e-01
1.130000000000000000e+02 3.922749509738577278e-01
1.140000000000000142e+02 4.082681877995180675e-01
1.149999999999999858e+02 4.241373196324632056e-01
1.160000000000000142e+02 4.398784017399138269e-01
1.170000000000000000e+02 4.554851709138403870e-01
1.180000000000000142e+02 4.709527885702569638e-01
1.190000000000000000e+02 4.862746138859238565e-01
1.200000000000000000e+02 5.014523682176487140e-01
1.210000000000000142e+02 5.164746865385126950e-01
1.219999999999999858e+02 5.313434603929163558e-01
1.230000000000000000e+02 5.460436194242030972e-01
1.240000000000000000e+02 5.605844624819729116e-01
1.250000000000000142e+02 5.749504125771788265e-01
1.259999999999999858e+02 5.891449067036257370e-01
1.270000000000000142e+02 6.031521041685768969e-01
1.280000000000000000e+02 6.169819722971863207e-01
1.290000000000000000e+02 6.306258263096257144e-01
1.300000000000000000e+02 6.440722688462825474e-01
1.310000000000000000e+02 6.573248926082121413e-01
1.320000000000000000e+02 6.703755502319742599e-01
1.330000000000000000e+02 6.832214890967123200e-01
1.340000000000000000e+02 6.958662703120268578e-01
1.350000000000000000e+02 7.082929982675792990e-01
1.360000000000000284e+02 7.205063413867479616e-01
1.370000000000000000e+02 7.324983964085954868e-01
1.380000000000000000e+02 7.442627289081452657e-01
1.390000000000000000e+02 7.558088989316181783e-01
1.400000000000000000e+02 7.671254457061450482e-01
1.410000000000000000e+02 7.782013121656493615e-01
1.420000000000000000e+02 7.890430350102233259e-01
1.430000000000000000e+02 7.996431920082981426e-01
1.440000000000000000e+02 8.100036034074518110e-01
1.450000000000000000e+02 8.201155805443360869e-01
1.460000000000000000e+02 8.299784373523164671e-01
1.470000000000000000e+02 8.395844160924593735e-01
1.480000000000000000e+02 8.489349772407078776e-01
1.490000000000000000e+02 8.580281745054681997e-01
1.500000000000000000e+02 8.668601115578827843e-01
1.510000000000000000e+02 8.754347219853045869e-01
1.520000000000000284e+02 8.837395224623767476e-01
1.530000000000000000e+02 8.917694905504724989e-01
1.540000000000000000e+02 8.995288601739356293e-01
1.550000000000000000e+02 9.070165239348572106e-01
1.559999999999999716e+02 9.142267570060037540e-01
1.570000000000000000e+02 9.211642045031085413e-01
1.580000000000000000e+02 9.278175387702225496e-01
1.590000000000000284e+02 9.341843846298429899e-01
1.600000000000000000e+02 9.402675967665583556e-01
1.610000000000000000e+02 9.460657520667501430e-01
1.620000000000000000e+02 9.515730839557113852e-01
1.630000000000000284e+02 9.567951241239944782e-01
1.640000000000000000e+02 9.617267646141807180e-01
1.650000000000000000e+02 9.663653062964012719e-01
1.660000000000000000e+02 9.707038772666394255e-01
1.670000000000000000e+02 9.747552440145584862e-01
1.680000000000000000e+02 9.784968733014115516e-01
1.690000000000000000e+02 9.819461446253152648e-01
1.700000000000000284e+02 9.851010357876511803e-01
1.710000000000000000e+02 9.879508583467976335e-01
1.720000000000000000e+02 9.905004754501982589e-01
1.730000000000000000e+02 9.927489589626530275e-01
1.740000000000000000e+02 9.946940651260065547e-01
1.750000000000000000e+02 9.963395643671133506e-01
1.760000000000000000e+02 9.976813990102337826e-01
1.770000000000000000e+02 9.987163371024698755e-01
1.780000000000000000e+02 9.994471401214021222e-01
1.790000000000000000e+02 9.998759888270726259e-01
1.800000000000000000e+02 1.000000000000000000e+00
1.810000000000000000e+02 9.998182690361393510e-01
1.820000000000000000e+02 9.993323518660507387e-01
1.830000000000000000e+02 9.985417916595162868e-01
1.840000000000000000e+02 9.974428181437586804e-01
1.849999999999999716e+02 9.960489411138401250e-01
1.860000000000000284e+02 9.943429696769547910e-01
1.870000000000000284e+02 9.923443431231318002e-01
1.880000000000000000e+02 9.900351637523598924e-01
1.890000000000000000e+02 9.874285026005158450e-01
1.900000000000000000e+02 9.845199945821467846e-01
1.910000000000000000e+02 9.813102124620154409e-01
1.920000000000000000e+02 9.777988204121111915e-01
1.930000000000000000e+02 9.739989242181692486e-01
1.940000000000000000e+02 9.698928827663514385e-01
1.950000000000000284e+02 9.654994724577428133e-01
1.959999999999999716e+02 9.608015873209982960e-01
1.970000000000000284e+02 9.558220596365127886e-01
1.980000000000000284e+02 9.505436025479361284e-01
1.990000000000000000e+02 9.449787185513889298e-01
2.000000000000000000e+02 9.391207367266418693e-01
2.010000000000000000e+02 9.329808954646479080e-01
2.020000000000000000e+02 9.265604318461874156e-01
2.030000000000000000e+02 9.198532549706408545e-01
2.040000000000000000e+02 9.128658275047547566e-01
2.050000000000000000e+02 9.056045638949500320e-01
2.060000000000000284e+02 8.980583378021752550e-01
2.069999999999999716e+02 8.902448631796252565e-01
2.080000000000000284e+02 8.821663097555388910e-01
2.090000000000000284e+02 8.738106088734770571e-01
2.100000000000000000e+02 8.651908986786479572e-01
2.110000000000000000e+02 8.563021031371053082e-01
2.120000000000000000e+02 8.471664939890916068e-01
2.130000000000000000e+02 8.377547545910516424e-01
2.140000000000000000e+02 8.281054554026895387e-01
2.150000000000000000e+02 8.181937906983490771e-01
2.160000000000000000e+02 8.080333710285947380e-01
2.170000000000000284e+02 7.976305747825364056e-01
2.179999999999999716e+02 7.869824871026130930e-01
2.190000000000000284e+02 7.760972373816772407e-01
2.200000000000000284e+02 7.649688049472469498e-01
2.210000000000000000e+02 7.536121413478967801e-01
2.220000000000000000e+02 7.420265343437949523e-01
2.230000000000000000e+02 7.302167205973838504e-01
2.240000000000000000e+02 7.181832011322495379e-01
2.250000000000000000e+02 7.059244995295240743e-01
2.260000000000000000e+02 6.934546896335220811e-01
2.270000000000000000e+02 6.807757224541520769e-01
2.280000000000000284e+02 6.678899189171841888e-01
2.290000000000000000e+02 6.547986257117481834e-01
2.299999999999999716e+02 6.415082556359412713e-01
2.309999999999999716e+02 6.280202291281297144e-01
2.320000000000000284e+02 6.143433713821234710e-01
2.330000000000000000e+02 6.004810145579975167e-01
2.340000000000000000e+02 5.864342113569178672e-01
2.350000000000000000e+02 5.722037817154657091e-01
2.360000000000000284e+02 5.578047764024612887e-01
2.370000000000000000e+02 5.432388107819510203e-01
2.380000000000000000e+02 5.285017801795319770e-01
2.390000000000000000e+02 5.136059082763143602e-01
2.400000000000000000e+02 4.985516242513994278e-01
2.410000000000000284e+02 4.833510355051859331e-01
2.420000000000000284e+02 4.679949295477798810e-01
2.430000000000000284e+02 4.524992913058654698e-01
2.439999999999999716e+02 4.368695407660285190e-01
2.450000000000000000e+02 4.211042231998531893e-01
2.460000000000000000e+02 4.052099635754043971e-01
2.470000000000000000e+02 3.891932290338855904e-01
2.480000000000000000e+02 3.730576561268157398e-01
2.490000000000000000e+02 3.568060981404700405e-01
2.500000000000000284e+02 3.404504893083931116e-01
2.510000000000000284e+02 3.239903076895424561e-01
2.519999999999999716e+02 3.074279984616410388e-01
2.529999999999999716e+02 2.907737835347508626e-01
2.540000000000000284e+02 2.740312139493688570e-01
2.550000000000000000e+02 2.572061784785201755e-01
2.560000000000000000e+02 2.403017776929577409e-01
2.570000000000000000e+02 2.233239288946700096e-01
2.580000000000000000e+02 2.062781741936971225e-01
2.590000000000000568e+02 1.891718622926329973e-01
2.600000000000000000e+02 1.720050857845425996e-01
2.610000000000000000e+02 1.547863738085299423e-01
2.620000000000000000e+02 1.375227197632327703e-01
2.630000000000000000e+02 1.202162129182810235e-01
2.640000000000000000e+02 1.028728378722240100e-01
2.650000000000000000e+02 8.549964175461020888e-02
2.660000000000000000e+02 6.810068893444655436e-02
2.669999999999999432e+02 5.068310707534833676e-02
2.680000000000000000e+02 3.325523276243258497e-02
2.690000000000000000e+02 1.583941255587854868e-02
2.700000000000000000e+02 2.175187284551750085e-03
2.710000000000000000e+02 1.917669553951572778e-02
2.720000000000000568e+02 3.659907385017451692e-02
2.730000000000000568e+02 5.402572497391134460e-02
2.740000000000000000e+02 7.143988672461983047e-02
2.750000000000000000e+02 8.883439616859177546e-02
2.760000000000000000e+02 1.062030269209003758e-01
2.770000000000000000e+02 1.235394927688631683e-01
2.780000000000000000e+02 1.408380267519804552e-01
2.790000000000000000e+02 1.580950280946135378e-01
2.800000000000000000e+02 1.753029688515530538e-01
2.810000000000000568e+02 1.924581508119357631e-01
2.820000000000000000e+02 2.095535630051840459e-01
2.830000000000000000e+02 2.265868099723540585e-01
2.840000000000000000e+02 2.435503619714576296e-01
2.850000000000000000e+02 2.604406642755883183e-01
2.860000000000000000e+02 2.772511234818788028e-01
2.870000000000000000e+02 2.939765886781247617e-01
2.880000000000000000e+02 3.106144051337238476e-01
2.890000000000000000e+02 3.271547178228912389e-01
2.900000000000000000e+02 3.435972794860329138e-01
2.910000000000000000e+02 3.599345488433532414e-01
2.920000000000000000e+02 3.761617515725224625e-01
2.930000000000000000e+02 3.922742540813261569e-01
2.940000000000000000e+02 4.082687200408285366e-01
2.950000000000000568e+02 4.241385783771411955e-01
2.960000000000000000e+02 4.398785205765496364e-01
2.970000000000000000e+02 4.554842634088632769e-01
2.980000000000000000e+02 4.709531659569392570e-01
2.990000000000000000e+02 4.862768072444144662e-01
3.000000000000000000e+02 5.014521394020722278e-01
3.010000000000000000e+02 5.164750529091405307e-01
3.020000000000000000e+02 5.313439448514717389e-01
3.030000000000000000e+02 5.460422615431841376e-01
3.040000000000000568e+02 5.605865189299324980e-01
3.050000000000000000e+02 5.749503717627347799e-01
3.060000000000000000e+02 5.891437538742548830e-01
3.070000000000000000e+02 6.031569060404776694e-01
3.080000000000000000e+02 6.169809632056707516e-01
3.090000000000000000e+02 6.306259636737614471e-01
3.100000000000000000e+02 6.440713907594612930e-01
3.110000000000000000e+02 6.573266520747306219e-01
3.119999999999999432e+02 6.703757950852159420e-01
3.130000000000000000e+02 6.832215674261161720e-01
3.140000000000000000e+02 6.958661044858200917e-01
3.150000000000000000e+02 7.082929590485461668e-01
3.160000000000000000e+02 7.205079320114553543e-01
3.170000000000000568e+02 7.324973770321797639e-01
3.180000000000000568e+02 7.442673410851988747e-01
3.190000000000000000e+02 7.558097204927978208e-01
3.200000000000000000e+02 7.671253553602440656e-01
3.210000000000000000e+02 7.782014610818239753e-01
3.220000000000000000e+02 7.890412973755611681e-01
3.230000000000000000e+02 7.996418651081367290e-01
3.240000000000000000e+02 8.100036034074518110e-01
3.250000000000000000e+02 8.201122800622028253e-01
3.260000000000000568e+02 8.299799126861917564e-01
3.270000000000000000e+02 8.395829572770769911e-01
3.280000000000000000e+02 8.489349772407078776e-01
3.290000000000000000e+02 8.580312022329852351e-01
3.300000000000000000e+02 8.668617703133806307e-01
3.310000000000000000e+02 8.754360026359381264e-01
3.320000000000000000e+02 8.837385559305300786e-01
3.330000000000000000e+02 8.917694905504724989e-01
3.340000000000000000e+02 8.995271906158179842e-01
3.350000000000000000e+02 9.070214792878946719e-01
3.360000000000000000e+02 9.142292208865766545e-01
3.370000000000000000e+02 9.211628143512885503e-01
3.380000000000000000e+02 9.278175387702225496e-01
3.390000000000000000e+02 9.341831660892208067e-01
3.400000000000000568e+02 9.402646896066843007e-01
3.410000000000000000e+02 9.460657520667501430e-01
3.420000000000000000e+02 9.515730839557113852e-01
3.430000000000000000e+02 9.567987320354260916e-01
3.440000000000000000e+02 9.617267646141807180e-01
3.450000000000000000e+02 9.663609967753385988e-01
3.460000000000000000e+02 9.707038772666394255e-01
3.470000000000000000e+02 9.747552440145584862e-01
3.480000000000000000e+02 9.784940355043879601e-01
3.490000000000000568e+02 9.819461446253152648e-01
3.500000000000000000e+02 9.851010357876511803e-01
3.510000000000000000e+02 9.879508583467976335e-01
3.520000000000000000e+02 9.904982881486635860e-01
3.530000000000000000e+02 9.927512625284177217e-01
3.540000000000000000e+02 9.946940651260065547e-01
3.550000000000000000e+02 9.963395643671133506e-01
3.560000000000000000e+02 9.976813990102337826e-01
3.569999999999999432e+02 9.987163371024698755e-01
3.580000000000000000e+02 9.994471401214021222e-01
3.590000000000000000e+02 9.998759888270726259e-01
3.600000000000000000e+02 1.000000000000000000e+00
