0.000000000000000000e+00 1.000000000000000000e+00
1.000000000000000000e+00 9.997524865020652740e-01
2.000000000000000000e+00 9.991842606841677688e-01
3.000000000000000000e+00 9.983321235034510188e-01
4.000000000000000000e+00 9.971888494523315494e-01
5.000000000000000000e+00 9.957205956943646630e-01
6.000000000000000000e+00 9.939390034710573474e-01
7.000000000000000000e+00 9.918656064540372075e-01
8.000000000000000000e+00 9.894872007272910164e-01
9.000000000000000000e+00 9.868473348662928357e-01
1.000000000000000000e+01 9.838623279582635606e-01
1.100000000000000000e+01 9.805868232860812661e-01
1.200000000000000000e+01 9.770067966735606069e-01
1.300000000000000178e+01 9.731348343692688418e-01
1.400000000000000000e+01 9.689752775076342362e-01
1.500000000000000000e+01 9.645079498070543433e-01
1.600000000000000000e+01 9.597338281780839475e-01
1.700000000000000355e+01 9.546954756322802993e-01
1.800000000000000000e+01 9.493698550209053177e-01
1.900000000000000355e+01 9.437512075233902564e-01
2.000000000000000000e+01 9.378123897657554275e-01
2.100000000000000000e+01 9.316090089602495627e-01
2.200000000000000000e+01 9.251280634732591546e-01
2.300000000000000000e+01 9.183568697181335727e-01
2.400000000000000000e+01 9.113059971373416168e-01
2.500000000000000000e+01 9.039610865133390627e-01
2.600000000000000355e+01 8.963933430763284527e-01
2.700000000000000000e+01 8.885271673476079490e-01
2.800000000000000000e+01 8.803748896605659846e-01
2.900000000000000355e+01 8.719717996219837897e-01
3.000000000000000000e+01 8.632813773381318168e-01
3.100000000000000000e+01 8.543431099166717280e-01
3.200000000000000000e+01 8.451322001015674212e-01
3.300000000000000000e+01 8.356762391369960685e-01
3.400000000000000711e+01 8.259676640698215833e-01
3.500000000000000000e+01 8.159918850387869460e-01
3.600000000000000000e+01 8.057904694009283553e-01
3.700000000000000000e+01 7.953226993667631417e-01
3.800000000000000711e+01 7.846232483312496342e-01
3.899999999999999289e+01 7.736932467254160617e-01
4.000000000000000000e+01 7.625136382934827317e-01
4.100000000000000000e+01 7.511026616492257890e-01
4.200000000000000000e+01 7.394682991428365160e-01
4.300000000000000000e+01 7.275955966322057433e-01
4.400000000000000000e+01 7.155215435051529571e-01
4.500000000000000000e+01 7.032181992116538494e-01
4.600000000000000000e+01 6.907105555019470433e-01
4.700000000000000000e+01 6.779847953676259031e-01
4.800000000000000000e+01 6.650520652869754690e-01
4.899999999999999289e+01 6.519106414342424882e-01
5.000000000000000000e+01 6.385800139826161015e-01
5.100000000000000000e+01 6.250402670905430558e-01
5.200000000000000711e+01 6.113275139908210809e-01
5.300000000000000000e+01 5.974437940165173710e-01
5.400000000000000000e+01 5.833387682283251996e-01
5.500000000000000711e+01 5.690887578114254275e-01
5.600000000000000000e+01 5.546464776591164547e-01
5.700000000000000711e+01 5.400301175005212118e-01
5.800000000000000711e+01 5.252807359593236747e-01
5.900000000000000711e+01 5.103268361515421736e-01
6.000000000000000000e+01 4.952468984903297122e-01
6.099999999999999289e+01 4.800120341374848887e-01
6.200000000000000000e+01 4.646340712656039651e-01
6.299999999999999289e+01 4.491008509941112337e-01
6.400000000000000000e+01 4.334472655901887572e-01
6.500000000000000000e+01 4.176546808529812971e-01
6.600000000000000000e+01 4.017358861113534685e-01
6.700000000000000000e+01 3.856983397892029264e-01
6.800000000000001421e+01 3.695366680970291751e-01
6.900000000000000000e+01 3.532630885230387263e-01
7.000000000000000000e+01 3.368858844023147614e-01
7.100000000000000000e+01 3.204073657817232412e-01
7.200000000000000000e+01 3.038222433166304359e-01
7.300000000000000000e+01 2.871517319553960057e-01
7.400000000000000000e+01 2.703908265192837557e-01
7.500000000000000000e+01 2.535516717748390048e-01
7.600000000000001421e+01 2.366349127609371494e-01
7.700000000000000000e+01 2.196418036487983727e-01
7.799999999999998579e+01 2.025901027593242365e-01
7.900000000000000000e+01 1.854752121313202329e-01
8.000000000000000000e+01 1.683016629386180629e-01
8.100000000000000000e+01 1.510818974983828555e-01
8.200000000000000000e+01 1.338183174601016434e-01
8.300000000000000000e+01 1.165204611076093855e-01
8.400000000000000000e+01 9.918763304994843155e-02
8.500000000000001421e+01 8.183371882529130725e-02
8.600000000000000000e+01 6.447102570801800658e-02
8.700000000000000000e+01 4.712049149581094137e-02
8.800000000000000000e+01 2.984674236526243737e-02
8.900000000000000000e+01 1.301251816595325704e-02
9.000000000000000000e+01 7.541801985743424273e-03
9.100000000000000000e+01 2.352782579644221647e-02
9.200000000000000000e+01 4.072856536105675523e-02
9.300000000000001421e+01 5.806093452385108211e-02
9.400000000000000000e+01 7.542327361613609948e-02
9.500000000000000000e+01 9.278371284275364894e-02
9.600000000000000000e+01 1.101218319613389285e-01
9.700000000000000000e+01 1.274370105011552734e-01
9.799999999999998579e+01 1.447135071050354160e-01
9.900000000000001421e+01 1.619543312942627322e-01
1.000000000000000000e+02 1.791390404226461952e-01
1.010000000000000000e+02 1.962782579836790109e-01
1.020000000000000000e+02 2.133554630739141478e-01
1.030000000000000142e+02 2.303703182960560869e-01
1.040000000000000142e+02 2.473184123181755845e-01
1.050000000000000000e+02 2.641881203844236858e-01
1.060000000000000000e+02 2.809736198503280935e-01
1.070000000000000000e+02 2.976777148204206025e-01
1.080000000000000000e+02 3.142903107985388078e-01
1.089999999999999858e+02 3.308073600546439508e-01
1.100000000000000142e+02 3.472280558487785274e-01
1.110000000000000000e+02 3.635429362534326470e-01
1.120000000000000000e+02 3.797392203047429415e-01
1.130000000000000000e+02 3.958286266505106621e-01
1.140000000000000142e+02 4.117903721964827901e-01
1.149999999999999858e+02 4.276353049734950562e-01
1.160000000000000142e+02 4.433356824843080468e-01
1.170000000000000000e+02 4.589207319633348270e-01
1.180000000000000142e+02 4.743500298279242910e-01
1.190000000000000000e+02 4.896429988393671828e-01
1.200000000000000000e+02 5.047985481201862079e-01
1.210000000000000142e+02 5.197696677794862996e-01
1.219999999999999858e+02 5.346084056209223778e-01
1.230000000000000000e+02 5.492806311584961243e-01
1.240000000000000000e+02 5.637788971404503746e-01
1.250000000000000142e+02 5.781082619975910220e-01
1.259999999999999858e+02 5.922366782212784564e-01
1.270000000000000142e+02 6.062231617529175720e-01
1.280000000000000000e+02 6.200070967048214587e-01
1.290000000000000000e+02 6.336234128745318328e-01
1.300000000000000000e+02 6.470137422945059225e-01
1.310000000000000000e+02 6.602147552257597862e-01
1.320000000000000000e+02 6.732307301769326902e-01
1.330000000000000000e+02 6.860433800058648446e-01
1.340000000000000000e+02 6.986152400670347928e-01
1.350000000000000000e+02 7.110086068481734634e-01
1.360000000000000284e+02 7.231695509121306431e-01
1.370000000000000000e+02 7.351257666189573436e-01
1.380000000000000000e+02 7.468319638906075753e-01
1.390000000000000000e+02 7.583441325262296751e-01
1.400000000000000000e+02 7.695852144900034997e-01
1.410000000000000000e+02 7.806182962559903293e-01
1.420000000000000000e+02 7.914025830999859012e-01
1.430000000000000000e+02 8.019670774051876894e-01
1.440000000000000000e+02 8.122514274160247405e-01
1.450000000000000000e+02 8.223050626955588083e-01
1.460000000000000000e+02 8.321297890823098342e-01
1.470000000000000000e+02 8.416791230630286114e-01
1.480000000000000000e+02 8.509603965600224251e-01
1.490000000000000000e+02 8.600045870386150426e-01
1.500000000000000000e+02 8.687888592431060042e-01
1.510000000000000000e+02 8.772880453463919315e-01
1.520000000000000284e+02 8.855335542734845689e-01
1.530000000000000000e+02 8.935180318249856812e-01
1.540000000000000000e+02 9.012268396895961597e-01
1.550000000000000000e+02 9.086425807732656512e-01
1.559999999999999716e+02 9.158026429214017883e-01
1.570000000000000000e+02 9.226542046943250197e-01
1.580000000000000000e+02 9.292483697376340279e-01
1.590000000000000284e+02 9.355672829607778462e-01
1.600000000000000000e+02 9.415851267833172944e-01
1.610000000000000000e+02 9.473045066401790670e-01
1.620000000000000000e+02 9.527486467213753807e-01
1.630000000000000284e+02 9.579330408535239316e-01
1.640000000000000000e+02 9.627840217890889507e-01
1.650000000000000000e+02 9.673767336451307708e-01
1.660000000000000000e+02 9.716317337074068528e-01
1.670000000000000000e+02 9.755979627258325459e-01
1.680000000000000000e+02 9.792986883486386462e-01
1.690000000000000000e+02 9.826527050408404573e-01
1.700000000000000284e+02 9.857595875323970080e-01
1.710000000000000000e+02 9.885400462697595536e-01
1.720000000000000000e+02 9.910251561054197467e-01
1.730000000000000000e+02 9.932402396058883642e-01
1.740000000000000000e+02 9.950822775072315496e-01
1.750000000000000000e+02 9.966720280621123029e-01
1.760000000000000000e+02 9.979485280440277828e-01
1.770000000000000000e+02 9.989223958256966407e-01
1.780000000000000000e+02 9.995833523485800898e-01
1.790000000000000000e+02 9.999527071417115831e-01
1.800000000000000000e+02 1.000000000000000000e+00
1.810000000000000000e+02 9.997524865020652740e-01
1.820000000000000000e+02 9.991842606841677688e-01
1.830000000000000000e+02 9.983321235034510188e-01
1.840000000000000000e+02 9.971888494523315494e-01
1.849999999999999716e+02 9.957205956943646630e-01
1.860000000000000284e+02 9.939390034710573474e-01
1.870000000000000284e+02 9.918721070311277144e-01
1.880000000000000000e+02 9.894814895677629396e-01
1.890000000000000000e+02 9.868473348662928357e-01
1.900000000000000000e+02 9.838623279582635606e-01
1.910000000000000000e+02 9.805868232860812661e-01
1.920000000000000000e+02 9.770013689290838466e-01
1.930000000000000000e+02 9.731348343692688418e-01
1.940000000000000000e+02 9.689752775076342362e-01
1.950000000000000284e+02 9.645079498070543433e-01
1.959999999999999716e+02 9.597338281780839475e-01
1.970000000000000284e+02 9.546954756322802993e-01
1.980000000000000284e+02 9.493531728152080351e-01
1.990000000000000000e+02 9.437334981332741179e-01
2.000000000000000000e+02 9.378123897657554275e-01
2.010000000000000000e+02 9.316090089602495627e-01
2.020000000000000000e+02 9.251280634732591546e-01
2.030000000000000000e+02 9.183568697181335727e-01
2.040000000000000000e+02 9.113059971373416168e-01
2.050000000000000000e+02 9.039851478498093229e-01
2.060000000000000284e+02 8.963920897565672563e-01
2.069999999999999716e+02 8.885271673476079490e-01
2.080000000000000284e+02 8.803626795738251909e-01
2.090000000000000284e+02 8.719677164798015356e-01
2.100000000000000000e+02 8.632713509951895903e-01
2.110000000000000000e+02 8.543431099166717280e-01
2.120000000000000000e+02 8.451461608598923592e-01
2.130000000000000000e+02 8.356762391369960685e-01
2.140000000000000000e+02 8.259601755671364121e-01
2.150000000000000000e+02 8.159918850387869460e-01
2.160000000000000000e+02 8.057887581079343775e-01
2.170000000000000284e+02 7.953226993667631417e-01
2.179999999999999716e+02 7.846226020343496366e-01
2.190000000000000284e+02 7.736906678977086838e-01
2.200000000000000284e+02 7.625136382934827317e-01
2.210000000000000000e+02 7.511024841242014416e-01
2.220000000000000000e+02 7.394682991428365160e-01
2.230000000000000000e+02 7.276043803780064545e-01
2.240000000000000000e+02 7.155185232754037727e-01
2.250000000000000000e+02 7.032267194866699267e-01
2.260000000000000000e+02 6.907105555019470433e-01
2.270000000000000000e+02 6.779878392512445062e-01
2.280000000000000284e+02 6.650435472889578703e-01
2.290000000000000000e+02 6.519106414342424882e-01
2.299999999999999716e+02 6.385814107939489226e-01
2.309999999999999716e+02 6.250498006777323035e-01
2.320000000000000284e+02 6.113409064858547071e-01
2.330000000000000000e+02 5.974410968496506324e-01
2.340000000000000000e+02 5.833365617971129069e-01
2.350000000000000000e+02 5.690760550230689052e-01
2.360000000000000284e+02 5.546398561674605876e-01
2.370000000000000000e+02 5.400386000796252306e-01
2.380000000000000000e+02 5.252787180295406255e-01
2.390000000000000000e+02 5.103428303949724132e-01
2.400000000000000000e+02 4.952543836371441355e-01
2.410000000000000284e+02 4.800125151046863436e-01
2.420000000000000284e+02 4.646398582279737122e-01
2.430000000000000284e+02 4.491069011095877861e-01
2.439999999999999716e+02 4.334593462419294441e-01
2.450000000000000000e+02 4.176572783532384592e-01
2.460000000000000000e+02 4.017366930941308478e-01
2.470000000000000000e+02 3.857007479769734015e-01
2.480000000000000000e+02 3.695375662259955951e-01
2.490000000000000000e+02 3.532640696304226724e-01
2.500000000000000284e+02 3.368876870668835455e-01
2.510000000000000284e+02 3.204047116246770965e-01
2.519999999999999716e+02 3.038195719374615633e-01
2.529999999999999716e+02 2.871598273556627556e-01
2.540000000000000284e+02 2.703932470386832820e-01
2.550000000000000000e+02 2.535509817887686146e-01
2.560000000000000000e+02 2.366362613082133581e-01
2.570000000000000000e+02 2.196428176638507701e-01
2.580000000000000000e+02 2.025912755914089369e-01
2.590000000000000568e+02 1.854768413130620519e-01
2.600000000000000000e+02 1.683046956106024894e-01
2.610000000000000000e+02 1.510856115074599437e-01
2.620000000000000000e+02 1.338192932384056899e-01
2.630000000000000000e+02 1.165156063303501299e-01
2.640000000000000000e+02 9.918817680363169187e-02
2.650000000000000000e+02 8.183300032433307725e-02
2.660000000000000000e+02 6.447301301438358723e-02
2.669999999999999432e+02 4.712120711611154228e-02
2.680000000000000000e+02 2.984627459794494259e-02
2.690000000000000000e+02 1.301296141664395369e-02
2.700000000000000000e+02 7.541801754453797066e-03
2.710000000000000000e+02 2.352800034425446551e-02
2.720000000000000568e+02 4.072812370738559257e-02
2.730000000000000568e+02 5.806226462412105577e-02
2.740000000000000000e+02 7.542340308802888971e-02
2.750000000000000000e+02 9.278404017510620549e-02
2.760000000000000000e+02 1.101232548236751457e-01
2.770000000000000000e+02 1.274351182106626956e-01
2.780000000000000000e+02 1.447176536244613732e-01
2.790000000000000000e+02 1.619520479644655508e-01
2.800000000000000000e+02 1.791417860142781593e-01
2.810000000000000568e+02 1.962801494127987267e-01
2.820000000000000000e+02 2.133540949616273275e-01
2.830000000000000000e+02 2.303711166550201084e-01
2.840000000000000000e+02 2.473151542841690032e-01
2.850000000000000000e+02 2.641861901047235506e-01
2.860000000000000000e+02 2.809662975937101126e-01
2.870000000000000000e+02 2.976782558774517806e-01
2.880000000000000000e+02 3.142915754744752821e-01
2.890000000000000000e+02 3.308096390904426976e-01
2.900000000000000000e+02 3.472317247434372756e-01
2.910000000000000000e+02 3.635455888254856549e-01
2.920000000000000000e+02 3.797360453793707791e-01
2.930000000000000000e+02 3.958222044581801713e-01
2.940000000000000000e+02 4.117911563792570062e-01
2.950000000000000568e+02 4.276284865622727027e-01
2.960000000000000000e+02 4.433351348047818719e-01
2.970000000000000000e+02 4.589136810270576516e-01
2.980000000000000000e+02 4.743432585901207199e-01
2.990000000000000000e+02 4.896412253845415230e-01
3.000000000000000000e+02 5.047969175883978421e-01
3.010000000000000000e+02 5.197779339018694378e-01
3.020000000000000000e+02 5.346086498375051121e-01
3.030000000000000000e+02 5.492670430869440734e-01
3.040000000000000568e+02 5.637790002864337957e-01
3.050000000000000000e+02 5.781149507778883256e-01
3.060000000000000000e+02 5.922514628344426324e-01
3.070000000000000000e+02 6.062195716263176770e-01
3.080000000000000000e+02 6.200077537038107822e-01
3.090000000000000000e+02 6.336197787866534314e-01
3.100000000000000000e+02 6.470236788440391074e-01
3.110000000000000000e+02 6.602097179330169707e-01
3.119999999999999432e+02 6.732338168139393453e-01
3.130000000000000000e+02 6.860370285481524055e-01
3.140000000000000000e+02 6.986249694610758842e-01
3.150000000000000000e+02 7.110049666945422731e-01
3.160000000000000000e+02 7.231683948774690895e-01
3.170000000000000568e+02 7.351390740651515543e-01
3.180000000000000568e+02 7.468343179162192369e-01
3.190000000000000000e+02 7.583427226599824822e-01
3.200000000000000000e+02 7.695841137958518985e-01
3.210000000000000000e+02 7.806100276662084614e-01
3.220000000000000000e+02 7.913999425982550795e-01
3.230000000000000000e+02 8.019616666864100019e-01
3.240000000000000000e+02 8.122514274160247405e-01
3.250000000000000000e+02 8.223121647617097629e-01
3.260000000000000568e+02 8.321151679374513277e-01
3.270000000000000000e+02 8.416903653719325362e-01
3.280000000000000000e+02 8.509603965600224251e-01
3.290000000000000000e+02 8.600091655950535818e-01
3.300000000000000000e+02 8.687840382093433567e-01
3.310000000000000000e+02 8.772880904194093610e-01
3.320000000000000000e+02 8.855497451405086595e-01
3.330000000000000000e+02 8.935180318249856812e-01
3.340000000000000000e+02 9.012206563782050317e-01
3.350000000000000000e+02 9.086515357005229276e-01
3.360000000000000000e+02 9.158026000843962899e-01
3.370000000000000000e+02 9.226634053101933075e-01
3.380000000000000000e+02 9.292483697376340279e-01
3.390000000000000000e+02 9.355646843779533706e-01
3.400000000000000568e+02 9.415842711048846292e-01
3.410000000000000000e+02 9.473045066401790670e-01
3.420000000000000000e+02 9.527486467213753807e-01
3.430000000000000000e+02 9.579089681401861123e-01
3.440000000000000000e+02 9.627840217890889507e-01
3.450000000000000000e+02 9.673781809250850960e-01
3.460000000000000000e+02 9.716317337074068528e-01
3.470000000000000000e+02 9.755979627258325459e-01
3.480000000000000000e+02 9.792943055956562226e-01
3.490000000000000568e+02 9.826527050408404573e-01
3.500000000000000000e+02 9.857595875323970080e-01
3.510000000000000000e+02 9.885400462697595536e-01
3.520000000000000000e+02 9.910190096181170638e-01
3.530000000000000000e+02 9.932384366807075482e-01
3.540000000000000000e+02 9.950822775072315496e-01
3.550000000000000000e+02 9.966720280621123029e-01
3.560000000000000000e+02 9.979485280440277828e-01
3.569999999999999432e+02 9.989223958256966407e-01
3.580000000000000000e+02 9.995833523485800898e-01
3.590000000000000000e+02 9.999527071417115831e-01
3.600000000000000000e+02 1.000000000000000000e+00
