0.000000000000000000e+00 1.000000000000000000e+00
1.000000000000000000e+00 9.997751072382475845e-01
2.000000000000000000e+00 9.992183733586766925e-01
3.000000000000000000e+00 9.983619591604573351e-01
4.000000000000000000e+00 9.972595631943688144e-01
5.000000000000000000e+00 9.958830275217480654e-01
6.000000000000000000e+00 9.941139499815885294e-01
7.000000000000000000e+00 9.920604530008393374e-01
8.000000000000000000e+00 9.896820704728214180e-01
9.000000000000000000e+00 9.870857854323261682e-01
1.000000000000000000e+01 9.840994939901445138e-01
1.100000000000000000e+01 9.808670165685244857e-01
1.200000000000000000e+01 9.773063485831064989e-01
1.300000000000000178e+01 9.735148399192342650e-01
1.400000000000000000e+01 9.693896210846850714e-01
1.500000000000000000e+01 9.649656848261459752e-01
1.600000000000000000e+01 9.602072746824615868e-01
1.700000000000000355e+01 9.551794035167473496e-01
1.800000000000000000e+01 9.498269358097661819e-01
1.900000000000000355e+01 9.442630817226876916e-01
2.000000000000000000e+01 9.383635422863304543e-01
2.100000000000000000e+01 9.322137742536468208e-01
2.200000000000000000e+01 9.257521914646169581e-01
2.300000000000000000e+01 9.190451367367616919e-01
2.400000000000000000e+01 9.119917201870713086e-01
2.500000000000000000e+01 9.047229164662274892e-01
2.600000000000000355e+01 8.971586526474811807e-01
2.700000000000000000e+01 8.892806389040230908e-01
2.800000000000000000e+01 8.811532478475965213e-01
2.900000000000000355e+01 8.728233478124982625e-01
3.000000000000000000e+01 8.641364525976692468e-01
3.100000000000000000e+01 8.552193278081788863e-01
3.200000000000000000e+01 8.460085370852997722e-01
3.300000000000000000e+01 8.365910274949748260e-01
3.400000000000000711e+01 8.269400133378309592e-01
3.500000000000000000e+01 8.169800232552569819e-01
3.600000000000000000e+01 8.067948487679718061e-01
3.700000000000000000e+01 7.963576116718318332e-01
3.800000000000000711e+01 7.857097810445455854e-01
3.899999999999999289e+01 7.747907393511636043e-01
4.000000000000000000e+01 7.635871036007517709e-01
4.100000000000000000e+01 7.522352861743659691e-01
4.200000000000000000e+01 7.406455394712023743e-01
4.300000000000000000e+01 7.287756426680311872e-01
4.400000000000000000e+01 7.167052328024094976e-01
4.500000000000000000e+01 7.044282972272926102e-01
4.600000000000000000e+01 6.919637597286618647e-01
4.700000000000000000e+01 6.792501150127158160e-01
4.800000000000000000e+01 6.663290665097340026e-01
4.899999999999999289e+01 6.532152230106574864e-01
5.000000000000000000e+01 6.399090078299416451e-01
5.100000000000000000e+01 6.264007204855750466e-01
5.200000000000000711e+01 6.127109858148966914e-01
5.300000000000000000e+01 5.988302646966033871e-01
5.400000000000000000e+01 5.847686905373521427e-01
5.500000000000000711e+01 5.704920722232857955e-01
5.600000000000000000e+01 5.560805921057944134e-01
5.700000000000000711e+01 5.415172375622453460e-01
5.800000000000000711e+01 5.267564524270214044e-01
5.900000000000000711e+01 5.118444364935748059e-01
6.000000000000000000e+01 4.967609182142934121e-01
6.099999999999999289e+01 4.815379284865018428e-01
6.200000000000000000e+01 4.661700098992958008e-01
6.299999999999999289e+01 4.506787856932960024e-01
6.400000000000000000e+01 4.350323763265487309e-01
6.500000000000000000e+01 4.192418453980918391e-01
6.600000000000000000e+01 4.033516039085303095e-01
6.700000000000000000e+01 3.873210990832718914e-01
6.800000000000001421e+01 3.711753381006484553e-01
6.900000000000000000e+01 3.549230713644875856e-01
7.000000000000000000e+01 3.385466050944025973e-01
7.100000000000000000e+01 3.220828984372072212e-01
7.200000000000000000e+01 3.055188049952145546e-01
7.300000000000000000e+01 2.888667477276609108e-01
7.400000000000000000e+01 2.721182977470462672e-01
7.500000000000000000e+01 2.552951147089476125e-01
7.600000000000001421e+01 2.383962201426128580e-01
7.700000000000000000e+01 2.214276680375029116e-01
7.799999999999998579e+01 2.043824000039012878e-01
7.900000000000000000e+01 1.872761999598790694e-01
8.000000000000000000e+01 1.701216724577134243e-01
8.100000000000000000e+01 1.529307737280014290e-01
8.200000000000000000e+01 1.356869459115094545e-01
8.300000000000000000e+01 1.184256224277984715e-01
8.400000000000000000e+01 1.011220249690163997e-01
8.500000000000001421e+01 8.382234686526582323e-02
8.600000000000000000e+01 6.653736719160140145e-02
8.700000000000000000e+01 4.931365058492622605e-02
8.800000000000000000e+01 3.228865119196477895e-02
8.900000000000000000e+01 1.616669554243328408e-02
9.000000000000000000e+01 9.436490757465007886e-03
9.100000000000000000e+01 2.293109263677531665e-02
9.200000000000000000e+01 3.963812986613525491e-02
9.300000000000001421e+01 5.677998126431502146e-02
9.400000000000000000e+01 7.403912010696254986e-02
9.500000000000000000e+01 9.133725369089903956e-02
9.600000000000000000e+01 1.086366343588445749e-01
9.700000000000000000e+01 1.259219057443800027e-01
9.799999999999998579e+01 1.431793082293157660e-01
9.900000000000001421e+01 1.603963441261892220e-01
1.000000000000000000e+02 1.775763067409596441e-01
1.010000000000000000e+02 1.947100771625623894e-01
1.020000000000000000e+02 2.117837385173777787e-01
1.030000000000000142e+02 2.287983688001772320e-01
1.040000000000000142e+02 2.457398759556313206e-01
1.050000000000000000e+02 2.626072934769651535e-01
1.060000000000000000e+02 2.794056466714326392e-01
1.070000000000000000e+02 2.961126252949622395e-01
1.080000000000000000e+02 3.127193155279155423e-01
1.089999999999999858e+02 3.292484033639421215e-01
1.100000000000000142e+02 3.456791704782501418e-01
1.110000000000000000e+02 3.619826265583800384e-01
1.120000000000000000e+02 3.782065296979129077e-01
1.130000000000000000e+02 3.942849024751644560e-01
1.140000000000000142e+02 4.102557042299423418e-01
1.149999999999999858e+02 4.261137855310638267e-01
1.160000000000000142e+02 4.418406767928992895e-01
1.170000000000000000e+02 4.574259750061281382e-01
1.180000000000000142e+02 4.728808317950937701e-01
1.190000000000000000e+02 4.881797208999880677e-01
1.200000000000000000e+02 5.033147988716850652e-01
1.210000000000000142e+02 5.183113511191114187e-01
1.219999999999999858e+02 5.331640198316224266e-01
1.230000000000000000e+02 5.478573762636652633e-01
1.240000000000000000e+02 5.623616378142115568e-01
1.250000000000000142e+02 5.767184440329582440e-01
1.259999999999999858e+02 5.908980568956729851e-01
1.270000000000000142e+02 6.048809966819602701e-01
1.280000000000000000e+02 6.186757048699734751e-01
1.290000000000000000e+02 6.323053672779699319e-01
1.300000000000000000e+02 6.457336018548641698e-01
1.310000000000000000e+02 6.589577275093519981e-01
1.320000000000000000e+02 6.719408370864482505e-01
1.330000000000000000e+02 6.847710373531404882e-01
1.340000000000000000e+02 6.974181028615515920e-01
1.350000000000000000e+02 7.097953658451264802e-01
1.360000000000000284e+02 7.219807765204023786e-01
1.370000000000000000e+02 7.339419992778619672e-01
1.380000000000000000e+02 7.457001800299901673e-01
1.390000000000000000e+02 7.572139897280488752e-01
1.400000000000000000e+02 7.684903251616677089e-01
1.410000000000000000e+02 7.795646900328458972e-01
1.420000000000000000e+02 7.903349763561128283e-01
1.430000000000000000e+02 8.009164494453727690e-01
1.440000000000000000e+02 8.112076121219100600e-01
1.450000000000000000e+02 8.213380188343737398e-01
1.460000000000000000e+02 8.311417739118193149e-01
1.470000000000000000e+02 8.407375992377759122e-01
1.480000000000000000e+02 8.500448049988663657e-01
1.490000000000000000e+02 8.591066227126580301e-01
1.500000000000000000e+02 8.679168035331731312e-01
1.510000000000000000e+02 8.764507999548691863e-01
1.520000000000000284e+02 8.846958921583586433e-01
1.530000000000000000e+02 8.927135910617939318e-01
1.540000000000000000e+02 9.004537908901735221e-01
1.550000000000000000e+02 9.078812595679901509e-01
1.559999999999999716e+02 9.150917231425573783e-01
1.570000000000000000e+02 9.219692417579313792e-01
1.580000000000000000e+02 9.285857932446250906e-01
1.590000000000000284e+02 9.349352466238658455e-01
1.600000000000000000e+02 9.409655196853304870e-01
1.610000000000000000e+02 9.467506357496768832e-01
1.620000000000000000e+02 9.522475008423966214e-01
1.630000000000000284e+02 9.574229147114737826e-01
1.640000000000000000e+02 9.622988473105488216e-01
1.650000000000000000e+02 9.668449522722635248e-01
1.660000000000000000e+02 9.711835012933833777e-01
1.670000000000000000e+02 9.752439097850785776e-01
1.680000000000000000e+02 9.789060112277492287e-01
1.690000000000000000e+02 9.823500805344872466e-01
1.700000000000000284e+02 9.854797445005752943e-01
1.710000000000000000e+02 9.882481368385697129e-01
1.720000000000000000e+02 9.907912163237878600e-01
1.730000000000000000e+02 9.930203921400055922e-01
1.740000000000000000e+02 9.949007470040904799e-01
1.750000000000000000e+02 9.965161060512006674e-01
1.760000000000000000e+02 9.977853350203547134e-01
1.770000000000000000e+02 9.988079567294743111e-01
1.780000000000000000e+02 9.995334275374208044e-01
1.790000000000000000e+02 9.999045821142955592e-01
1.800000000000000000e+02 1.000000000000000000e+00
1.810000000000000000e+02 9.997751072382475845e-01
1.820000000000000000e+02 9.992183733586766925e-01
1.830000000000000000e+02 9.983619591604573351e-01
1.840000000000000000e+02 9.972595631943688144e-01
1.849999999999999716e+02 9.958830275217480654e-01
1.860000000000000284e+02 9.941139499815885294e-01
1.870000000000000284e+02 9.920335157120105940e-01
1.880000000000000000e+02 9.896628570550429771e-01
1.890000000000000000e+02 9.870857854323261682e-01
1.900000000000000000e+02 9.840994939901445138e-01
1.910000000000000000e+02 9.808670165685244857e-01
1.920000000000000000e+02 9.773280490430272804e-01
1.930000000000000000e+02 9.735148399192342650e-01
1.940000000000000000e+02 9.693896210846850714e-01
1.950000000000000284e+02 9.649656848261459752e-01
1.959999999999999716e+02 9.602072746824615868e-01
1.970000000000000284e+02 9.551794035167473496e-01
1.980000000000000284e+02 9.497992178712882927e-01
1.990000000000000000e+02 9.442637052975774159e-01
2.000000000000000000e+02 9.383635422863304543e-01
2.010000000000000000e+02 9.322137742536468208e-01
2.020000000000000000e+02 9.257521914646169581e-01
2.030000000000000000e+02 9.190451367367616919e-01
2.040000000000000000e+02 9.119917201870713086e-01
2.050000000000000000e+02 9.047251085312666419e-01
2.060000000000000284e+02 8.970975368671175731e-01
2.069999999999999716e+02 8.892806389040230908e-01
2.080000000000000284e+02 8.811644617746920982e-01
2.090000000000000284e+02 8.727708458036008698e-01
2.100000000000000000e+02 8.641258614836696550e-01
2.110000000000000000e+02 8.552193278081788863e-01
2.120000000000000000e+02 8.460511807270509888e-01
2.130000000000000000e+02 8.365910274949748260e-01
2.140000000000000000e+02 8.269583543333973719e-01
2.150000000000000000e+02 8.169800232552569819e-01
2.160000000000000000e+02 8.068024234919898285e-01
2.170000000000000284e+02 7.963576116718318332e-01
2.179999999999999716e+02 7.857190227103277858e-01
2.190000000000000284e+02 7.747743275521922213e-01
2.200000000000000284e+02 7.635871036007517709e-01
2.210000000000000000e+02 7.522273801122487669e-01
2.220000000000000000e+02 7.406455394712023743e-01
2.230000000000000000e+02 7.287825564003984624e-01
2.240000000000000000e+02 7.167233295890499400e-01
2.250000000000000000e+02 7.044219207730230137e-01
2.260000000000000000e+02 6.919637597286618647e-01
2.270000000000000000e+02 6.792622131697551024e-01
2.280000000000000284e+02 6.663568842433332806e-01
2.290000000000000000e+02 6.532152230106574864e-01
2.299999999999999716e+02 6.398820725853523461e-01
2.309999999999999716e+02 6.263874423788755585e-01
2.320000000000000284e+02 6.127126427466074166e-01
2.330000000000000000e+02 5.988160307228307389e-01
2.340000000000000000e+02 5.847668700507344663e-01
2.350000000000000000e+02 5.705213916326309365e-01
2.360000000000000284e+02 5.560870770800176999e-01
2.370000000000000000e+02 5.415143580669868895e-01
2.380000000000000000e+02 5.267531259692252998e-01
2.390000000000000000e+02 5.118344145298620029e-01
2.400000000000000000e+02 4.967805370787689578e-01
2.410000000000000284e+02 4.815414757120853873e-01
2.420000000000000284e+02 4.661735896280598257e-01
2.430000000000000284e+02 4.506777811053407912e-01
2.439999999999999716e+02 4.350326312993280653e-01
2.450000000000000000e+02 4.192493961992066476e-01
2.460000000000000000e+02 4.033385781517959678e-01
2.470000000000000000e+02 3.873230773248825254e-01
2.480000000000000000e+02 3.711502580826356867e-01
2.490000000000000000e+02 3.549105939680098354e-01
2.500000000000000284e+02 3.385539157722812220e-01
2.510000000000000284e+02 3.220874677418674170e-01
2.519999999999999716e+02 3.055166352688004072e-01
2.529999999999999716e+02 2.888650513323003932e-01
2.540000000000000284e+02 2.721181103514491717e-01
2.550000000000000000e+02 2.553069576373087624e-01
2.560000000000000000e+02 2.383859299385720498e-01
2.570000000000000000e+02 2.214191282767539182e-01
2.580000000000000000e+02 2.043764340350795738e-01
2.590000000000000568e+02 1.872789103239631270e-01
2.600000000000000000e+02 1.701271382848583147e-01
2.610000000000000000e+02 1.529253111624928052e-01
2.620000000000000000e+02 1.356854433872968224e-01
2.630000000000000000e+02 1.184182993803040013e-01
2.640000000000000000e+02 1.011268978364703308e-01
2.650000000000000000e+02 8.382412479589831933e-02
2.660000000000000000e+02 6.653801721936480895e-02
2.669999999999999432e+02 4.931342863393448767e-02
2.680000000000000000e+02 3.228845372830070615e-02
2.690000000000000000e+02 1.616702159673612943e-02
2.700000000000000000e+02 9.436491242675803040e-03
2.710000000000000000e+02 2.293044636143444850e-02
2.720000000000000568e+02 3.963824012614814568e-02
2.730000000000000568e+02 5.677847936778262355e-02
2.740000000000000000e+02 7.403877888004298247e-02
2.750000000000000000e+02 9.133507379147512428e-02
2.760000000000000000e+02 1.086326397878791677e-01
2.770000000000000000e+02 1.259254250427933874e-01
2.780000000000000000e+02 1.431735632882772113e-01
2.790000000000000000e+02 1.604001544907280585e-01
2.800000000000000000e+02 1.775820864192647064e-01
2.810000000000000568e+02 1.947104864447534167e-01
2.820000000000000000e+02 2.117903603564920689e-01
2.830000000000000000e+02 2.288053402617437337e-01
2.840000000000000000e+02 2.457336049313747495e-01
2.850000000000000000e+02 2.626040226880561046e-01
2.860000000000000000e+02 2.794131038577563619e-01
2.870000000000000000e+02 2.961252959378337102e-01
2.880000000000000000e+02 3.127137175046517670e-01
2.890000000000000000e+02 3.292344142209119862e-01
2.900000000000000000e+02 3.456601371071682527e-01
2.910000000000000000e+02 3.619892957705132530e-01
2.920000000000000000e+02 3.782210457088250322e-01
2.930000000000000000e+02 3.942932218834143687e-01
2.940000000000000000e+02 4.102563084014264061e-01
2.950000000000000568e+02 4.261195620219950797e-01
2.960000000000000000e+02 4.418413567118161800e-01
2.970000000000000000e+02 4.574133503859865724e-01
2.980000000000000000e+02 4.728623935610981599e-01
2.990000000000000000e+02 4.881993949143811906e-01
3.000000000000000000e+02 5.033252124174897313e-01
3.010000000000000000e+02 5.183390886685995680e-01
3.020000000000000000e+02 5.331656596706497719e-01
3.030000000000000000e+02 5.478411324112194558e-01
3.040000000000000568e+02 5.623872615374790884e-01
3.050000000000000000e+02 5.767271813079690723e-01
3.060000000000000000e+02 5.908801620962574885e-01
3.070000000000000000e+02 6.048948082199815390e-01
3.080000000000000000e+02 6.186710096707446205e-01
3.090000000000000000e+02 6.322935173618339233e-01
3.100000000000000000e+02 6.457347447979234767e-01
3.110000000000000000e+02 6.589581304734412059e-01
3.119999999999999432e+02 6.719529258148454476e-01
3.130000000000000000e+02 6.847779706064980321e-01
3.140000000000000000e+02 6.974294357753181295e-01
3.150000000000000000e+02 7.097988583671709373e-01
3.160000000000000000e+02 7.219854833560351848e-01
3.170000000000000568e+02 7.339617210380100509e-01
3.180000000000000568e+02 7.456644316520107951e-01
3.190000000000000000e+02 7.571742714568093779e-01
3.200000000000000000e+02 7.684664529631511920e-01
3.210000000000000000e+02 7.795556466951267804e-01
3.220000000000000000e+02 7.903785250524014705e-01
3.230000000000000000e+02 8.009282341079183576e-01
3.240000000000000000e+02 8.112076121219100600e-01
3.250000000000000000e+02 8.213181074460440545e-01
3.260000000000000568e+02 8.311836202688132058e-01
3.270000000000000000e+02 8.407439554444262608e-01
3.280000000000000000e+02 8.500448049988663657e-01
3.290000000000000000e+02 8.591344678788837008e-01
3.300000000000000000e+02 8.679018195526186918e-01
3.310000000000000000e+02 8.764276156980358445e-01
3.320000000000000000e+02 8.847078803708667838e-01
3.330000000000000000e+02 8.927135910617939318e-01
3.340000000000000000e+02 9.004407063002168865e-01
3.350000000000000000e+02 9.078985607964151772e-01
3.360000000000000000e+02 9.150622497290604729e-01
3.370000000000000000e+02 9.219741017835144659e-01
3.380000000000000000e+02 9.285857932446250906e-01
3.390000000000000000e+02 9.349444509825934890e-01
3.400000000000000568e+02 9.410054222466176510e-01
3.410000000000000000e+02 9.467506357496768832e-01
3.420000000000000000e+02 9.522475008423966214e-01
3.430000000000000000e+02 9.574090486700069791e-01
3.440000000000000000e+02 9.622988473105488216e-01
3.450000000000000000e+02 9.668809908045783441e-01
3.460000000000000000e+02 9.711835012933833777e-01
3.470000000000000000e+02 9.752439097850785776e-01
3.480000000000000000e+02 9.789070244788600217e-01
3.490000000000000568e+02 9.823500805344872466e-01
3.500000000000000000e+02 9.854797445005752943e-01
3.510000000000000000e+02 9.882481368385697129e-01
3.520000000000000000e+02 9.908194850804579179e-01
3.530000000000000000e+02 9.929921592878198089e-01
3.540000000000000000e+02 9.949007470040904799e-01
3.550000000000000000e+02 9.965161060512006674e-01
3.560000000000000000e+02 9.977853350203547134e-01
3.569999999999999432e+02 9.988079567294743111e-01
3.580000000000000000e+02 9.995334275374208044e-01
3.590000000000000000e+02 9.999045821142955592e-01
3.600000000000000000e+02 1.000000000000000000e+00
