0.000000000000000000e+00 1.000000000000000000e+00
1.000000000000000000e+00 9.998892960945197084e-01
2.000000000000000000e+00 9.994445455767426711e-01
3.000000000000000000e+00 9.987007585855265379e-01
4.000000000000000000e+00 9.976641553235273685e-01
5.000000000000000000e+00 9.963080695346696602e-01
6.000000000000000000e+00 9.946738783206166001e-01
7.000000000000000000e+00 9.927174822578879176e-01
8.000000000000000000e+00 9.904545829098406751e-01
9.000000000000000000e+00 9.878977929837353678e-01
1.000000000000000000e+01 9.850646065854992139e-01
1.100000000000000000e+01 9.818919224197328877e-01
1.200000000000000000e+01 9.784471832904566568e-01
1.300000000000000178e+01 9.746902815315210411e-01
1.400000000000000000e+01 9.706293902420218833e-01
1.500000000000000000e+01 9.662950697332067795e-01
1.600000000000000000e+01 9.616516444505124328e-01
1.700000000000000355e+01 9.567464297078535074e-01
1.800000000000000000e+01 9.514966882767852407e-01
1.900000000000000355e+01 9.459901037596727402e-01
2.000000000000000000e+01 9.401879628374767428e-01
2.100000000000000000e+01 9.340872616035982290e-01
2.200000000000000000e+01 9.277155979078851589e-01
2.300000000000000000e+01 9.210620593268816769e-01
2.400000000000000000e+01 9.141165944500250218e-01
2.500000000000000000e+01 9.069054355906682741e-01
2.600000000000000355e+01 8.994066979904465908e-01
2.700000000000000000e+01 8.916616106398517205e-01
2.800000000000000000e+01 8.836037212051576217e-01
2.900000000000000355e+01 8.753177563297032115e-01
3.000000000000000000e+01 8.667409110852248855e-01
3.100000000000000000e+01 8.579146969727990957e-01
3.200000000000000000e+01 8.488114238920981824e-01
3.300000000000000000e+01 8.394443087417070570e-01
3.400000000000000711e+01 8.298414134562077660e-01
3.500000000000000000e+01 8.199740990708617172e-01
3.600000000000000000e+01 8.098535902732496572e-01
3.700000000000000000e+01 7.994882264493785584e-01
3.800000000000000711e+01 7.888706287002162920e-01
3.899999999999999289e+01 7.780378978455008143e-01
4.000000000000000000e+01 7.669563084890754778e-01
4.100000000000000000e+01 7.556462891984887520e-01
4.200000000000000000e+01 7.440970393113389703e-01
4.300000000000000000e+01 7.323372388131885735e-01
4.400000000000000000e+01 7.203368140669806907e-01
4.500000000000000000e+01 7.081188722945428449e-01
4.600000000000000000e+01 6.956994369731717143e-01
4.700000000000000000e+01 6.830571190088575717e-01
4.800000000000000000e+01 6.702022393159018376e-01
4.899999999999999289e+01 6.571317224618340447e-01
5.000000000000000000e+01 6.438893672663303924e-01
5.100000000000000000e+01 6.304275966472585591e-01
5.200000000000000711e+01 6.167823534603413815e-01
5.300000000000000000e+01 6.029591080079986787e-01
5.400000000000000000e+01 5.889495662143883203e-01
5.500000000000000711e+01 5.747417100043223925e-01
5.600000000000000000e+01 5.603727282628971906e-01
5.700000000000000711e+01 5.458472511061933652e-01
5.800000000000000711e+01 5.311339458391463042e-01
5.900000000000000711e+01 5.162681215453895911e-01
6.000000000000000000e+01 5.012331433845046424e-01
6.099999999999999289e+01 4.860708217068638315e-01
6.200000000000000000e+01 4.707318814554664610e-01
6.299999999999999289e+01 4.552698222908997949e-01
6.400000000000000000e+01 4.396589103133096144e-01
6.500000000000000000e+01 4.239195816832568298e-01
6.600000000000000000e+01 4.080532042496024525e-01
6.700000000000000000e+01 3.920584610350069110e-01
6.800000000000001421e+01 3.759448596822980715e-01
6.900000000000000000e+01 3.597081885569893833e-01
7.000000000000000000e+01 3.433741241859124549e-01
7.100000000000000000e+01 3.269389736045635875e-01
7.200000000000000000e+01 3.103880654606244738e-01
7.300000000000000000e+01 2.937558182060532319e-01
7.400000000000000000e+01 2.770352298415159620e-01
7.500000000000000000e+01 2.602198034325612919e-01
7.600000000000001421e+01 2.433395586232859065e-01
7.700000000000000000e+01 2.263759185466731882e-01
7.799999999999998579e+01 2.093440257194366105e-01
7.900000000000000000e+01 1.922461154627974622e-01
8.000000000000000000e+01 1.751025280877758217e-01
8.100000000000000000e+01 1.578920536155229148e-01
8.200000000000000000e+01 1.406478263549033880e-01
8.300000000000000000e+01 1.233577585592152415e-01
8.400000000000000000e+01 1.060325806622998135e-01
8.500000000000001421e+01 8.868076642954419997e-02
8.600000000000000000e+01 7.131224837619463963e-02
8.700000000000000000e+01 5.394118554872232713e-02
8.800000000000000000e+01 3.659793417798989923e-02
8.900000000000000000e+01 1.940872481077197953e-02
9.000000000000000000e+01 4.772377390190857445e-03
9.100000000000000000e+01 1.667300808793879124e-02
9.200000000000000000e+01 3.379472108031803673e-02
9.300000000000001421e+01 5.112627528800037929e-02
9.400000000000000000e+01 6.849848674456460174e-02
9.500000000000000000e+01 8.586611464481896938e-02
9.600000000000000000e+01 1.032207237668183036e-01
9.700000000000000000e+01 1.205504275724843533e-01
9.799999999999998579e+01 1.378469261586075800e-01
9.900000000000001421e+01 1.551028596755881228e-01
1.000000000000000000e+02 1.723135023099293117e-01
1.010000000000000000e+02 1.894743996179855949e-01
1.020000000000000000e+02 2.065778835931996182e-01
1.030000000000000142e+02 2.236182905271151267e-01
1.040000000000000142e+02 2.405908890801635724e-01
1.050000000000000000e+02 2.574905902593878637e-01
1.060000000000000000e+02 2.743127426002391900e-01
1.070000000000000000e+02 2.910482905233921502e-01
1.080000000000000000e+02 3.077078507016505204e-01
1.089999999999999858e+02 3.242635534212576220e-01
1.100000000000000142e+02 3.407147843177305013e-01
1.110000000000000000e+02 3.570717383076938978e-01
1.120000000000000000e+02 3.733176044291966478e-01
1.130000000000000000e+02 3.894526953051059559e-01
1.140000000000000142e+02 4.054762918777276570e-01
1.149999999999999858e+02 4.213581468040494271e-01
1.160000000000000142e+02 4.371177206516583258e-01
1.170000000000000000e+02 4.527358337375616548e-01
1.180000000000000142e+02 4.682454684200196282e-01
1.190000000000000000e+02 4.835876523358714763e-01
1.200000000000000000e+02 4.987925752588534545e-01
1.210000000000000142e+02 5.138541640699328950e-01
1.219999999999999858e+02 5.287345849997702185e-01
1.230000000000000000e+02 5.434705915139794730e-01
1.240000000000000000e+02 5.580280862737572178e-01
1.250000000000000142e+02 5.724357560085493457e-01
1.259999999999999858e+02 5.866517187899334962e-01
1.270000000000000142e+02 6.006927403987704084e-01
1.280000000000000000e+02 6.145592836619016008e-01
1.290000000000000000e+02 6.282413842352312372e-01
1.300000000000000000e+02 6.417143964896458996e-01
1.310000000000000000e+02 6.549947856678032254e-01
1.320000000000000000e+02 6.680900769116595583e-01
1.330000000000000000e+02 6.809860569219051696e-01
1.340000000000000000e+02 6.936554394724711026e-01
1.350000000000000000e+02 7.061117862200249062e-01
1.360000000000000284e+02 7.183685650409491474e-01
1.370000000000000000e+02 7.304020081221508365e-01
1.380000000000000000e+02 7.422232481929957881e-01
1.390000000000000000e+02 7.537802184130144578e-01
1.400000000000000000e+02 7.651482568095827608e-01
1.410000000000000000e+02 7.762720288053598372e-01
1.420000000000000000e+02 7.871379987797180178e-01
1.430000000000000000e+02 7.977737428283715460e-01
1.440000000000000000e+02 8.081943118475443111e-01
1.450000000000000000e+02 8.183481952963089778e-01
1.460000000000000000e+02 8.282604306603340572e-01
1.470000000000000000e+02 8.379071483018998290e-01
1.480000000000000000e+02 8.473067871718682476e-01
1.490000000000000000e+02 8.564522513127934555e-01
1.500000000000000000e+02 8.653268453771697510e-01
1.510000000000000000e+02 8.739279973421038017e-01
1.520000000000000284e+02 8.822751975816653935e-01
1.530000000000000000e+02 8.903767719121893354e-01
1.540000000000000000e+02 8.981838011372222930e-01
1.550000000000000000e+02 9.057272701364849077e-01
1.559999999999999716e+02 9.129776362758578179e-01
1.570000000000000000e+02 9.199643100246089888e-01
1.580000000000000000e+02 9.266484102986921600e-01
1.590000000000000284e+02 9.330825807963721852e-01
1.600000000000000000e+02 9.391980869003069277e-01
1.610000000000000000e+02 9.450669867051376682e-01
1.620000000000000000e+02 9.506200132697788518e-01
1.630000000000000284e+02 9.558863821912185754e-01
1.640000000000000000e+02 9.608848986504548995e-01
1.650000000000000000e+02 9.655490602488396856e-01
1.660000000000000000e+02 9.699466578091862079e-01
1.670000000000000000e+02 9.740389944849019432e-01
1.680000000000000000e+02 9.778538008047693575e-01
1.690000000000000000e+02 9.813581446768042671e-01
1.700000000000000284e+02 9.845763356831858104e-01
1.710000000000000000e+02 9.874872765360964699e-01
1.720000000000000000e+02 9.900782792168701940e-01
1.730000000000000000e+02 9.923726800942039850e-01
1.740000000000000000e+02 9.943655317702478902e-01
1.750000000000000000e+02 9.960446811381479248e-01
1.760000000000000000e+02 9.974693306806596826e-01
1.770000000000000000e+02 9.985428978155526103e-01
1.780000000000000000e+02 9.993443013274336817e-01
1.790000000000000000e+02 9.998186659534332721e-01
1.800000000000000000e+02 1.000000000000000000e+00
1.810000000000000000e+02 9.998892960945197084e-01
1.820000000000000000e+02 9.994445455767426711e-01
1.830000000000000000e+02 9.987007585855265379e-01
1.840000000000000000e+02 9.976641553235273685e-01
1.849999999999999716e+02 9.963080695346696602e-01
1.860000000000000284e+02 9.946738783206166001e-01
1.870000000000000284e+02 9.927266054064485257e-01
1.880000000000000000e+02 9.904436404289084228e-01
1.890000000000000000e+02 9.878977929837353678e-01
1.900000000000000000e+02 9.850646065854992139e-01
1.910000000000000000e+02 9.818919224197328877e-01
1.920000000000000000e+02 9.784661358414215027e-01
1.930000000000000000e+02 9.746902815315210411e-01
1.940000000000000000e+02 9.706293902420218833e-01
1.950000000000000284e+02 9.662950697332067795e-01
1.959999999999999716e+02 9.616516444505124328e-01
1.970000000000000284e+02 9.567464297078535074e-01
1.980000000000000284e+02 9.515041559650133651e-01
1.990000000000000000e+02 9.459856312719708837e-01
2.000000000000000000e+02 9.401879628374767428e-01
2.010000000000000000e+02 9.340872616035982290e-01
2.020000000000000000e+02 9.277155979078851589e-01
2.030000000000000000e+02 9.210620593268816769e-01
2.040000000000000000e+02 9.141165944500250218e-01
2.050000000000000000e+02 9.069048607661399641e-01
2.060000000000000284e+02 8.994266205480972998e-01
2.069999999999999716e+02 8.916616106398517205e-01
2.080000000000000284e+02 8.836030858305973235e-01
2.090000000000000284e+02 8.753191326799438787e-01
2.100000000000000000e+02 8.667278246547325260e-01
2.110000000000000000e+02 8.579146969727990957e-01
2.120000000000000000e+02 8.488098253006914895e-01
2.130000000000000000e+02 8.394443087417070570e-01
2.140000000000000000e+02 8.298327114973134133e-01
2.150000000000000000e+02 8.199740990708617172e-01
2.160000000000000000e+02 8.098556581597491366e-01
2.170000000000000284e+02 7.994882264493785584e-01
2.179999999999999716e+02 7.888759132431905075e-01
2.190000000000000284e+02 7.780333310070327579e-01
2.200000000000000284e+02 7.669563084890754778e-01
2.210000000000000000e+02 7.556406361067584676e-01
2.220000000000000000e+02 7.440970393113389703e-01
2.230000000000000000e+02 7.323316945850760762e-01
2.240000000000000000e+02 7.203218775121033035e-01
2.250000000000000000e+02 7.081187588680126765e-01
2.260000000000000000e+02 6.956994369731717143e-01
2.270000000000000000e+02 6.830581471817507300e-01
2.280000000000000284e+02 6.701950021877191022e-01
2.290000000000000000e+02 6.571317224618340447e-01
2.299999999999999716e+02 6.438762128592284695e-01
2.309999999999999716e+02 6.304133159046093615e-01
2.320000000000000284e+02 6.167969944716250597e-01
2.330000000000000000e+02 6.029679293567941079e-01
2.340000000000000000e+02 5.889484154935109572e-01
2.350000000000000000e+02 5.747437014341372219e-01
2.360000000000000284e+02 5.603829426419894011e-01
2.370000000000000000e+02 5.458374477204491759e-01
2.380000000000000000e+02 5.311391720723824816e-01
2.390000000000000000e+02 5.162679374108830599e-01
2.400000000000000000e+02 5.012361124241896393e-01
2.410000000000000284e+02 4.860640305338065903e-01
2.420000000000000284e+02 4.707418710777483972e-01
2.430000000000000284e+02 4.552592740991980302e-01
2.439999999999999716e+02 4.396600735658525716e-01
2.450000000000000000e+02 4.239226732817887311e-01
2.460000000000000000e+02 4.080516654539912969e-01
2.470000000000000000e+02 3.920596155152737960e-01
2.480000000000000000e+02 3.759416551282032670e-01
2.490000000000000000e+02 3.597196697733116566e-01
2.500000000000000284e+02 3.433734685694159738e-01
2.510000000000000284e+02 3.269289325473170860e-01
2.519999999999999716e+02 3.103894571714597705e-01
2.529999999999999716e+02 2.937521127039887658e-01
2.540000000000000284e+02 2.770299907920059090e-01
2.550000000000000000e+02 2.602259418387988243e-01
2.560000000000000000e+02 2.433385793253782237e-01
2.570000000000000000e+02 2.263760619735456225e-01
2.580000000000000000e+02 2.093407275133352674e-01
2.590000000000000568e+02 1.922469786383920465e-01
2.600000000000000000e+02 1.751010481019839027e-01
2.610000000000000000e+02 1.578945161819799436e-01
2.620000000000000000e+02 1.406452393452627125e-01
2.630000000000000000e+02 1.233569126538163196e-01
2.640000000000000000e+02 1.060318804858873670e-01
2.650000000000000000e+02 8.868014820494779515e-02
2.660000000000000000e+02 7.131289044990009318e-02
2.669999999999999432e+02 5.394055247934531616e-02
2.680000000000000000e+02 3.659794301218778634e-02
2.690000000000000000e+02 1.940916940478915054e-02
2.700000000000000000e+02 4.772377224081593948e-03
2.710000000000000000e+02 1.667290789479329224e-02
2.720000000000000568e+02 3.379359333127906345e-02
2.730000000000000568e+02 5.112646553492838225e-02
2.740000000000000000e+02 6.849773934677610976e-02
2.750000000000000000e+02 8.586680562679945006e-02
2.760000000000000000e+02 1.032215047779793393e-01
2.770000000000000000e+02 1.205510318075399406e-01
2.780000000000000000e+02 1.378483397462037796e-01
2.790000000000000000e+02 1.551016786861881547e-01
2.800000000000000000e+02 1.723122500138195012e-01
2.810000000000000568e+02 1.894759533522993311e-01
2.820000000000000000e+02 2.065754533761145206e-01
2.830000000000000000e+02 2.236226026135177403e-01
2.840000000000000000e+02 2.405901646892262546e-01
2.850000000000000000e+02 2.574892304862465564e-01
2.860000000000000000e+02 2.743150035205318416e-01
2.870000000000000000e+02 2.910509853593002405e-01
2.880000000000000000e+02 3.077071901233157103e-01
2.890000000000000000e+02 3.242652492004312603e-01
2.900000000000000000e+02 3.407187297071532783e-01
2.910000000000000000e+02 3.570644591905839382e-01
2.920000000000000000e+02 3.733207569204783360e-01
2.930000000000000000e+02 3.894554884849731335e-01
2.940000000000000000e+02 4.054674179614714546e-01
2.950000000000000568e+02 4.213513980914246337e-01
2.960000000000000000e+02 4.371139784172346499e-01
2.970000000000000000e+02 4.527423979277557797e-01
2.980000000000000000e+02 4.682454968834652287e-01
2.990000000000000000e+02 4.835925418231152295e-01
3.000000000000000000e+02 4.987957937689829757e-01
3.010000000000000000e+02 5.138441994772825483e-01
3.020000000000000000e+02 5.287354907154777628e-01
3.030000000000000000e+02 5.434648412684365271e-01
3.040000000000000568e+02 5.580188010432337586e-01
3.050000000000000000e+02 5.724323245389716375e-01
3.060000000000000000e+02 5.866631066927721072e-01
3.070000000000000000e+02 6.006873315731710017e-01
3.080000000000000000e+02 6.145572846538939205e-01
3.090000000000000000e+02 6.282377103294914944e-01
3.100000000000000000e+02 6.417240276280912203e-01
3.110000000000000000e+02 6.549974631503339140e-01
3.119999999999999432e+02 6.680913659440567143e-01
3.130000000000000000e+02 6.809685612611287020e-01
3.140000000000000000e+02 6.936578009796772193e-01
3.150000000000000000e+02 7.061017365238743126e-01
3.160000000000000000e+02 7.183608609107077214e-01
3.170000000000000568e+02 7.303875458639461637e-01
3.180000000000000568e+02 7.422180902401311897e-01
3.190000000000000000e+02 7.537951825817825746e-01
3.200000000000000000e+02 7.651432194180612933e-01
3.210000000000000000e+02 7.762607757446549073e-01
3.220000000000000000e+02 7.871477243773165045e-01
3.230000000000000000e+02 7.977847409024905190e-01
3.240000000000000000e+02 8.081943118475443111e-01
3.250000000000000000e+02 8.183461406419018092e-01
3.260000000000000568e+02 8.282545197178762253e-01
3.270000000000000000e+02 8.378998637695969087e-01
3.280000000000000000e+02 8.473067871718682476e-01
3.290000000000000000e+02 8.564417037301200741e-01
3.300000000000000000e+02 8.653233778680036181e-01
3.310000000000000000e+02 8.739333591418687597e-01
3.320000000000000000e+02 8.822717683291978474e-01
3.330000000000000000e+02 8.903767719121893354e-01
3.340000000000000000e+02 8.981770044094785632e-01
3.350000000000000000e+02 9.057217881639139101e-01
3.360000000000000000e+02 9.129701555929715662e-01
3.370000000000000000e+02 9.199648578336511173e-01
3.380000000000000000e+02 9.266484102986921600e-01
3.390000000000000000e+02 9.330786193830956643e-01
3.400000000000000568e+02 9.392058115718041611e-01
3.410000000000000000e+02 9.450669867051376682e-01
3.420000000000000000e+02 9.506200132697788518e-01
3.430000000000000000e+02 9.558974097087066246e-01
3.440000000000000000e+02 9.608848986504548995e-01
3.450000000000000000e+02 9.655535055449990800e-01
3.460000000000000000e+02 9.699466578091862079e-01
3.470000000000000000e+02 9.740389944849019432e-01
3.480000000000000000e+02 9.778617437707731730e-01
3.490000000000000568e+02 9.813581446768042671e-01
3.500000000000000000e+02 9.845763356831858104e-01
3.510000000000000000e+02 9.874872765360964699e-01
3.520000000000000000e+02 9.900525606947898627e-01
3.530000000000000000e+02 9.923596618596449703e-01
3.540000000000000000e+02 9.943655317702478902e-01
3.550000000000000000e+02 9.960446811381479248e-01
3.560000000000000000e+02 9.974693306806596826e-01
3.569999999999999432e+02 9.985428978155526103e-01
3.580000000000000000e+02 9.993443013274336817e-01
3.590000000000000000e+02 9.998186659534332721e-01
3.600000000000000000e+02 1.000000000000000000e+00
