0.000000000000000000e+00 1.000000000000000000e+00
1.000000000000000000e+00 9.996991716419290075e-01
2.000000000000000000e+00 9.991316258480827939e-01
3.000000000000000000e+00 9.983165672536655766e-01
4.000000000000000000e+00 9.971655641940617709e-01
5.000000000000000000e+00 9.956829967504691181e-01
6.000000000000000000e+00 9.938801155609391369e-01
7.000000000000000000e+00 9.918098159042165740e-01
8.000000000000000000e+00 9.894273518206703200e-01
9.000000000000000000e+00 9.867795147914194542e-01
1.000000000000000000e+01 9.837974043384700717e-01
1.100000000000000000e+01 9.805010749334198694e-01
1.200000000000000000e+01 9.769175756847635617e-01
1.300000000000000178e+01 9.730442637732702460e-01
1.400000000000000000e+01 9.689256063491324955e-01
1.500000000000000000e+01 9.644284846214397078e-01
1.600000000000000000e+01 9.596475076104624691e-01
1.700000000000000355e+01 9.545726148870654626e-01
1.800000000000000000e+01 9.492160446232886795e-01
1.900000000000000355e+01 9.436254746092312962e-01
2.000000000000000000e+01 9.377176325993674677e-01
2.100000000000000000e+01 9.314605165868913295e-01
2.200000000000000000e+01 9.250237902541436075e-01
2.300000000000000000e+01 9.182302549687829663e-01
2.400000000000000000e+01 9.111854938062637910e-01
2.500000000000000000e+01 9.038369148965859079e-01
2.600000000000000355e+01 8.962254517536126786e-01
2.700000000000000000e+01 8.883699439323919922e-01
2.800000000000000000e+01 8.801926505535598855e-01
2.900000000000000355e+01 8.717912865619894536e-01
3.000000000000000000e+01 8.631226742052550138e-01
3.100000000000000000e+01 8.541815181832056458e-01
3.200000000000000000e+01 8.449670928084913601e-01
3.300000000000000000e+01 8.354999116033822171e-01
3.400000000000000711e+01 8.257900159934393747e-01
3.500000000000000000e+01 8.158051490738366107e-01
3.600000000000000000e+01 8.055984817134004272e-01
3.700000000000000000e+01 7.951519217305177412e-01
3.800000000000000711e+01 7.844549331015423510e-01
3.899999999999999289e+01 7.734979022946403271e-01
4.000000000000000000e+01 7.623127452381933677e-01
4.100000000000000000e+01 7.509170785904607515e-01
4.200000000000000000e+01 7.392623230391964784e-01
4.300000000000000000e+01 7.273965774252786343e-01
4.400000000000000000e+01 7.152787433996108390e-01
4.500000000000000000e+01 7.030065397703018082e-01
4.600000000000000000e+01 6.904894719629615096e-01
4.700000000000000000e+01 6.777442248822160842e-01
4.800000000000000000e+01 6.648039644670362680e-01
4.899999999999999289e+01 6.516906801950214101e-01
5.000000000000000000e+01 6.383644521969193963e-01
5.100000000000000000e+01 6.248207109313057561e-01
5.200000000000000711e+01 6.111041657207230138e-01
5.300000000000000000e+01 5.972064415606700427e-01
5.400000000000000000e+01 5.831175087314901528e-01
5.500000000000000711e+01 5.688328850712514040e-01
5.600000000000000000e+01 5.544009613058006325e-01
5.700000000000000711e+01 5.397806348687661515e-01
5.800000000000000711e+01 5.250089046460556519e-01
5.900000000000000711e+01 5.100761230637801402e-01
6.000000000000000000e+01 4.949891188950240051e-01
6.099999999999999289e+01 4.797708571625356466e-01
6.200000000000000000e+01 4.643694136394083127e-01
6.299999999999999289e+01 4.488479610065684300e-01
6.400000000000000000e+01 4.331830256594225159e-01
6.500000000000000000e+01 4.173896622258501665e-01
6.600000000000000000e+01 4.014644784845538550e-01
6.700000000000000000e+01 3.854350793121830709e-01
6.800000000000001421e+01 3.692632500179968691e-01
6.900000000000000000e+01 3.529977036973338533e-01
7.000000000000000000e+01 3.366152147927644056e-01
7.100000000000000000e+01 3.201193699450006758e-01
7.200000000000000000e+01 3.035522936545815842e-01
7.300000000000000000e+01 2.868794402640134078e-01
7.400000000000000000e+01 2.701179853574386946e-01
7.500000000000000000e+01 2.532722809178328260e-01
7.600000000000001421e+01 2.363629737633173022e-01
7.700000000000000000e+01 2.193596035792356735e-01
7.799999999999998579e+01 2.023182574445374915e-01
7.900000000000000000e+01 1.852046679825079256e-01
8.000000000000000000e+01 1.680315347029673889e-01
8.100000000000000000e+01 1.508084009680976667e-01
8.200000000000000000e+01 1.335539693816013562e-01
8.300000000000000000e+01 1.162521067423730181e-01
8.400000000000000000e+01 9.892242199501669053e-02
8.500000000000001421e+01 8.157522834686119217e-02
8.600000000000000000e+01 6.422435214566703243e-02
8.700000000000000000e+01 4.688640634928527978e-02
8.800000000000000000e+01 2.964517875436551222e-02
8.900000000000000000e+01 1.294006271667100076e-02
9.000000000000000000e+01 8.063116297249647152e-03
9.100000000000000000e+01 2.391029312500213624e-02
9.200000000000000000e+01 4.107114894418806283e-02
9.300000000000001421e+01 5.838998094988349236e-02
9.400000000000000000e+01 7.573780517649210398e-02
9.500000000000000000e+01 9.309089344930433774e-02
9.600000000000000000e+01 1.104294541467604612e-01
9.700000000000000000e+01 1.277387893614436443e-01
9.799999999999998579e+01 1.450143516054347992e-01
9.900000000000001421e+01 1.622468961499541895e-01
1.000000000000000000e+02 1.794340967012789667e-01
1.010000000000000000e+02 1.965640596218849734e-01
1.020000000000000000e+02 2.136476557885859939e-01
1.030000000000000142e+02 2.306506769336868767e-01
1.040000000000000142e+02 2.476020250646391307e-01
1.050000000000000000e+02 2.644721294393848621e-01
1.060000000000000000e+02 2.812509638093340647e-01
1.070000000000000000e+02 2.979473926170979614e-01
1.080000000000000000e+02 3.145681149234945129e-01
1.089999999999999858e+02 3.310751061309637477e-01
1.100000000000000142e+02 3.475032836198179154e-01
1.110000000000000000e+02 3.638025417713965926e-01
1.120000000000000000e+02 3.800042485179038199e-01
1.130000000000000000e+02 3.960886997660006958e-01
1.140000000000000142e+02 4.120532423544409628e-01
1.149999999999999858e+02 4.278858357266134282e-01
1.160000000000000142e+02 4.435980658622563633e-01
1.170000000000000000e+02 4.591552321231214817e-01
1.180000000000000142e+02 4.746019196364011372e-01
1.190000000000000000e+02 4.898752090221776823e-01
1.200000000000000000e+02 5.050243543524127743e-01
1.210000000000000142e+02 5.199898812205567822e-01
1.219999999999999858e+02 5.348300910269905284e-01
1.230000000000000000e+02 5.495032160495537665e-01
1.240000000000000000e+02 5.640015499760204776e-01
1.250000000000000142e+02 5.783167764731395044e-01
1.259999999999999858e+02 5.924775373972470671e-01
1.270000000000000142e+02 6.064625805026047090e-01
1.280000000000000000e+02 6.202340810479273214e-01
1.290000000000000000e+02 6.338100546901350718e-01
1.300000000000000000e+02 6.472117419641086888e-01
1.310000000000000000e+02 6.604323303114765231e-01
1.320000000000000000e+02 6.734199830296871969e-01
1.330000000000000000e+02 6.862147478425457692e-01
1.340000000000000000e+02 6.988097693827548529e-01
1.350000000000000000e+02 7.111948783915631456e-01
1.360000000000000284e+02 7.233382977172683193e-01
1.370000000000000000e+02 7.352841269715811867e-01
1.380000000000000000e+02 7.470128018262229830e-01
1.390000000000000000e+02 7.584864463845909510e-01
1.400000000000000000e+02 7.697447648649264895e-01
1.410000000000000000e+02 7.807979608683831563e-01
1.420000000000000000e+02 7.915648901975211871e-01
1.430000000000000000e+02 8.021002038742786056e-01
1.440000000000000000e+02 8.124117285094578644e-01
1.450000000000000000e+02 8.224789554880495013e-01
1.460000000000000000e+02 8.322468031521077503e-01
1.470000000000000000e+02 8.417944520671160058e-01
1.480000000000000000e+02 8.510943041724413627e-01
1.490000000000000000e+02 8.601318636120883765e-01
1.500000000000000000e+02 8.689105013282776291e-01
1.510000000000000000e+02 8.773915276209544034e-01
1.520000000000000284e+02 8.856242791707122919e-01
1.530000000000000000e+02 8.936125063399809054e-01
1.540000000000000000e+02 9.013156941807222156e-01
1.550000000000000000e+02 9.087469766959610507e-01
1.559999999999999716e+02 9.158554452510998534e-01
1.570000000000000000e+02 9.227398920324033638e-01
1.580000000000000000e+02 9.293101656243185626e-01
1.590000000000000284e+02 9.356112072629477749e-01
1.600000000000000000e+02 9.416451067044119272e-01
1.610000000000000000e+02 9.473465125018942778e-01
1.620000000000000000e+02 9.528143610506851768e-01
1.630000000000000284e+02 9.579494118136976377e-01
1.640000000000000000e+02 9.628337182019615081e-01
1.650000000000000000e+02 9.673733350302623490e-01
1.660000000000000000e+02 9.717284994809184395e-01
1.670000000000000000e+02 9.756463882945187738e-01
1.680000000000000000e+02 9.793072621147861367e-01
1.690000000000000000e+02 9.827044436537561989e-01
1.700000000000000284e+02 9.858060639534024228e-01
1.710000000000000000e+02 9.885694230247910053e-01
1.720000000000000000e+02 9.910078600765053203e-01
1.730000000000000000e+02 9.932511240401942221e-01
1.740000000000000000e+02 9.951107781566423949e-01
1.750000000000000000e+02 9.966956116526235476e-01
1.760000000000000000e+02 9.979514983311820187e-01
1.770000000000000000e+02 9.989215239610498287e-01
1.780000000000000000e+02 9.995822708198247586e-01
1.790000000000000000e+02 9.999431744931325250e-01
1.800000000000000000e+02 1.000000000000000000e+00
1.810000000000000000e+02 9.996991716419290075e-01
1.820000000000000000e+02 9.991316258480827939e-01
1.830000000000000000e+02 9.983165672536655766e-01
1.840000000000000000e+02 9.971655641940617709e-01
1.849999999999999716e+02 9.956829967504691181e-01
1.860000000000000284e+02 9.938801155609391369e-01
1.870000000000000284e+02 9.918081435908662202e-01
1.880000000000000000e+02 9.894589029739948582e-01
1.890000000000000000e+02 9.867795147914194542e-01
1.900000000000000000e+02 9.837974043384700717e-01
1.910000000000000000e+02 9.805010749334198694e-01
1.920000000000000000e+02 9.769468060181788482e-01
1.930000000000000000e+02 9.730442637732702460e-01
1.940000000000000000e+02 9.689256063491324955e-01
1.950000000000000284e+02 9.644284846214397078e-01
1.959999999999999716e+02 9.596475076104624691e-01
1.970000000000000284e+02 9.545726148870654626e-01
1.980000000000000284e+02 9.492433246184507345e-01
1.990000000000000000e+02 9.436316155383256410e-01
2.000000000000000000e+02 9.377176325993674677e-01
2.010000000000000000e+02 9.314605165868913295e-01
2.020000000000000000e+02 9.250237902541436075e-01
2.030000000000000000e+02 9.182302549687829663e-01
2.040000000000000000e+02 9.111854938062637910e-01
2.050000000000000000e+02 9.038460157508181325e-01
2.060000000000000284e+02 8.962239719771006863e-01
2.069999999999999716e+02 8.883699439323919922e-01
2.080000000000000284e+02 8.802112086676209257e-01
2.090000000000000284e+02 8.717856544223641091e-01
2.100000000000000000e+02 8.631292317077992049e-01
2.110000000000000000e+02 8.541815181832056458e-01
2.120000000000000000e+02 8.449680960947028030e-01
2.130000000000000000e+02 8.354999116033822171e-01
2.140000000000000000e+02 8.257839689895685176e-01
2.150000000000000000e+02 8.158051490738366107e-01
2.160000000000000000e+02 8.055917517507270587e-01
2.170000000000000284e+02 7.951519217305177412e-01
2.179999999999999716e+02 7.844570143428769571e-01
2.190000000000000284e+02 7.734662859019740822e-01
2.200000000000000284e+02 7.623127452381933677e-01
2.210000000000000000e+02 7.509141414134937742e-01
2.220000000000000000e+02 7.392623230391964784e-01
2.230000000000000000e+02 7.274041310547239014e-01
2.240000000000000000e+02 7.152809130438545493e-01
2.250000000000000000e+02 7.029948031296956446e-01
2.260000000000000000e+02 6.904894719629615096e-01
2.270000000000000000e+02 6.777556000359816757e-01
2.280000000000000284e+02 6.648072079036915216e-01
2.290000000000000000e+02 6.516906801950214101e-01
2.299999999999999716e+02 6.383460821362939575e-01
2.309999999999999716e+02 6.248180589005530861e-01
2.320000000000000284e+02 6.111048544140952332e-01
2.330000000000000000e+02 5.971940459750090247e-01
2.340000000000000000e+02 5.831140627190142256e-01
2.350000000000000000e+02 5.688340363965160851e-01
2.360000000000000284e+02 5.544014326173897222e-01
2.370000000000000000e+02 5.397868637203967479e-01
2.380000000000000000e+02 5.250112651556011478e-01
2.390000000000000000e+02 5.100793113637214216e-01
2.400000000000000000e+02 4.949853190946506554e-01
2.410000000000000284e+02 4.797785777362725268e-01
2.420000000000000284e+02 4.643733286759382795e-01
2.430000000000000284e+02 4.488522967544656961e-01
2.439999999999999716e+02 4.331843140621889909e-01
2.450000000000000000e+02 4.173878070339532287e-01
2.460000000000000000e+02 4.014613082627077056e-01
2.470000000000000000e+02 3.854354788684234978e-01
2.480000000000000000e+02 3.692669103061767544e-01
2.490000000000000000e+02 3.529947266448109633e-01
2.500000000000000284e+02 3.366053471361742377e-01
2.510000000000000284e+02 3.201236623245587998e-01
2.519999999999999716e+02 3.035508852876561692e-01
2.529999999999999716e+02 2.868876514363147279e-01
2.540000000000000284e+02 2.701149453122944077e-01
2.550000000000000000e+02 2.532791030730709991e-01
2.560000000000000000e+02 2.363638354661030949e-01
2.570000000000000000e+02 2.193622622124084820e-01
2.580000000000000000e+02 2.023163235792857784e-01
2.590000000000000568e+02 1.852045001966607651e-01
2.600000000000000000e+02 1.680331124258097053e-01
2.610000000000000000e+02 1.508094125283811204e-01
2.620000000000000000e+02 1.335536434879569523e-01
2.630000000000000000e+02 1.162528305737071249e-01
2.640000000000000000e+02 9.892279072363800718e-02
2.650000000000000000e+02 8.157571085276818512e-02
2.660000000000000000e+02 6.422606553942687702e-02
2.669999999999999432e+02 4.688575939077546662e-02
2.680000000000000000e+02 2.964504963379598068e-02
2.690000000000000000e+02 1.294053441378087768e-02
2.700000000000000000e+02 8.063115993245995039e-03
2.710000000000000000e+02 2.390971020028933788e-02
2.720000000000000568e+02 4.107235802874780600e-02
2.730000000000000568e+02 5.839036173520030515e-02
2.740000000000000000e+02 7.573748787031142626e-02
2.750000000000000000e+02 9.308959062654192929e-02
2.760000000000000000e+02 1.104265945822805600e-01
2.770000000000000000e+02 1.277390194279200697e-01
2.780000000000000000e+02 1.450157599749224979e-01
2.790000000000000000e+02 1.622480811628883302e-01
2.800000000000000000e+02 1.794323537119668077e-01
2.810000000000000568e+02 1.965691345576121019e-01
2.820000000000000000e+02 2.136484051891457403e-01
2.830000000000000000e+02 2.306536057052429312e-01
2.840000000000000000e+02 2.475960067733330439e-01
2.850000000000000000e+02 2.644720134786864851e-01
2.860000000000000000e+02 2.812520415644428340e-01
2.870000000000000000e+02 2.979477548539459231e-01
2.880000000000000000e+02 3.145713545071798234e-01
2.890000000000000000e+02 3.310878054540747906e-01
2.900000000000000000e+02 3.474987307723985119e-01
2.910000000000000000e+02 3.638033456434414670e-01
2.920000000000000000e+02 3.800032749114978237e-01
2.930000000000000000e+02 3.960902038553618665e-01
2.940000000000000000e+02 4.120537504545538909e-01
2.950000000000000568e+02 4.278807564518248840e-01
2.960000000000000000e+02 4.435929158431068386e-01
2.970000000000000000e+02 4.591571095099056810e-01
2.980000000000000000e+02 4.746041015677227026e-01
2.990000000000000000e+02 4.898863039156786114e-01
3.000000000000000000e+02 5.050137531813994052e-01
3.010000000000000000e+02 5.199892622808844900e-01
3.020000000000000000e+02 5.348374787907106409e-01
3.030000000000000000e+02 5.495143627007625931e-01
3.040000000000000568e+02 5.640068662645686404e-01
3.050000000000000000e+02 5.783174198228628882e-01
3.060000000000000000e+02 5.924801390700741299e-01
3.070000000000000000e+02 6.064565330463733694e-01
3.080000000000000000e+02 6.202110830254610185e-01
3.090000000000000000e+02 6.338170110371618149e-01
3.100000000000000000e+02 6.472295300718381439e-01
3.110000000000000000e+02 6.604207057778650469e-01
3.119999999999999432e+02 6.734277527206737890e-01
3.130000000000000000e+02 6.862206195349883631e-01
3.140000000000000000e+02 6.987949585170890598e-01
3.150000000000000000e+02 7.111871796538259405e-01
3.160000000000000000e+02 7.233496095163773898e-01
3.170000000000000568e+02 7.352827924394389481e-01
3.180000000000000568e+02 7.470293988229831372e-01
3.190000000000000000e+02 7.584972392122567575e-01
3.200000000000000000e+02 7.697348252994632434e-01
3.210000000000000000e+02 7.807761077054358179e-01
3.220000000000000000e+02 7.915461253831380661e-01
3.230000000000000000e+02 8.021272330146558271e-01
3.240000000000000000e+02 8.124117285094578644e-01
3.250000000000000000e+02 8.224713357110131629e-01
3.260000000000000568e+02 8.322320896308303961e-01
3.270000000000000000e+02 8.417864933586829412e-01
3.280000000000000000e+02 8.510943041724413627e-01
3.290000000000000000e+02 8.601374787231943486e-01
3.300000000000000000e+02 8.689204461836478322e-01
3.310000000000000000e+02 8.773793475904806405e-01
3.320000000000000000e+02 8.856451058531363829e-01
3.330000000000000000e+02 8.936125063399809054e-01
3.340000000000000000e+02 9.013151280405127252e-01
3.350000000000000000e+02 9.087791290723495896e-01
3.360000000000000000e+02 9.158526674153483205e-01
3.370000000000000000e+02 9.227696681707938664e-01
3.380000000000000000e+02 9.293101656243185626e-01
3.390000000000000000e+02 9.356302915758741845e-01
3.400000000000000568e+02 9.416645413402749965e-01
3.410000000000000000e+02 9.473465125018942778e-01
3.420000000000000000e+02 9.528143610506851768e-01
3.430000000000000000e+02 9.579673965204399400e-01
3.440000000000000000e+02 9.628337182019615081e-01
3.450000000000000000e+02 9.673702143431954781e-01
3.460000000000000000e+02 9.717284994809184395e-01
3.470000000000000000e+02 9.756463882945187738e-01
3.480000000000000000e+02 9.793323458501433931e-01
3.490000000000000568e+02 9.827044436537561989e-01
3.500000000000000000e+02 9.858060639534024228e-01
3.510000000000000000e+02 9.885694230247910053e-01
3.520000000000000000e+02 9.910292370990891886e-01
3.530000000000000000e+02 9.932455626826937056e-01
3.540000000000000000e+02 9.951107781566423949e-01
3.550000000000000000e+02 9.966956116526235476e-01
3.560000000000000000e+02 9.979514983311820187e-01
3.569999999999999432e+02 9.989215239610498287e-01
3.580000000000000000e+02 9.995822708198247586e-01
3.590000000000000000e+02 9.999431744931325250e-01
3.600000000000000000e+02 1.000000000000000000e+00
