0.000000000000000000e+00 1.000000000000000000e+00
1.000000000000000000e+00 9.997734189063344212e-01
2.000000000000000000e+00 9.992718560488069723e-01
3.000000000000000000e+00 9.984763912000884645e-01
4.000000000000000000e+00 9.974950404929040504e-01
5.000000000000000000e+00 9.959851059420671282e-01
6.000000000000000000e+00 9.943383903689785308e-01
7.000000000000000000e+00 9.923399843804769915e-01
8.000000000000000000e+00 9.899769935799503928e-01
9.000000000000000000e+00 9.873946933772848045e-01
1.000000000000000000e+01 9.844638589922531935e-01
1.100000000000000000e+01 9.813505991804039041e-01
1.200000000000000000e+01 9.778522439317907100e-01
1.300000000000000178e+01 9.740178205174585546e-01
1.400000000000000000e+01 9.699509051275277960e-01
1.500000000000000000e+01 9.655532264369599549e-01
1.600000000000000000e+01 9.608223996075204720e-01
1.700000000000000355e+01 9.558530085985414981e-01
1.800000000000000000e+01 9.505285603979152231e-01
1.900000000000000355e+01 9.449850026563714200e-01
2.000000000000000000e+01 9.391400667569544947e-01
2.100000000000000000e+01 9.330624224113454046e-01
2.200000000000000000e+01 9.266154573060644273e-01
2.300000000000000000e+01 9.198975861560528822e-01
2.400000000000000000e+01 9.128780780264027506e-01
2.500000000000000000e+01 9.056804049786703059e-01
2.600000000000000355e+01 8.980909743639314824e-01
2.700000000000000000e+01 8.902472252757384075e-01
2.800000000000000000e+01 8.822244704852966191e-01
2.900000000000000355e+01 8.738597541864931983e-01
3.000000000000000000e+01 8.652637482947543868e-01
3.100000000000000000e+01 8.563831538842872071e-01
3.200000000000000000e+01 8.471983642613177823e-01
3.300000000000000000e+01 8.378450490575743981e-01
3.400000000000000711e+01 8.281341378268127773e-01
3.500000000000000000e+01 8.182403783356826388e-01
3.600000000000000000e+01 8.081086994383879230e-01
3.700000000000000000e+01 7.976842408591663380e-01
3.800000000000000711e+01 7.870675542561620386e-01
3.899999999999999289e+01 7.761346681519377677e-01
4.000000000000000000e+01 7.650429694387539392e-01
4.100000000000000000e+01 7.536736692922018088e-01
4.200000000000000000e+01 7.421314110481276316e-01
4.300000000000000000e+01 7.302748846167810282e-01
4.400000000000000000e+01 7.182604072783951299e-01
4.500000000000000000e+01 7.060353525479914349e-01
4.600000000000000000e+01 6.935320863920856338e-01
4.700000000000000000e+01 6.808553511227138921e-01
4.800000000000000000e+01 6.680115037757556884e-01
4.899999999999999289e+01 6.549396044007986806e-01
5.000000000000000000e+01 6.416344006869719729e-01
5.100000000000000000e+01 6.281524705279240006e-01
5.200000000000000711e+01 6.144488050161962533e-01
5.300000000000000000e+01 6.006479702290320466e-01
5.400000000000000000e+01 5.865585233205682369e-01
5.500000000000000711e+01 5.723422197771046438e-01
5.600000000000000000e+01 5.579423131625775856e-01
5.700000000000000711e+01 5.434283594005636653e-01
5.800000000000000711e+01 5.286618979647980110e-01
5.900000000000000711e+01 5.137696007432268619e-01
6.000000000000000000e+01 4.987229215738177568e-01
6.099999999999999289e+01 4.835057164222582582e-01
6.200000000000000000e+01 4.681888175201469604e-01
6.299999999999999289e+01 4.527066433120689459e-01
6.400000000000000000e+01 4.370937479760859112e-01
6.500000000000000000e+01 4.213440552421494623e-01
6.600000000000000000e+01 4.054198139026515824e-01
6.700000000000000000e+01 3.894540352595036170e-01
6.800000000000001421e+01 3.733012964178948900e-01
6.900000000000000000e+01 3.570783118541999701e-01
7.000000000000000000e+01 3.407106538214348945e-01
7.100000000000000000e+01 3.242773322702520167e-01
7.200000000000000000e+01 3.077332087979750552e-01
7.300000000000000000e+01 2.911091379198004758e-01
7.400000000000000000e+01 2.743804183107252936e-01
7.500000000000000000e+01 2.575837742056734103e-01
7.600000000000001421e+01 2.406978508521716298e-01
7.700000000000000000e+01 2.237759262414018568e-01
7.799999999999998579e+01 2.067630713879416160e-01
7.900000000000000000e+01 1.896917568427854695e-01
8.000000000000000000e+01 1.725769356642234131e-01
8.100000000000000000e+01 1.554142427381950686e-01
8.200000000000000000e+01 1.382203587306771730e-01
8.300000000000000000e+01 1.210112334403808804e-01
8.400000000000000000e+01 1.038004908790602782e-01
8.500000000000001421e+01 8.661147511198007132e-02
8.600000000000000000e+01 6.947980978019940856e-02
8.700000000000000000e+01 5.250370663302027924e-02
8.800000000000000000e+01 3.594709620534305983e-02
8.900000000000000000e+01 2.086531198373028223e-02
9.000000000000000000e+01 1.368505874639389282e-02
9.100000000000000000e+01 2.341472313069063380e-02
9.200000000000000000e+01 3.895793424421487017e-02
9.300000000000001421e+01 5.562879953256436721e-02
9.400000000000000000e+01 7.264416458032786628e-02
9.500000000000000000e+01 8.979058757690897008e-02
9.600000000000000000e+01 1.069933080969385358e-01
9.700000000000000000e+01 1.242105955280150692e-01
9.799999999999998579e+01 1.414123299305729553e-01
9.900000000000001421e+01 1.585968982728682697e-01
1.000000000000000000e+02 1.757434587467663345e-01
1.010000000000000000e+02 1.928578457803293567e-01
1.020000000000000000e+02 2.098994207992526118e-01
1.030000000000000142e+02 2.269193089143625164e-01
1.040000000000000142e+02 2.438218806586810727e-01
1.050000000000000000e+02 2.606972086440084713e-01
1.060000000000000000e+02 2.774911334166967891e-01
1.070000000000000000e+02 2.942218847880398447e-01
1.080000000000000000e+02 3.108248289444359158e-01
1.089999999999999858e+02 3.273451063897934166e-01
1.100000000000000142e+02 3.437616914594636142e-01
1.110000000000000000e+02 3.600821007487311487e-01
1.120000000000000000e+02 3.763230606036435666e-01
1.130000000000000000e+02 3.924375310414515705e-01
1.140000000000000142e+02 4.083720622656515364e-01
1.149999999999999858e+02 4.242500886482424294e-01
1.160000000000000142e+02 4.399982097583705620e-01
1.170000000000000000e+02 4.555694135576608961e-01
1.180000000000000142e+02 4.710638455704887484e-01
1.190000000000000000e+02 4.863821029519967976e-01
1.200000000000000000e+02 5.015088939137009039e-01
1.210000000000000142e+02 5.165741201641985691e-01
1.219999999999999858e+02 5.314114012172918011e-01
1.230000000000000000e+02 5.461480368686946196e-01
1.240000000000000000e+02 5.606499913354380249e-01
1.250000000000000142e+02 5.750261255484819811e-01
1.259999999999999858e+02 5.891823725827866065e-01
1.270000000000000142e+02 6.031971567625039610e-01
1.280000000000000000e+02 6.170262619618944733e-01
1.290000000000000000e+02 6.306641418614519212e-01
1.300000000000000000e+02 6.441017791963944417e-01
1.310000000000000000e+02 6.573565088893867925e-01
1.320000000000000000e+02 6.703586062212026908e-01
1.330000000000000000e+02 6.832634676480530134e-01
1.340000000000000000e+02 6.958684889871706858e-01
1.350000000000000000e+02 7.083049348857965999e-01
1.360000000000000284e+02 7.204972898718079444e-01
1.370000000000000000e+02 7.325245142343872473e-01
1.380000000000000000e+02 7.442751805280169997e-01
1.390000000000000000e+02 7.558137218710575533e-01
1.400000000000000000e+02 7.671811020473553455e-01
1.410000000000000000e+02 7.782304487758332501e-01
1.420000000000000000e+02 7.890611465603774022e-01
1.430000000000000000e+02 7.996702619326292449e-01
1.440000000000000000e+02 8.099747617973630520e-01
1.450000000000000000e+02 8.201074832350269128e-01
1.460000000000000000e+02 8.299486804791718075e-01
1.470000000000000000e+02 8.395530059876734619e-01
1.480000000000000000e+02 8.488799105281568114e-01
1.490000000000000000e+02 8.580501334210995923e-01
1.500000000000000000e+02 8.668178323001036745e-01
1.510000000000000000e+02 8.754585108478959432e-01
1.520000000000000284e+02 8.836771098453714002e-01
1.530000000000000000e+02 8.917894748269487026e-01
1.540000000000000000e+02 8.994461109817394329e-01
1.550000000000000000e+02 9.070204729628311702e-01
1.559999999999999716e+02 9.142374070976569955e-01
1.570000000000000000e+02 9.211354610248977393e-01
1.580000000000000000e+02 9.278133550150905462e-01
1.590000000000000284e+02 9.341709231834365301e-01
1.600000000000000000e+02 9.401294888815812101e-01
1.610000000000000000e+02 9.460861208650581666e-01
1.620000000000000000e+02 9.515210903798265729e-01
1.630000000000000284e+02 9.567229321363963646e-01
1.640000000000000000e+02 9.617465914660391357e-01
1.650000000000000000e+02 9.663592085950077903e-01
1.660000000000000000e+02 9.707105529215491746e-01
1.670000000000000000e+02 9.747005319431298886e-01
1.680000000000000000e+02 9.784506455101793509e-01
1.690000000000000000e+02 9.819604466224024497e-01
1.700000000000000284e+02 9.850234922313916286e-01
1.710000000000000000e+02 9.878761648557536912e-01
1.720000000000000000e+02 9.904493981476691911e-01
1.730000000000000000e+02 9.927337953863037967e-01
1.740000000000000000e+02 9.947301613419770039e-01
1.750000000000000000e+02 9.963222097644552910e-01
1.760000000000000000e+02 9.975878640723152557e-01
1.770000000000000000e+02 9.987148911683089159e-01
1.780000000000000000e+02 9.994504799580345988e-01
1.790000000000000000e+02 9.998581524283706168e-01
1.800000000000000000e+02 1.000000000000000000e+00
1.810000000000000000e+02 9.997734189063344212e-01
1.820000000000000000e+02 9.992718560488069723e-01
1.830000000000000000e+02 9.984763912000884645e-01
1.840000000000000000e+02 9.974950404929040504e-01
1.849999999999999716e+02 9.959851059420671282e-01
1.860000000000000284e+02 9.943383903689785308e-01
1.870000000000000284e+02 9.923378008162658803e-01
1.880000000000000000e+02 9.900077540841556445e-01
1.890000000000000000e+02 9.873946933772848045e-01
1.900000000000000000e+02 9.844638589922531935e-01
1.910000000000000000e+02 9.813505991804039041e-01
1.920000000000000000e+02 9.778149419961338351e-01
1.930000000000000000e+02 9.740178205174585546e-01
1.940000000000000000e+02 9.699509051275277960e-01
1.950000000000000284e+02 9.655532264369599549e-01
1.959999999999999716e+02 9.608223996075204720e-01
1.970000000000000284e+02 9.558530085985414981e-01
1.980000000000000284e+02 9.505428970403330124e-01
1.990000000000000000e+02 9.449854263620308670e-01
2.000000000000000000e+02 9.391400667569544947e-01
2.010000000000000000e+02 9.330624224113454046e-01
2.020000000000000000e+02 9.266154573060644273e-01
2.030000000000000000e+02 9.198975861560528822e-01
2.040000000000000000e+02 9.128780780264027506e-01
2.050000000000000000e+02 9.056655657835775974e-01
2.060000000000000284e+02 8.980692246013932678e-01
2.069999999999999716e+02 8.902472252757384075e-01
2.080000000000000284e+02 8.821748286674366835e-01
2.090000000000000284e+02 8.738460358877560008e-01
2.100000000000000000e+02 8.652410334456801522e-01
2.110000000000000000e+02 8.563831538842872071e-01
2.120000000000000000e+02 8.472041622577788367e-01
2.130000000000000000e+02 8.378450490575743981e-01
2.140000000000000000e+02 8.281789742851671798e-01
2.150000000000000000e+02 8.182403783356826388e-01
2.160000000000000000e+02 8.080475001528011347e-01
2.170000000000000284e+02 7.976842408591663380e-01
2.179999999999999716e+02 7.870810052276658864e-01
2.190000000000000284e+02 7.761733896160132318e-01
2.200000000000000284e+02 7.650429694387539392e-01
2.210000000000000000e+02 7.536686800089467120e-01
2.220000000000000000e+02 7.421314110481276316e-01
2.230000000000000000e+02 7.302640222093973454e-01
2.240000000000000000e+02 7.182199796754186183e-01
2.250000000000000000e+02 7.059673963327991464e-01
2.260000000000000000e+02 6.935320863920856338e-01
2.270000000000000000e+02 6.808660794648768722e-01
2.280000000000000284e+02 6.679533613578411133e-01
2.290000000000000000e+02 6.549396044007986806e-01
2.299999999999999716e+02 6.415986171541155914e-01
2.309999999999999716e+02 6.281417668338475924e-01
2.320000000000000284e+02 6.144740076962273978e-01
2.330000000000000000e+02 6.006238277177006202e-01
2.340000000000000000e+02 5.865923391517710028e-01
2.350000000000000000e+02 5.723516934615149321e-01
2.360000000000000284e+02 5.579546833938735517e-01
2.370000000000000000e+02 5.433799825877597689e-01
2.380000000000000000e+02 5.286707666944138184e-01
2.390000000000000000e+02 5.137590856311392562e-01
2.400000000000000000e+02 4.987028782603798449e-01
2.410000000000000284e+02 4.835535691950870740e-01
2.420000000000000284e+02 4.681806459727799186e-01
2.430000000000000284e+02 4.527155208081301008e-01
2.439999999999999716e+02 4.371031227150182774e-01
2.450000000000000000e+02 4.213650582381464615e-01
2.460000000000000000e+02 4.054289802104729667e-01
2.470000000000000000e+02 3.894315112097830878e-01
2.480000000000000000e+02 3.733112909134247981e-01
2.490000000000000000e+02 3.570716965842472002e-01
2.500000000000000284e+02 3.407379729065050378e-01
2.510000000000000284e+02 3.242815673379025321e-01
2.519999999999999716e+02 3.077425643831916968e-01
2.529999999999999716e+02 2.911048576618326944e-01
2.540000000000000284e+02 2.743948284659204484e-01
2.550000000000000000e+02 2.575874735833399432e-01
2.560000000000000000e+02 2.407062870866424620e-01
2.570000000000000000e+02 2.237628079937484249e-01
2.580000000000000000e+02 2.067599878744743880e-01
2.590000000000000568e+02 1.896910358664102569e-01
2.600000000000000000e+02 1.725695380413974633e-01
2.610000000000000000e+02 1.554112076398921072e-01
2.620000000000000000e+02 1.382291643967150097e-01
2.630000000000000000e+02 1.210150615425686221e-01
2.640000000000000000e+02 1.037998174986480282e-01
2.650000000000000000e+02 8.660546210779460075e-02
2.660000000000000000e+02 6.947987458845442110e-02
2.669999999999999432e+02 5.250311730359148027e-02
2.680000000000000000e+02 3.594797639443481768e-02
2.690000000000000000e+02 2.086530341983543896e-02
2.700000000000000000e+02 1.368505839773735168e-02
2.710000000000000000e+02 2.341473363889786177e-02
2.720000000000000568e+02 3.895711292614775084e-02
2.730000000000000568e+02 5.562995034131445332e-02
2.740000000000000000e+02 7.264216532254925973e-02
2.750000000000000000e+02 8.978932310196258149e-02
2.760000000000000000e+02 1.069928195471989973e-01
2.770000000000000000e+02 1.242064557781099449e-01
2.780000000000000000e+02 1.414086891714838312e-01
2.790000000000000000e+02 1.585952148073730139e-01
2.800000000000000000e+02 1.757455405816914784e-01
2.810000000000000568e+02 1.928536061079872688e-01
2.820000000000000000e+02 2.099037801555667937e-01
2.830000000000000000e+02 2.269075849258158917e-01
2.840000000000000000e+02 2.438295650468468301e-01
2.850000000000000000e+02 2.606993614062666498e-01
2.860000000000000000e+02 2.774864334630972040e-01
2.870000000000000000e+02 2.942047521278992606e-01
2.880000000000000000e+02 3.108119081303286624e-01
2.890000000000000000e+02 3.273426511471727585e-01
2.900000000000000000e+02 3.437647698888182113e-01
2.910000000000000000e+02 3.601007045075805268e-01
2.920000000000000000e+02 3.762999772018756350e-01
2.930000000000000000e+02 3.924173973993469455e-01
2.940000000000000000e+02 4.083955995928038596e-01
2.950000000000000568e+02 4.242338596676153428e-01
2.960000000000000000e+02 4.400088959039196168e-01
2.970000000000000000e+02 4.555560334739082728e-01
2.980000000000000000e+02 4.710664926929063467e-01
2.990000000000000000e+02 4.863434230641104916e-01
3.000000000000000000e+02 5.014800881635689267e-01
3.010000000000000000e+02 5.165620641879905550e-01
3.020000000000000000e+02 5.313739029491485466e-01
3.030000000000000000e+02 5.461377559630838929e-01
3.040000000000000568e+02 5.606139906475491319e-01
3.050000000000000000e+02 5.750260080283224884e-01
3.060000000000000000e+02 5.891507769976634945e-01
3.070000000000000000e+02 6.032039835236618908e-01
3.080000000000000000e+02 6.170188519649162373e-01
3.090000000000000000e+02 6.306852292199758292e-01
3.100000000000000000e+02 6.441062663885879225e-01
3.110000000000000000e+02 6.574067770214120365e-01
3.119999999999999432e+02 6.704316730058244023e-01
3.130000000000000000e+02 6.832532470422929549e-01
3.140000000000000000e+02 6.958763404469409108e-01
3.150000000000000000e+02 7.082948213018729344e-01
3.160000000000000000e+02 7.205404764201589485e-01
3.170000000000000568e+02 7.324956041810369856e-01
3.180000000000000568e+02 7.442902176627819166e-01
3.190000000000000000e+02 7.557957549835678801e-01
3.200000000000000000e+02 7.671176411102942350e-01
3.210000000000000000e+02 7.782270509584880980e-01
3.220000000000000000e+02 7.890469803869507581e-01
3.230000000000000000e+02 7.996200413215928116e-01
3.240000000000000000e+02 8.099747617973630520e-01
3.250000000000000000e+02 8.200884410287004878e-01
3.260000000000000568e+02 8.299575707976901695e-01
3.270000000000000000e+02 8.395782086708203362e-01
3.280000000000000000e+02 8.488799105281568114e-01
3.290000000000000000e+02 8.579895871925895534e-01
3.300000000000000000e+02 8.668388720552746562e-01
3.310000000000000000e+02 8.754333986752704799e-01
3.320000000000000000e+02 8.836871391227956174e-01
3.330000000000000000e+02 8.917894748269487026e-01
3.340000000000000000e+02 8.994696927224326011e-01
3.350000000000000000e+02 9.069503418046610532e-01
3.360000000000000000e+02 9.142176553565138919e-01
3.370000000000000000e+02 9.210997722519607134e-01
3.380000000000000000e+02 9.278133550150905462e-01
3.390000000000000000e+02 9.341891594745587168e-01
3.400000000000000568e+02 9.401287183482687215e-01
3.410000000000000000e+02 9.460861208650581666e-01
3.420000000000000000e+02 9.515210903798265729e-01
3.430000000000000000e+02 9.567662786519416374e-01
3.440000000000000000e+02 9.617465914660391357e-01
3.450000000000000000e+02 9.663530483572360108e-01
3.460000000000000000e+02 9.707105529215491746e-01
3.470000000000000000e+02 9.747005319431298886e-01
3.480000000000000000e+02 9.784584539351675048e-01
3.490000000000000568e+02 9.819604466224024497e-01
3.500000000000000000e+02 9.850234922313916286e-01
3.510000000000000000e+02 9.878761648557536912e-01
3.520000000000000000e+02 9.904597578069447295e-01
3.530000000000000000e+02 9.927165888293353335e-01
3.540000000000000000e+02 9.947301613419770039e-01
3.550000000000000000e+02 9.963222097644552910e-01
3.560000000000000000e+02 9.975878640723152557e-01
3.569999999999999432e+02 9.987148911683089159e-01
3.580000000000000000e+02 9.994504799580345988e-01
3.590000000000000000e+02 9.998581524283706168e-01
3.600000000000000000e+02 1.000000000000000000e+00
