0.000000000000000000e+00 1.000000000000000000e+00
1.000000000000000000e+00 9.998387204356066205e-01
2.000000000000000000e+00 9.993728930540478617e-01
3.000000000000000000e+00 9.986026563735482808e-01
4.000000000000000000e+00 9.975282546840248399e-01
5.000000000000000000e+00 9.961499856415605425e-01
6.000000000000000000e+00 9.944683046668350013e-01
7.000000000000000000e+00 9.924837372313528583e-01
8.000000000000000000e+00 9.901968217303116493e-01
9.000000000000000000e+00 9.876083210579609251e-01
1.000000000000000000e+01 9.847189887307162826e-01
1.100000000000000000e+01 9.815297117993065923e-01
1.200000000000000000e+01 9.780414668187165095e-01
1.300000000000000178e+01 9.742553157009821163e-01
1.400000000000000000e+01 9.701724092312030701e-01
1.500000000000000000e+01 9.657939855937811569e-01
1.600000000000000000e+01 9.611213889940832811e-01
1.700000000000000355e+01 9.561560394665701290e-01
1.800000000000000000e+01 9.508994467425080366e-01
1.900000000000000355e+01 9.453532129250681315e-01
2.000000000000000000e+01 9.395190320507502690e-01
2.100000000000000000e+01 9.333986840332900714e-01
2.200000000000000000e+01 9.269940200726648483e-01
2.300000000000000000e+01 9.203070001556962199e-01
2.400000000000000000e+01 9.133396549685487420e-01
2.500000000000000000e+01 9.060941295672004792e-01
2.600000000000000355e+01 8.985726059886040007e-01
2.700000000000000000e+01 8.907773879402240969e-01
2.800000000000000000e+01 8.827108444943732035e-01
2.900000000000000355e+01 8.743754253650223296e-01
3.000000000000000000e+01 8.657736965226433545e-01
3.100000000000000000e+01 8.569082611275802286e-01
3.200000000000000000e+01 8.477818164399547607e-01
3.300000000000000000e+01 8.383971511176113722e-01
3.400000000000000711e+01 8.287571181209814064e-01
3.500000000000000000e+01 8.188646618078019301e-01
3.600000000000000000e+01 8.087227919920492170e-01
3.700000000000000000e+01 7.983346055143457631e-01
3.800000000000000711e+01 7.877032542679932581e-01
3.899999999999999289e+01 7.768319838875018535e-01
4.000000000000000000e+01 7.657241107089529653e-01
4.100000000000000000e+01 7.543830114862831726e-01
4.200000000000000000e+01 7.428121537537748509e-01
4.300000000000000000e+01 7.310150588774455560e-01
4.400000000000000000e+01 7.189953087414200361e-01
4.500000000000000000e+01 7.067565881029458374e-01
4.600000000000000000e+01 6.943026130329025269e-01
4.700000000000000000e+01 6.816371825723533950e-01
4.800000000000000000e+01 6.687641577459340070e-01
4.899999999999999289e+01 6.556874563670553879e-01
5.000000000000000000e+01 6.424110638993236755e-01
5.100000000000000000e+01 6.289390403673003060e-01
5.200000000000000711e+01 6.152754845691702501e-01
5.300000000000000000e+01 6.014245488012729401e-01
5.400000000000000000e+01 5.873904797238315156e-01
5.500000000000000711e+01 5.731775326838612905e-01
5.600000000000000000e+01 5.587900636104947694e-01
5.700000000000000711e+01 5.442324351839527008e-01
5.800000000000000711e+01 5.295091135650158432e-01
5.900000000000000711e+01 5.146245751594346052e-01
6.000000000000000000e+01 4.995833570436306048e-01
6.099999999999999289e+01 4.843900615326741654e-01
6.200000000000000000e+01 4.690493212762918418e-01
6.299999999999999289e+01 4.535658117207203022e-01
6.400000000000000000e+01 4.379442736103212330e-01
6.500000000000000000e+01 4.221894717591022084e-01
6.600000000000000000e+01 4.063062212298352849e-01
6.700000000000000000e+01 3.902993833479662111e-01
6.800000000000001421e+01 3.741738545611489886e-01
6.900000000000000000e+01 3.579345753617630410e-01
7.000000000000000000e+01 3.415865175585487412e-01
7.100000000000000000e+01 3.251347087982209838e-01
7.200000000000000000e+01 3.085842035363464686e-01
7.300000000000000000e+01 2.919401017654130182e-01
7.400000000000000000e+01 2.752075480760678428e-01
7.500000000000000000e+01 2.583917265303501964e-01
7.600000000000001421e+01 2.414978830982126290e-01
7.700000000000000000e+01 2.245313169318500779e-01
7.799999999999998579e+01 2.074973980789765748e-01
7.900000000000000000e+01 1.904016022410651154e-01
8.000000000000000000e+01 1.732495234498542258e-01
8.100000000000000000e+01 1.560469539046920873e-01
8.200000000000000000e+01 1.387999877524958570e-01
8.300000000000000000e+01 1.215152058473124297e-01
8.400000000000000000e+01 1.042000996322058337e-01
8.500000000000001421e+01 8.686394229034391512e-02
8.600000000000000000e+01 6.952001145806466220e-02
8.700000000000000000e+01 5.219222028350861686e-02
8.800000000000000000e+01 3.494140258166647528e-02
8.900000000000000000e+01 1.804118944005207725e-02
9.000000000000000000e+01 6.234382227471703918e-03
9.100000000000000000e+01 1.901051877713993976e-02
9.200000000000000000e+01 3.595397699660277113e-02
9.300000000000001421e+01 5.321276927968104226e-02
9.400000000000000000e+01 7.054258259062434755e-02
9.500000000000000000e+01 8.788655767189691714e-02
9.600000000000000000e+01 1.052217847653595939e-01
9.700000000000000000e+01 1.225353378458075709e-01
9.799999999999998579e+01 1.398180843392881623e-01
9.900000000000001421e+01 1.570626112864624835e-01
1.000000000000000000e+02 1.742623669996600233e-01
1.010000000000000000e+02 1.914112848995628835e-01
1.020000000000000000e+02 2.085035877653624026e-01
1.030000000000000142e+02 2.255336858056060101e-01
1.040000000000000142e+02 2.424961104747289375e-01
1.050000000000000000e+02 2.593854995686563636e-01
1.060000000000000000e+02 2.761965588135177341e-01
1.070000000000000000e+02 2.929240387358942321e-01
1.080000000000000000e+02 3.095627662851123119e-01
1.089999999999999858e+02 3.261075913742853549e-01
1.100000000000000142e+02 3.425534235956335105e-01
1.110000000000000000e+02 3.588952002326879498e-01
1.120000000000000000e+02 3.751279136867900488e-01
1.130000000000000000e+02 3.912465786486986064e-01
1.140000000000000142e+02 4.072462659806913576e-01
1.149999999999999858e+02 4.231220736421573148e-01
1.160000000000000142e+02 4.388691514638045632e-01
1.170000000000000000e+02 4.544826873343708606e-01
1.180000000000000142e+02 4.699579041425037684e-01
1.190000000000000000e+02 4.852900830991296321e-01
1.200000000000000000e+02 5.004745372067888054e-01
1.210000000000000142e+02 5.155066404705289651e-01
1.219999999999999858e+02 5.303818034741212273e-01
1.230000000000000000e+02 5.450954788220696567e-01
1.240000000000000000e+02 5.596431924193944196e-01
1.250000000000000142e+02 5.740204911974301494e-01
1.259999999999999858e+02 5.882230112600391747e-01
1.270000000000000142e+02 6.022464033584342680e-01
1.280000000000000000e+02 6.160864022187393374e-01
1.290000000000000000e+02 6.297387783151463525e-01
1.300000000000000000e+02 6.431993893816623231e-01
1.310000000000000000e+02 6.564641141997495932e-01
1.320000000000000000e+02 6.695289130118230458e-01
1.330000000000000000e+02 6.823898094901882372e-01
1.340000000000000000e+02 6.950428727770605608e-01
1.350000000000000000e+02 7.074842654905416639e-01
1.360000000000000284e+02 7.197101774534818697e-01
1.370000000000000000e+02 7.317168899269756999e-01
1.380000000000000000e+02 7.435007505240576187e-01
1.390000000000000000e+02 7.550581579957345024e-01
1.400000000000000000e+02 7.663855969217129305e-01
1.410000000000000000e+02 7.774796103320429363e-01
1.420000000000000000e+02 7.883368271372073188e-01
1.430000000000000000e+02 7.989539278049921922e-01
1.440000000000000000e+02 8.093276734756605917e-01
1.450000000000000000e+02 8.194549286865799864e-01
1.460000000000000000e+02 8.293325797581660996e-01
1.470000000000000000e+02 8.389576345411636771e-01
1.480000000000000000e+02 8.483271564706327261e-01
1.490000000000000000e+02 8.574382878907275130e-01
1.500000000000000000e+02 8.662882503109760046e-01
1.510000000000000000e+02 8.748743517349671928e-01
1.520000000000000284e+02 8.831939774119164088e-01
1.530000000000000000e+02 8.912445861704695327e-01
1.540000000000000000e+02 8.990237365753134258e-01
1.550000000000000000e+02 9.065290520199120738e-01
1.559999999999999716e+02 9.137582393057860353e-01
1.570000000000000000e+02 9.207091023028337595e-01
1.580000000000000000e+02 9.273795217971274596e-01
1.590000000000000284e+02 9.337674740430806919e-01
1.600000000000000000e+02 9.398710033763932881e-01
1.610000000000000000e+02 9.456882582581107588e-01
1.620000000000000000e+02 9.512174579029838428e-01
1.630000000000000284e+02 9.564569193375729306e-01
1.640000000000000000e+02 9.614050561913414228e-01
1.650000000000000000e+02 9.660603397872850051e-01
1.660000000000000000e+02 9.704213688277769645e-01
1.670000000000000000e+02 9.744868197058379478e-01
1.680000000000000000e+02 9.782554343208410552e-01
1.690000000000000000e+02 9.817260805471406115e-01
1.700000000000000284e+02 9.848976946097233176e-01
1.710000000000000000e+02 9.877693113991439233e-01
1.720000000000000000e+02 9.903400581238207545e-01
1.730000000000000000e+02 9.926091451962095746e-01
1.740000000000000000e+02 9.945758891299061322e-01
1.750000000000000000e+02 9.962396914969366968e-01
1.760000000000000000e+02 9.976000368941894125e-01
1.770000000000000000e+02 9.986565269443949955e-01
1.780000000000000000e+02 9.994088089300647848e-01
1.790000000000000000e+02 9.998566853853495529e-01
1.800000000000000000e+02 1.000000000000000000e+00
1.810000000000000000e+02 9.998387204356066205e-01
1.820000000000000000e+02 9.993728930540478617e-01
1.830000000000000000e+02 9.986026563735482808e-01
1.840000000000000000e+02 9.975282546840248399e-01
1.849999999999999716e+02 9.961499856415605425e-01
1.860000000000000284e+02 9.944683046668350013e-01
1.870000000000000284e+02 9.924837388077487610e-01
1.880000000000000000e+02 9.901968283599330567e-01
1.890000000000000000e+02 9.876083210579609251e-01
1.900000000000000000e+02 9.847189887307162826e-01
1.910000000000000000e+02 9.815297117993065923e-01
1.920000000000000000e+02 9.780414685077931658e-01
1.930000000000000000e+02 9.742553157009821163e-01
1.940000000000000000e+02 9.701724092312030701e-01
1.950000000000000284e+02 9.657939855937811569e-01
1.959999999999999716e+02 9.611213889940832811e-01
1.970000000000000284e+02 9.561560394665701290e-01
1.980000000000000284e+02 9.508994462482162069e-01
1.990000000000000000e+02 9.453532106545632363e-01
2.000000000000000000e+02 9.395190320507502690e-01
2.010000000000000000e+02 9.333986840332900714e-01
2.020000000000000000e+02 9.269940200726648483e-01
2.030000000000000000e+02 9.203070001556962199e-01
2.040000000000000000e+02 9.133396549685487420e-01
2.050000000000000000e+02 9.060941294920088485e-01
2.060000000000000284e+02 8.985726120182773169e-01
2.069999999999999716e+02 8.907773879402240969e-01
2.080000000000000284e+02 8.827108430615361323e-01
2.090000000000000284e+02 8.743754264372095575e-01
2.100000000000000000e+02 8.657737039058135409e-01
2.110000000000000000e+02 8.569082611275802286e-01
2.120000000000000000e+02 8.477818166259265542e-01
2.130000000000000000e+02 8.383971511176113722e-01
2.140000000000000000e+02 8.287571184886797226e-01
2.150000000000000000e+02 8.188646618078019301e-01
2.160000000000000000e+02 8.087227908507348406e-01
2.170000000000000284e+02 7.983346055143457631e-01
2.179999999999999716e+02 7.877032486324091476e-01
2.190000000000000284e+02 7.768319837708193010e-01
2.200000000000000284e+02 7.657241107089529653e-01
2.210000000000000000e+02 7.543830135648220692e-01
2.220000000000000000e+02 7.428121537537748509e-01
2.230000000000000000e+02 7.310150570305806728e-01
2.240000000000000000e+02 7.189953098563564016e-01
2.250000000000000000e+02 7.067565861356327472e-01
2.260000000000000000e+02 6.943026130329025269e-01
2.270000000000000000e+02 6.816371838006463069e-01
2.280000000000000284e+02 6.687641545316336256e-01
2.290000000000000000e+02 6.556874563670553879e-01
2.299999999999999716e+02 6.424110663357809337e-01
2.309999999999999716e+02 6.289390406722470406e-01
2.320000000000000284e+02 6.152754810961498233e-01
2.330000000000000000e+02 6.014245504233322048e-01
2.340000000000000000e+02 5.873904780134354686e-01
2.350000000000000000e+02 5.731775332954917035e-01
2.360000000000000284e+02 5.587900590044277971e-01
2.370000000000000000e+02 5.442324408363675703e-01
2.380000000000000000e+02 5.295091060527664650e-01
2.390000000000000000e+02 5.146245693374323915e-01
2.400000000000000000e+02 4.995833591697075859e-01
2.410000000000000284e+02 4.843900606908447815e-01
2.420000000000000284e+02 4.690493223710973103e-01
2.430000000000000284e+02 4.535658143775573303e-01
2.439999999999999716e+02 4.379442728149922637e-01
2.450000000000000000e+02 4.221894698804619650e-01
2.460000000000000000e+02 4.063062212970405818e-01
2.470000000000000000e+02 3.902993825055840471e-01
2.480000000000000000e+02 3.741738534196419885e-01
2.490000000000000000e+02 3.579345741141051196e-01
2.500000000000000284e+02 3.415865187798222680e-01
2.510000000000000284e+02 3.251347093345231531e-01
2.519999999999999716e+02 3.085842048025663753e-01
2.529999999999999716e+02 2.919401030326030932e-01
2.540000000000000284e+02 2.752075475748121947e-01
2.550000000000000000e+02 2.583917270594239257e-01
2.560000000000000000e+02 2.414978846634786291e-01
2.570000000000000000e+02 2.245313151367268889e-01
2.580000000000000000e+02 2.074974000454802292e-01
2.590000000000000568e+02 1.904016015534711337e-01
2.600000000000000000e+02 1.732495235149882629e-01
2.610000000000000000e+02 1.560469548842542686e-01
2.620000000000000000e+02 1.387999877298505824e-01
2.630000000000000000e+02 1.215152068268310348e-01
2.640000000000000000e+02 1.042000995021040294e-01
2.650000000000000000e+02 8.686394205903272270e-02
2.660000000000000000e+02 6.952001164611110173e-02
2.669999999999999432e+02 5.219222027576955053e-02
2.680000000000000000e+02 3.494140256485960688e-02
2.690000000000000000e+02 1.804118954719518414e-02
2.700000000000000000e+02 6.234382227476538592e-03
2.710000000000000000e+02 1.901051866798813064e-02
2.720000000000000568e+02 3.595397723277746899e-02
2.730000000000000568e+02 5.321276938151878189e-02
2.740000000000000000e+02 7.054258274566627129e-02
2.750000000000000000e+02 8.788655726188526751e-02
2.760000000000000000e+02 1.052217851232136875e-01
2.770000000000000000e+02 1.225353367142878180e-01
2.780000000000000000e+02 1.398180843104165350e-01
2.790000000000000000e+02 1.570626105921404669e-01
2.800000000000000000e+02 1.742623681979984518e-01
2.810000000000000568e+02 1.914112844775076872e-01
2.820000000000000000e+02 2.085035867874267812e-01
2.830000000000000000e+02 2.255336852579599982e-01
2.840000000000000000e+02 2.424961099729931180e-01
2.850000000000000000e+02 2.593855016706518302e-01
2.860000000000000000e+02 2.761965568110363312e-01
2.870000000000000000e+02 2.929240373218894855e-01
2.880000000000000000e+02 3.095627651762303256e-01
2.890000000000000000e+02 3.261075905384057672e-01
2.900000000000000000e+02 3.425534239348453913e-01
2.910000000000000000e+02 3.588952024623160431e-01
2.920000000000000000e+02 3.751279142255358190e-01
2.930000000000000000e+02 3.912465800677283334e-01
2.940000000000000000e+02 4.072462679302511490e-01
2.950000000000000568e+02 4.231220762730545371e-01
2.960000000000000000e+02 4.388691547394510950e-01
2.970000000000000000e+02 4.544826859308555567e-01
2.980000000000000000e+02 4.699579069950231558e-01
2.990000000000000000e+02 4.852900830435284973e-01
3.000000000000000000e+02 5.004745405088227850e-01
3.010000000000000000e+02 5.155066448316617533e-01
3.020000000000000000e+02 5.303818033064496840e-01
3.030000000000000000e+02 5.450954801348172341e-01
3.040000000000000568e+02 5.596431921579576585e-01
3.050000000000000000e+02 5.740204959107044758e-01
3.060000000000000000e+02 5.882230166720215925e-01
3.070000000000000000e+02 6.022464054876691675e-01
3.080000000000000000e+02 6.160864047541704247e-01
3.090000000000000000e+02 6.297387872219699645e-01
3.100000000000000000e+02 6.431993882389260841e-01
3.110000000000000000e+02 6.564641189526265741e-01
3.119999999999999432e+02 6.695289160275980089e-01
3.130000000000000000e+02 6.823898099735964395e-01
3.140000000000000000e+02 6.950428740537090144e-01
3.150000000000000000e+02 7.074842635312574846e-01
3.160000000000000000e+02 7.197101820235390912e-01
3.170000000000000568e+02 7.317168898103015851e-01
3.180000000000000568e+02 7.435007482459153882e-01
3.190000000000000000e+02 7.550581596022212238e-01
3.200000000000000000e+02 7.663855989881185327e-01
3.210000000000000000e+02 7.774796107386987565e-01
3.220000000000000000e+02 7.883368220023956319e-01
3.230000000000000000e+02 7.989539265077676422e-01
3.240000000000000000e+02 8.093276734756605917e-01
3.250000000000000000e+02 8.194549257866844405e-01
3.260000000000000568e+02 8.293325825258807127e-01
3.270000000000000000e+02 8.389576375616175641e-01
3.280000000000000000e+02 8.483271564706327261e-01
3.290000000000000000e+02 8.574382905336600524e-01
3.300000000000000000e+02 8.662882478556384047e-01
3.310000000000000000e+02 8.748743468416910751e-01
3.320000000000000000e+02 8.831939790697179715e-01
3.330000000000000000e+02 8.912445861704695327e-01
3.340000000000000000e+02 8.990237304246571082e-01
3.350000000000000000e+02 9.065290481832324332e-01
3.360000000000000000e+02 9.137582383537541375e-01
3.370000000000000000e+02 9.207091064654574497e-01
3.380000000000000000e+02 9.273795217971274596e-01
3.390000000000000000e+02 9.337674713004463500e-01
3.400000000000000568e+02 9.398710087087964737e-01
3.410000000000000000e+02 9.456882582581107588e-01
3.420000000000000000e+02 9.512174579029838428e-01
3.430000000000000000e+02 9.564569138936790393e-01
3.440000000000000000e+02 9.614050561913414228e-01
3.450000000000000000e+02 9.660603478450284776e-01
3.460000000000000000e+02 9.704213688277769645e-01
3.470000000000000000e+02 9.744868197058379478e-01
3.480000000000000000e+02 9.782554314089176861e-01
3.490000000000000568e+02 9.817260805471406115e-01
3.500000000000000000e+02 9.848976946097233176e-01
3.510000000000000000e+02 9.877693113991439233e-01
3.520000000000000000e+02 9.903400555753965051e-01
3.530000000000000000e+02 9.926091472758419298e-01
3.540000000000000000e+02 9.945758891299061322e-01
3.550000000000000000e+02 9.962396914969366968e-01
3.560000000000000000e+02 9.976000368941894125e-01
3.569999999999999432e+02 9.986565269443949955e-01
3.580000000000000000e+02 9.994088089300647848e-01
3.590000000000000000e+02 9.998566853853495529e-01
3.600000000000000000e+02 1.000000000000000000e+00
