0.000000000000000000e+00 1.000000000000000000e+00
1.000000000000000000e+00 9.998169507376086784e-01
2.000000000000000000e+00 9.993293506465863452e-01
3.000000000000000000e+00 9.985373482506302301e-01
4.000000000000000000e+00 9.974411848129079994e-01
5.000000000000000000e+00 9.960411942420424047e-01
6.000000000000000000e+00 9.943378030021198244e-01
7.000000000000000000e+00 9.923315299841086734e-01
8.000000000000000000e+00 9.900229863376353023e-01
9.000000000000000000e+00 9.874128752815177767e-01
1.000000000000000000e+01 9.845019919107028672e-01
1.100000000000000000e+01 9.812912229451362656e-01
1.200000000000000000e+01 9.777815464322582306e-01
1.300000000000000178e+01 9.739740315021994110e-01
1.400000000000000000e+01 9.698698379909408418e-01
1.500000000000000000e+01 9.654702161244819170e-01
1.600000000000000000e+01 9.607765061161505082e-01
1.700000000000000355e+01 9.557901377569819612e-01
1.800000000000000000e+01 9.505126300172991316e-01
1.900000000000000355e+01 9.449455905120610621e-01
2.000000000000000000e+01 9.390907150929198588e-01
2.100000000000000000e+01 9.329497872869283448e-01
2.200000000000000000e+01 9.265246777460568461e-01
2.300000000000000000e+01 9.198173436955966453e-01
2.400000000000000000e+01 9.128298283485243303e-01
2.500000000000000000e+01 9.055642602616261749e-01
2.600000000000000355e+01 8.980228526972305891e-01
2.700000000000000000e+01 8.902079029396372523e-01
2.800000000000000000e+01 8.821217916128609726e-01
2.900000000000000355e+01 8.737669819531012072e-01
3.000000000000000000e+01 8.651460190407972428e-01
3.100000000000000000e+01 8.562615290451650596e-01
3.200000000000000000e+01 8.471162184288713037e-01
3.300000000000000000e+01 8.377128730895960773e-01
3.400000000000000711e+01 8.280543575521639443e-01
3.500000000000000000e+01 8.181436140910721688e-01
3.600000000000000000e+01 8.079836618055465935e-01
3.700000000000000000e+01 7.975775957289460427e-01
3.800000000000000711e+01 7.869285858898479313e-01
3.899999999999999289e+01 7.760398763364901864e-01
4.000000000000000000e+01 7.649147841318989505e-01
4.100000000000000000e+01 7.535566983868915436e-01
4.200000000000000000e+01 7.419690791965941612e-01
4.300000000000000000e+01 7.301554566195845863e-01
4.400000000000000000e+01 7.181194295601399658e-01
4.500000000000000000e+01 7.058646647240580663e-01
4.600000000000000000e+01 6.933948954654239882e-01
4.700000000000000000e+01 6.807139206860788327e-01
4.800000000000000000e+01 6.678256036631795567e-01
4.899999999999999289e+01 6.547338708827610265e-01
5.000000000000000000e+01 6.414427108401179467e-01
5.100000000000000000e+01 6.279561728619259542e-01
5.200000000000000711e+01 6.142783658498289778e-01
5.300000000000000000e+01 6.004134570432660967e-01
5.400000000000000000e+01 5.863656707788237332e-01
5.500000000000000711e+01 5.721392872029050780e-01
5.600000000000000000e+01 5.577386409817020052e-01
5.700000000000000711e+01 5.431681200057668635e-01
5.800000000000000711e+01 5.284321640711846513e-01
5.900000000000000711e+01 5.135352635607256522e-01
6.000000000000000000e+01 4.984819580899667035e-01
6.099999999999999289e+01 4.832768351805417084e-01
6.200000000000000000e+01 4.679245288950764081e-01
6.299999999999999289e+01 4.524297184836337249e-01
6.400000000000000000e+01 4.367971270372708603e-01
6.500000000000000000e+01 4.210315201149530950e-01
6.600000000000000000e+01 4.051377044130963223e-01
6.700000000000000000e+01 3.891205264243043915e-01
6.800000000000001421e+01 3.729848711393202176e-01
6.900000000000000000e+01 3.567356607682540259e-01
7.000000000000000000e+01 3.403778535307043773e-01
7.100000000000000000e+01 3.239164425162555649e-01
7.200000000000000000e+01 3.073564546577814416e-01
7.300000000000000000e+01 2.907029498800371425e-01
7.400000000000000000e+01 2.739610204837880092e-01
7.500000000000000000e+01 2.571357908920304802e-01
7.600000000000001421e+01 2.402324179542299210e-01
7.700000000000000000e+01 2.232560920976200403e-01
7.799999999999998579e+01 2.062120398412341515e-01
7.900000000000000000e+01 1.891055285539262609e-01
8.000000000000000000e+01 1.719418750347229685e-01
8.100000000000000000e+01 1.547264609490906218e-01
8.200000000000000000e+01 1.374647611600362807e-01
8.300000000000000000e+01 1.201623980796064084e-01
8.400000000000000000e+01 1.028252528329243604e-01
8.500000000000001421e+01 8.545971432850979488e-02
8.600000000000000000e+01 6.807331312592172778e-02
8.700000000000000000e+01 5.067666541187795803e-02
8.800000000000000000e+01 3.329151644220125494e-02
8.900000000000000000e+01 1.601113518345973277e-02
9.000000000000000000e+01 3.640955684134525479e-03
9.100000000000000000e+01 1.947617960727006728e-02
9.200000000000000000e+01 3.679817247410063080e-02
9.300000000000001421e+01 5.418875077206318502e-02
9.400000000000000000e+01 7.158449135940007924e-02
9.500000000000000000e+01 8.896738691399538879e-02
9.600000000000000000e+01 1.063277483770701665e-01
9.700000000000000000e+01 1.236583646664932562e-01
9.799999999999998579e+01 1.409529818089742259e-01
9.900000000000001421e+01 1.582057846019951086e-01
1.000000000000000000e+02 1.754111868489317827e-01
1.010000000000000000e+02 1.925637357575478437e-01
1.020000000000000000e+02 2.096580644966181128e-01
1.030000000000000142e+02 2.266888672083799683e-01
1.040000000000000142e+02 2.436508853035413702e-01
1.050000000000000000e+02 2.605388998456349969e-01
1.060000000000000000e+02 2.773477273314647884e-01
1.070000000000000000e+02 2.940722175233494440e-01
1.080000000000000000e+02 3.107072524825013615e-01
1.089999999999999858e+02 3.272477464095677191e-01
1.100000000000000142e+02 3.436886459823588758e-01
1.110000000000000000e+02 3.600249310246687040e-01
1.120000000000000000e+02 3.762516153989901024e-01
1.130000000000000000e+02 3.923637480604037497e-01
1.140000000000000142e+02 4.083564142166626887e-01
1.149999999999999858e+02 4.242247365388664981e-01
1.160000000000000142e+02 4.399638764680384728e-01
1.170000000000000000e+02 4.555690355001659753e-01
1.180000000000000142e+02 4.710354565416757233e-01
1.190000000000000000e+02 4.863584252482462955e-01
1.200000000000000000e+02 5.015332713751096128e-01
1.210000000000000142e+02 5.165553701479100868e-01
1.219999999999999858e+02 5.314201436088166197e-01
1.230000000000000000e+02 5.461230619769862349e-01
1.240000000000000000e+02 5.606596449652833103e-01
1.250000000000000142e+02 5.750254631604656552e-01
1.259999999999999858e+02 5.892161393052339768e-01
1.270000000000000142e+02 6.032273496339862762e-01
1.280000000000000000e+02 6.170548251674781159e-01
1.290000000000000000e+02 6.306943529898823009e-01
1.300000000000000000e+02 6.441417775433561088e-01
1.310000000000000000e+02 6.573930018455734769e-01
1.320000000000000000e+02 6.704439887604636272e-01
1.330000000000000000e+02 6.832907622129470449e-01
1.340000000000000000e+02 6.959294083747872284e-01
1.350000000000000000e+02 7.083560768767976912e-01
1.360000000000000284e+02 7.205669819657556374e-01
1.370000000000000000e+02 7.325584036372567720e-01
1.380000000000000000e+02 7.443266887934510967e-01
1.390000000000000000e+02 7.558682523309240286e-01
1.400000000000000000e+02 7.671795782386543472e-01
1.410000000000000000e+02 7.782572206663240788e-01
1.420000000000000000e+02 7.890978049678659678e-01
1.430000000000000000e+02 7.996980287410967447e-01
1.440000000000000000e+02 8.100546627791050946e-01
1.450000000000000000e+02 8.201645521443743370e-01
1.460000000000000000e+02 8.300246170541648594e-01
1.470000000000000000e+02 8.396318538320337588e-01
1.480000000000000000e+02 8.489833358381478901e-01
1.490000000000000000e+02 8.580762143528084529e-01
1.500000000000000000e+02 8.669077194307898138e-01
1.510000000000000000e+02 8.754751607726776186e-01
1.520000000000000284e+02 8.837759285110267093e-01
1.530000000000000000e+02 8.918074940212014079e-01
1.540000000000000000e+02 8.995674106899429479e-01
1.550000000000000000e+02 9.070533146536446933e-01
1.559999999999999716e+02 9.142629255376327757e-01
1.570000000000000000e+02 9.211940471305709588e-01
1.580000000000000000e+02 9.278445680489166847e-01
1.590000000000000284e+02 9.342124623986097776e-01
1.600000000000000000e+02 9.402957903656405936e-01
1.610000000000000000e+02 9.460926988591064069e-01
1.620000000000000000e+02 9.516014219963633280e-01
1.630000000000000284e+02 9.568202817019779705e-01
1.640000000000000000e+02 9.617476882330335819e-01
1.650000000000000000e+02 9.663821405672731180e-01
1.660000000000000000e+02 9.707222269633627443e-01
1.670000000000000000e+02 9.747666253490088195e-01
1.680000000000000000e+02 9.785141037172665479e-01
1.690000000000000000e+02 9.819635205189802818e-01
1.700000000000000284e+02 9.851138249815457604e-01
1.710000000000000000e+02 9.879640574652366336e-01
1.720000000000000000e+02 9.905133497336112702e-01
1.730000000000000000e+02 9.927609252195156442e-01
1.740000000000000000e+02 9.947060992780647481e-01
1.750000000000000000e+02 9.963482793554282457e-01
1.760000000000000000e+02 9.976869652351902928e-01
1.770000000000000000e+02 9.987217491085862431e-01
1.780000000000000000e+02 9.994523157681325376e-01
1.790000000000000000e+02 9.998784426657392199e-01
1.800000000000000000e+02 1.000000000000000000e+00
1.810000000000000000e+02 9.998169507376086784e-01
1.820000000000000000e+02 9.993293506465863452e-01
1.830000000000000000e+02 9.985373482506302301e-01
1.840000000000000000e+02 9.974411848129079994e-01
1.849999999999999716e+02 9.960411942420424047e-01
1.860000000000000284e+02 9.943378030021198244e-01
1.870000000000000284e+02 9.923315299871773298e-01
1.880000000000000000e+02 9.900229863388686491e-01
1.890000000000000000e+02 9.874128752815177767e-01
1.900000000000000000e+02 9.845019919107028672e-01
1.910000000000000000e+02 9.812912229451362656e-01
1.920000000000000000e+02 9.777815464342304308e-01
1.930000000000000000e+02 9.739740315021994110e-01
1.940000000000000000e+02 9.698698379909408418e-01
1.950000000000000284e+02 9.654702161244819170e-01
1.959999999999999716e+02 9.607765061161505082e-01
1.970000000000000284e+02 9.557901377569819612e-01
1.980000000000000284e+02 9.505126300143009743e-01
1.990000000000000000e+02 9.449455905150275781e-01
2.000000000000000000e+02 9.390907150929198588e-01
2.010000000000000000e+02 9.329497872869283448e-01
2.020000000000000000e+02 9.265246777460568461e-01
2.030000000000000000e+02 9.198173436955966453e-01
2.040000000000000000e+02 9.128298283485243303e-01
2.050000000000000000e+02 9.055642602637483662e-01
2.060000000000000284e+02 8.980228526946657519e-01
2.069999999999999716e+02 8.902079029396372523e-01
2.080000000000000284e+02 8.821217916108948787e-01
2.090000000000000284e+02 8.737669819520180736e-01
2.100000000000000000e+02 8.651460190408456485e-01
2.110000000000000000e+02 8.562615290451650596e-01
2.120000000000000000e+02 8.471162184248535176e-01
2.130000000000000000e+02 8.377128730895960773e-01
2.140000000000000000e+02 8.280543575553488411e-01
2.150000000000000000e+02 8.181436140910721688e-01
2.160000000000000000e+02 8.079836618026050576e-01
2.170000000000000284e+02 7.975775957289460427e-01
2.179999999999999716e+02 7.869285858924303101e-01
2.190000000000000284e+02 7.760398763358087315e-01
2.200000000000000284e+02 7.649147841318989505e-01
2.210000000000000000e+02 7.535566983834667276e-01
2.220000000000000000e+02 7.419690791965941612e-01
2.230000000000000000e+02 7.301554566212630215e-01
2.240000000000000000e+02 7.181194295614572454e-01
2.250000000000000000e+02 7.058646647257524886e-01
2.260000000000000000e+02 6.933948954654239882e-01
2.270000000000000000e+02 6.807139206860438607e-01
2.280000000000000284e+02 6.678256036631182724e-01
2.290000000000000000e+02 6.547338708827610265e-01
2.299999999999999716e+02 6.414427108420168722e-01
2.309999999999999716e+02 6.279561728647149454e-01
2.320000000000000284e+02 6.142783658467091401e-01
2.330000000000000000e+02 6.004134570414383365e-01
2.340000000000000000e+02 5.863656707782989308e-01
2.350000000000000000e+02 5.721392872034714028e-01
2.360000000000000284e+02 5.577386409782064680e-01
2.370000000000000000e+02 5.431681200036643231e-01
2.380000000000000000e+02 5.284321640709288559e-01
2.390000000000000000e+02 5.135352635614537364e-01
2.400000000000000000e+02 4.984819580914865433e-01
2.410000000000000284e+02 4.832768351820279640e-01
2.420000000000000284e+02 4.679245288953079451e-01
2.430000000000000284e+02 4.524297184857561382e-01
2.439999999999999716e+02 4.367971270377396520e-01
2.450000000000000000e+02 4.210315201142163510e-01
2.460000000000000000e+02 4.051377044130410332e-01
2.470000000000000000e+02 3.891205264251448859e-01
2.480000000000000000e+02 3.729848711392451666e-01
2.490000000000000000e+02 3.567356607677127367e-01
2.500000000000000284e+02 3.403778535305198027e-01
2.510000000000000284e+02 3.239164425160417915e-01
2.519999999999999716e+02 3.073564546572245537e-01
2.529999999999999716e+02 2.907029498807395251e-01
2.540000000000000284e+02 2.739610204840675078e-01
2.550000000000000000e+02 2.571357908927932034e-01
2.560000000000000000e+02 2.402324179540561155e-01
2.570000000000000000e+02 2.232560920978466923e-01
2.580000000000000000e+02 2.062120398412710109e-01
2.590000000000000568e+02 1.891055285539443298e-01
2.600000000000000000e+02 1.719418750352226799e-01
2.610000000000000000e+02 1.547264609492682297e-01
2.620000000000000000e+02 1.374647611601575725e-01
2.630000000000000000e+02 1.201623980796545366e-01
2.640000000000000000e+02 1.028252528334076127e-01
2.650000000000000000e+02 8.545971432871223017e-02
2.660000000000000000e+02 6.807331312562776848e-02
2.669999999999999432e+02 5.067666541181924111e-02
2.680000000000000000e+02 3.329151644228349471e-02
2.690000000000000000e+02 1.601113518342544423e-02
2.700000000000000000e+02 3.640955684134530683e-03
2.710000000000000000e+02 1.947617960729070702e-02
2.720000000000000568e+02 3.679817247412459080e-02
2.730000000000000568e+02 5.418875077203129387e-02
2.740000000000000000e+02 7.158449135935172902e-02
2.750000000000000000e+02 8.896738691432580504e-02
2.760000000000000000e+02 1.063277483773298893e-01
2.770000000000000000e+02 1.236583646661208319e-01
2.780000000000000000e+02 1.409529818088824937e-01
2.790000000000000000e+02 1.582057846022726644e-01
2.800000000000000000e+02 1.754111868491404769e-01
2.810000000000000568e+02 1.925637357574794539e-01
2.820000000000000000e+02 2.096580644970060248e-01
2.830000000000000000e+02 2.266888672081378564e-01
2.840000000000000000e+02 2.436508853039204558e-01
2.850000000000000000e+02 2.605388998458265659e-01
2.860000000000000000e+02 2.773477273327442094e-01
2.870000000000000000e+02 2.940722175233635438e-01
2.880000000000000000e+02 3.107072524818628168e-01
2.890000000000000000e+02 3.272477464103950018e-01
2.900000000000000000e+02 3.436886459818264683e-01
2.910000000000000000e+02 3.600249310239983513e-01
2.920000000000000000e+02 3.762516153984533651e-01
2.930000000000000000e+02 3.923637480617336304e-01
2.940000000000000000e+02 4.083564142143535913e-01
2.950000000000000568e+02 4.242247365403170600e-01
2.960000000000000000e+02 4.399638764668019619e-01
2.970000000000000000e+02 4.555690355000794334e-01
2.980000000000000000e+02 4.710354565408601535e-01
2.990000000000000000e+02 4.863584252471673808e-01
3.000000000000000000e+02 5.015332713742581827e-01
3.010000000000000000e+02 5.165553701483709403e-01
3.020000000000000000e+02 5.314201436090167929e-01
3.030000000000000000e+02 5.461230619749564141e-01
3.040000000000000568e+02 5.606596449676440885e-01
3.050000000000000000e+02 5.750254631604178046e-01
3.060000000000000000e+02 5.892161393040142858e-01
3.070000000000000000e+02 6.032273496331249651e-01
3.080000000000000000e+02 6.170548251644546456e-01
3.090000000000000000e+02 6.306943529906510193e-01
3.100000000000000000e+02 6.441417775433980752e-01
3.110000000000000000e+02 6.573930018449695156e-01
3.119999999999999432e+02 6.704439887627938743e-01
3.130000000000000000e+02 6.832907622142595505e-01
3.140000000000000000e+02 6.959294083770417583e-01
3.150000000000000000e+02 7.083560768804737506e-01
3.160000000000000000e+02 7.205669819665430076e-01
3.170000000000000568e+02 7.325584036373591346e-01
3.180000000000000568e+02 7.443266887920784169e-01
3.190000000000000000e+02 7.558682523293422939e-01
3.200000000000000000e+02 7.671795782367460959e-01
3.210000000000000000e+02 7.782572206682289995e-01
3.220000000000000000e+02 7.890978049702261909e-01
3.230000000000000000e+02 7.996980287360947459e-01
3.240000000000000000e+02 8.100546627791050946e-01
3.250000000000000000e+02 8.201645521476796930e-01
3.260000000000000568e+02 8.300246170547990188e-01
3.270000000000000000e+02 8.396318538332758763e-01
3.280000000000000000e+02 8.489833358381478901e-01
3.290000000000000000e+02 8.580762143512438156e-01
3.300000000000000000e+02 8.669077194313219437e-01
3.310000000000000000e+02 8.754751607742253805e-01
3.320000000000000000e+02 8.837759285123832909e-01
3.330000000000000000e+02 8.918074940212014079e-01
3.340000000000000000e+02 8.995674106882740606e-01
3.350000000000000000e+02 9.070533146558676929e-01
3.360000000000000000e+02 9.142629255405821942e-01
3.370000000000000000e+02 9.211940471340832604e-01
3.380000000000000000e+02 9.278445680489166847e-01
3.390000000000000000e+02 9.342124623957092089e-01
3.400000000000000568e+02 9.402957903681333773e-01
3.410000000000000000e+02 9.460926988591064069e-01
3.420000000000000000e+02 9.516014219963633280e-01
3.430000000000000000e+02 9.568202817036725039e-01
3.440000000000000000e+02 9.617476882330335819e-01
3.450000000000000000e+02 9.663821405641381812e-01
3.460000000000000000e+02 9.707222269633627443e-01
3.470000000000000000e+02 9.747666253490088195e-01
3.480000000000000000e+02 9.785141037183239243e-01
3.490000000000000568e+02 9.819635205189802818e-01
3.500000000000000000e+02 9.851138249815457604e-01
3.510000000000000000e+02 9.879640574652366336e-01
3.520000000000000000e+02 9.905133497364513318e-01
3.530000000000000000e+02 9.927609252197671097e-01
3.540000000000000000e+02 9.947060992780647481e-01
3.550000000000000000e+02 9.963482793554282457e-01
3.560000000000000000e+02 9.976869652351902928e-01
3.569999999999999432e+02 9.987217491085862431e-01
3.580000000000000000e+02 9.994523157681325376e-01
3.590000000000000000e+02 9.998784426657392199e-01
3.600000000000000000e+02 1.000000000000000000e+00
