0.000000000000000000e+00 9.998424899266764587e-01
1.000000000000000000e+00 9.994958505680396899e-01
2.000000000000000000e+00 9.987511559312632903e-01
3.000000000000000000e+00 9.979028861635700354e-01
4.000000000000000000e+00 9.964418491624954521e-01
5.000000000000000000e+00 9.948228096240412377e-01
6.000000000000000000e+00 9.928661288783341421e-01
7.000000000000000000e+00 9.907585862439745039e-01
8.000000000000000000e+00 9.882082707671447919e-01
9.000000000000000000e+00 9.853461727983000573e-01
1.000000000000000000e+01 9.823250056109340544e-01
1.100000000000000000e+01 9.788281240350813484e-01
1.200000000000000000e+01 9.750912954422458201e-01
1.300000000000000178e+01 9.710761667095272331e-01
1.400000000000000000e+01 9.667404965695940433e-01
1.500000000000000000e+01 9.622452696728669430e-01
1.600000000000000000e+01 9.573360271839339575e-01
1.700000000000000355e+01 9.519791226208642598e-01
1.800000000000000000e+01 9.466019998651249434e-01
1.900000000000000355e+01 9.407926928050878157e-01
2.000000000000000000e+01 9.347394332917988713e-01
2.100000000000000000e+01 9.283809494188272060e-01
2.200000000000000000e+01 9.217827192311055517e-01
2.300000000000000000e+01 9.148492149050890809e-01
2.400000000000000000e+01 9.076511112972680539e-01
2.500000000000000000e+01 9.002574845899200540e-01
2.600000000000000355e+01 8.924237143905470182e-01
2.700000000000000000e+01 8.844915831213709945e-01
2.800000000000000000e+01 8.762260188097573677e-01
2.900000000000000355e+01 8.676755944673762988e-01
3.000000000000000000e+01 8.588122534217610404e-01
3.100000000000000000e+01 8.498284232525759041e-01
3.200000000000000000e+01 8.404587294932499564e-01
3.300000000000000000e+01 8.308783460673370147e-01
3.400000000000000711e+01 8.211072834131811771e-01
3.500000000000000000e+01 8.109462624562381317e-01
3.600000000000000000e+01 8.006609624821323656e-01
3.700000000000000000e+01 7.900558743777703619e-01
3.800000000000000711e+01 7.791810748275067589e-01
3.899999999999999289e+01 7.681515616485181663e-01
4.000000000000000000e+01 7.568931293235945379e-01
4.100000000000000000e+01 7.453947440288851700e-01
4.200000000000000000e+01 7.335432828084095247e-01
4.300000000000000000e+01 7.216512585070057328e-01
4.400000000000000000e+01 7.094157617341383393e-01
4.500000000000000000e+01 6.970642176659845868e-01
4.600000000000000000e+01 6.844778497501217140e-01
4.700000000000000000e+01 6.715749662184619106e-01
4.800000000000000000e+01 6.585705630631762952e-01
4.899999999999999289e+01 6.453262788122682281e-01
5.000000000000000000e+01 6.319292487140190095e-01
5.100000000000000000e+01 6.183082087714188990e-01
5.200000000000000711e+01 6.045419614377532946e-01
5.300000000000000000e+01 5.905259286887550862e-01
5.400000000000000000e+01 5.763220578748701195e-01
5.500000000000000711e+01 5.619686186112853310e-01
5.600000000000000000e+01 5.474552353640121938e-01
5.700000000000000711e+01 5.327310199924323308e-01
5.800000000000000711e+01 5.179318743694978355e-01
5.900000000000000711e+01 5.029277460492520557e-01
6.000000000000000000e+01 4.877842421514777538e-01
6.099999999999999289e+01 4.724497892762515305e-01
6.200000000000000000e+01 4.570203017647459509e-01
6.299999999999999289e+01 4.414303192025832434e-01
6.400000000000000000e+01 4.257314071440815861e-01
6.500000000000000000e+01 4.098410392346056308e-01
6.600000000000000000e+01 3.938872948553643893e-01
6.700000000000000000e+01 3.777726487823699353e-01
6.800000000000001421e+01 3.615740529657231472e-01
6.900000000000000000e+01 3.452759776021705473e-01
7.000000000000000000e+01 3.288365707092496537e-01
7.100000000000000000e+01 3.123247514899959443e-01
7.200000000000000000e+01 2.957139738747741609e-01
7.300000000000000000e+01 2.790081775510732109e-01
7.400000000000000000e+01 2.622348835030695602e-01
7.500000000000000000e+01 2.453814969802988466e-01
7.600000000000001421e+01 2.284389818036884900e-01
7.700000000000000000e+01 2.114549237493892897e-01
7.799999999999998579e+01 1.943851062308821487e-01
7.900000000000000000e+01 1.772878426862228296e-01
8.000000000000000000e+01 1.601355858281914846e-01
8.100000000000000000e+01 1.429535030186938060e-01
8.200000000000000000e+01 1.257377378129895529e-01
8.300000000000000000e+01 1.085161337303385126e-01
8.400000000000000000e+01 9.128191082599265704e-02
8.500000000000001421e+01 7.410487479772781549e-02
8.600000000000000000e+01 5.703878416173693844e-02
8.700000000000000000e+01 4.026013498891637538e-02
8.800000000000000000e+01 2.439431873942107115e-02
8.900000000000000000e+01 1.333794478220502733e-02
9.000000000000000000e+01 1.922978327487629910e-02
9.100000000000000000e+01 3.421312493151516115e-02
9.200000000000000000e+01 5.078734307135231857e-02
9.300000000000001421e+01 6.777695156606369786e-02
9.400000000000000000e+01 8.492685604657171372e-02
9.500000000000000000e+01 1.021287291118330026e-01
9.600000000000000000e+01 1.193634465663471478e-01
9.700000000000000000e+01 1.365788242616989001e-01
9.799999999999998579e+01 1.537728221833470910e-01
9.900000000000001421e+01 1.709526895959379011e-01
1.000000000000000000e+02 1.880623418429895055e-01
1.010000000000000000e+02 2.051408538742685306e-01
1.020000000000000000e+02 2.221746993513548929e-01
1.030000000000000142e+02 2.391131896546185576e-01
1.040000000000000142e+02 2.560005832812311533e-01
1.050000000000000000e+02 2.728329539460549458e-01
1.060000000000000000e+02 2.895475311801069540e-01
1.070000000000000000e+02 3.061849689753919357e-01
1.080000000000000000e+02 3.227580452811611433e-01
1.089999999999999858e+02 3.392177716626443851e-01
1.100000000000000142e+02 3.555705010437749669e-01
1.110000000000000000e+02 3.718108245080037899e-01
1.120000000000000000e+02 3.879432719670986573e-01
1.130000000000000000e+02 4.039604327212827917e-01
1.140000000000000142e+02 4.198411457166122407e-01
1.149999999999999858e+02 4.356035080543757543e-01
1.160000000000000142e+02 4.512874085078898423e-01
1.170000000000000000e+02 4.667399708603106046e-01
1.180000000000000142e+02 4.821144000072607461e-01
1.190000000000000000e+02 4.973432720968551379e-01
1.200000000000000000e+02 5.123637488269744411e-01
1.210000000000000142e+02 5.273464788788443380e-01
1.219999999999999858e+02 5.420952730611041659e-01
1.230000000000000000e+02 5.566253351430385798e-01
1.240000000000000000e+02 5.710793468386383687e-01
1.250000000000000142e+02 5.852726353379227309e-01
1.259999999999999858e+02 5.993320894101525909e-01
1.270000000000000142e+02 6.131914681433983105e-01
1.280000000000000000e+02 6.268983595267031417e-01
1.290000000000000000e+02 6.403992432128816636e-01
1.300000000000000000e+02 6.536555782038423468e-01
1.310000000000000000e+02 6.667753433368547311e-01
1.320000000000000000e+02 6.797150664535304143e-01
1.330000000000000000e+02 6.924343749269656900e-01
1.340000000000000000e+02 7.049287613746962888e-01
1.350000000000000000e+02 7.171939063692637228e-01
1.360000000000000284e+02 7.291857460587606310e-01
1.370000000000000000e+02 7.410268062468903238e-01
1.380000000000000000e+02 7.526570669444162531e-01
1.390000000000000000e+02 7.639359652730417505e-01
1.400000000000000000e+02 7.751353477800057012e-01
1.410000000000000000e+02 7.860836311133495569e-01
1.420000000000000000e+02 7.967455476367842904e-01
1.430000000000000000e+02 8.071312019721975650e-01
1.440000000000000000e+02 8.172979764029458805e-01
1.450000000000000000e+02 8.272660366924008413e-01
1.460000000000000000e+02 8.370077159230780994e-01
1.470000000000000000e+02 8.463913693196221111e-01
1.480000000000000000e+02 8.555371994846862060e-01
1.490000000000000000e+02 8.644452934804287558e-01
1.500000000000000000e+02 8.731049080061108469e-01
1.510000000000000000e+02 8.814643018051167012e-01
1.520000000000000284e+02 8.895526762914622854e-01
1.530000000000000000e+02 8.973777471815967965e-01
1.540000000000000000e+02 9.049338750991274827e-01
1.550000000000000000e+02 9.122548914795294284e-01
1.559999999999999716e+02 9.192974328423926256e-01
1.570000000000000000e+02 9.259903163949124716e-01
1.580000000000000000e+02 9.324119095380077882e-01
1.590000000000000284e+02 9.385342553369424579e-01
1.600000000000000000e+02 9.445282362621159056e-01
1.610000000000000000e+02 9.501091132756267488e-01
1.620000000000000000e+02 9.553529469301706989e-01
1.630000000000000284e+02 9.604431131520084763e-01
1.640000000000000000e+02 9.651346309339344787e-01
1.650000000000000000e+02 9.695761943685697881e-01
1.660000000000000000e+02 9.736506774008434340e-01
1.670000000000000000e+02 9.774777196094669440e-01
1.680000000000000000e+02 9.809137254469058043e-01
1.690000000000000000e+02 9.842730123248689678e-01
1.700000000000000284e+02 9.872197307761516605e-01
1.710000000000000000e+02 9.898937167764355616e-01
1.720000000000000000e+02 9.921860298534155298e-01
1.730000000000000000e+02 9.941666836357655468e-01
1.740000000000000000e+02 9.958924628417950009e-01
1.750000000000000000e+02 9.973197842204375441e-01
1.760000000000000000e+02 9.984099907199701640e-01
1.770000000000000000e+02 9.992606697242715219e-01
1.780000000000000000e+02 9.998550223378434021e-01
1.790000000000000000e+02 1.000000000000000000e+00
1.800000000000000000e+02 9.998424899266764587e-01
1.810000000000000000e+02 9.994958505680396899e-01
1.820000000000000000e+02 9.987511559312632903e-01
1.830000000000000000e+02 9.979028861635700354e-01
1.840000000000000000e+02 9.964418491624954521e-01
1.849999999999999716e+02 9.948228096240412377e-01
1.860000000000000284e+02 9.928661288783341421e-01
1.870000000000000284e+02 9.907583634910990256e-01
1.880000000000000000e+02 9.881724956168707052e-01
1.890000000000000000e+02 9.853461727983000573e-01
1.900000000000000000e+02 9.823250056109340544e-01
1.910000000000000000e+02 9.788281240350813484e-01
1.920000000000000000e+02 9.751597104959406348e-01
1.930000000000000000e+02 9.710761667095272331e-01
1.940000000000000000e+02 9.667404965695940433e-01
1.950000000000000284e+02 9.622452696728669430e-01
1.959999999999999716e+02 9.573360271839339575e-01
1.970000000000000284e+02 9.519791226208642598e-01
1.980000000000000284e+02 9.465936951360226503e-01
1.990000000000000000e+02 9.407990299219729513e-01
2.000000000000000000e+02 9.347394332917988713e-01
2.010000000000000000e+02 9.283809494188272060e-01
2.020000000000000000e+02 9.217827192311055517e-01
2.030000000000000000e+02 9.148492149050890809e-01
2.040000000000000000e+02 9.076511112972680539e-01
2.050000000000000000e+02 9.002479329288867183e-01
2.060000000000000284e+02 8.924220302398835347e-01
2.069999999999999716e+02 8.844915831213709945e-01
2.080000000000000284e+02 8.762028770780295739e-01
2.090000000000000284e+02 8.676740086307110911e-01
2.100000000000000000e+02 8.588742503268033124e-01
2.110000000000000000e+02 8.498284232525759041e-01
2.120000000000000000e+02 8.404409747710048784e-01
2.130000000000000000e+02 8.308783460673370147e-01
2.140000000000000000e+02 8.210529504499399778e-01
2.150000000000000000e+02 8.109462624562381317e-01
2.160000000000000000e+02 8.006216777823341735e-01
2.170000000000000284e+02 7.900558743777703619e-01
2.179999999999999716e+02 7.791963248251928542e-01
2.190000000000000284e+02 7.681295168976641774e-01
2.200000000000000284e+02 7.568931293235945379e-01
2.210000000000000000e+02 7.453721641857149471e-01
2.220000000000000000e+02 7.335432828084095247e-01
2.230000000000000000e+02 7.216404888116243477e-01
2.240000000000000000e+02 7.094224194147918938e-01
2.250000000000000000e+02 6.971193450103262412e-01
2.260000000000000000e+02 6.844778497501217140e-01
2.270000000000000000e+02 6.715821210933616836e-01
2.280000000000000284e+02 6.585665903831892098e-01
2.290000000000000000e+02 6.453262788122682281e-01
2.299999999999999716e+02 6.319185651215071253e-01
2.309999999999999716e+02 6.182633611169171539e-01
2.320000000000000284e+02 6.045318398719711217e-01
2.330000000000000000e+02 5.905008292926977598e-01
2.340000000000000000e+02 5.763176628163090287e-01
2.350000000000000000e+02 5.619365252406278710e-01
2.360000000000000284e+02 5.474501448200163045e-01
2.370000000000000000e+02 5.327612249447117865e-01
2.380000000000000000e+02 5.179492470021423989e-01
2.390000000000000000e+02 5.029390014077401716e-01
2.400000000000000000e+02 4.877791428196507906e-01
2.410000000000000284e+02 4.724461695567417352e-01
2.420000000000000284e+02 4.570468439708787467e-01
2.430000000000000284e+02 4.414548990765316261e-01
2.439999999999999716e+02 4.257273364545516303e-01
2.450000000000000000e+02 4.098158747445523886e-01
2.460000000000000000e+02 3.938791760990238977e-01
2.470000000000000000e+02 3.777915709288485746e-01
2.480000000000000000e+02 3.615910867500554682e-01
2.490000000000000000e+02 3.452826348562465508e-01
2.500000000000000284e+02 3.288332118537845572e-01
2.510000000000000284e+02 3.123445648279376541e-01
2.519999999999999716e+02 2.957376706609234351e-01
2.529999999999999716e+02 2.790158718343483946e-01
2.540000000000000284e+02 2.622341063409401318e-01
2.550000000000000000e+02 2.453883752400075891e-01
2.560000000000000000e+02 2.284433837146255808e-01
2.570000000000000000e+02 2.114634892050645532e-01
2.580000000000000000e+02 1.943933674898717101e-01
2.590000000000000568e+02 1.772923667555236504e-01
2.600000000000000000e+02 1.601378432478023639e-01
2.610000000000000000e+02 1.429489242645246572e-01
2.620000000000000000e+02 1.257262476291195197e-01
2.630000000000000000e+02 1.085133789617220706e-01
2.640000000000000000e+02 9.128667871675419376e-02
2.650000000000000000e+02 7.410857170420273587e-02
2.660000000000000000e+02 5.704382344747083167e-02
2.669999999999999432e+02 4.025707561870368878e-02
2.680000000000000000e+02 2.439566826246866715e-02
2.690000000000000000e+02 1.333591941026655847e-02
2.700000000000000000e+02 1.922978231158786050e-02
2.710000000000000000e+02 3.421361103219274641e-02
2.720000000000000568e+02 5.078474735050505368e-02
2.730000000000000568e+02 6.777895246734254309e-02
2.740000000000000000e+02 8.493323624003645822e-02
2.750000000000000000e+02 1.021300761562025788e-01
2.760000000000000000e+02 1.193650214642982960e-01
2.770000000000000000e+02 1.365829646369971784e-01
2.780000000000000000e+02 1.537744840330676765e-01
2.790000000000000000e+02 1.709459552457632814e-01
2.800000000000000000e+02 1.880749588523686067e-01
2.810000000000000568e+02 2.051391439411231754e-01
2.820000000000000000e+02 2.221556139818933184e-01
2.830000000000000000e+02 2.391027356073121279e-01
2.840000000000000000e+02 2.560039737770665180e-01
2.850000000000000000e+02 2.728245432916874824e-01
2.860000000000000000e+02 2.895695212189101642e-01
2.870000000000000000e+02 3.061990190835916503e-01
2.880000000000000000e+02 3.227460087500395591e-01
2.890000000000000000e+02 3.392183835361977096e-01
2.900000000000000000e+02 3.555868864985421984e-01
2.910000000000000000e+02 3.718040981748240159e-01
2.920000000000000000e+02 3.879577188031386181e-01
2.930000000000000000e+02 4.039720119943760457e-01
2.940000000000000000e+02 4.198223923065890761e-01
2.950000000000000568e+02 4.356236400187191160e-01
2.960000000000000000e+02 4.513016735546629965e-01
2.970000000000000000e+02 4.667372788499108416e-01
2.980000000000000000e+02 4.820971999823919774e-01
2.990000000000000000e+02 4.973547661460763214e-01
3.000000000000000000e+02 5.124121069691986996e-01
3.010000000000000000e+02 5.273358643892831488e-01
3.020000000000000000e+02 5.420848664988779930e-01
3.030000000000000000e+02 5.565892538415708746e-01
3.040000000000000568e+02 5.710650628212320390e-01
3.050000000000000000e+02 5.852877327056960066e-01
3.060000000000000000e+02 5.993173868946344296e-01
3.070000000000000000e+02 6.131977123194048973e-01
3.080000000000000000e+02 6.269041631967995354e-01
3.090000000000000000e+02 6.403957797412153097e-01
3.100000000000000000e+02 6.536659107185489592e-01
3.110000000000000000e+02 6.667752015523252807e-01
3.119999999999999432e+02 6.796892630176434302e-01
3.130000000000000000e+02 6.923985466909868824e-01
3.140000000000000000e+02 7.049138707309395846e-01
3.150000000000000000e+02 7.172082554345345917e-01
3.160000000000000000e+02 7.292137291224665141e-01
3.170000000000000568e+02 7.410420748698611781e-01
3.180000000000000568e+02 7.526732391829360491e-01
3.190000000000000000e+02 7.639456135614309806e-01
3.200000000000000000e+02 7.751800212274676527e-01
3.210000000000000000e+02 7.861359320484142543e-01
3.220000000000000000e+02 7.967038190801788433e-01
3.230000000000000000e+02 8.071302524213845864e-01
3.240000000000000000e+02 8.172979764029458805e-01
3.250000000000000000e+02 8.272928174941858170e-01
3.260000000000000568e+02 8.369300807580483115e-01
3.270000000000000000e+02 8.464075388909324538e-01
3.280000000000000000e+02 8.555371994846862060e-01
3.290000000000000000e+02 8.644163471179860947e-01
3.300000000000000000e+02 8.730456790569672831e-01
3.310000000000000000e+02 8.814503376356291886e-01
3.320000000000000000e+02 8.895132401914389586e-01
3.330000000000000000e+02 8.973777471815967965e-01
3.340000000000000000e+02 9.049601702447067630e-01
3.350000000000000000e+02 9.122856905030375385e-01
3.360000000000000000e+02 9.192669870032933455e-01
3.370000000000000000e+02 9.260205652907829155e-01
3.380000000000000000e+02 9.324119095380077882e-01
3.390000000000000000e+02 9.385415922457931437e-01
3.400000000000000568e+02 9.444523423980552002e-01
3.410000000000000000e+02 9.501091132756267488e-01
3.420000000000000000e+02 9.553529469301706989e-01
3.430000000000000000e+02 9.604429113379961969e-01
3.440000000000000000e+02 9.651346309339344787e-01
3.450000000000000000e+02 9.695248516634206171e-01
3.460000000000000000e+02 9.736506774008434340e-01
3.470000000000000000e+02 9.774777196094669440e-01
3.480000000000000000e+02 9.810232376242541408e-01
3.490000000000000568e+02 9.842730123248689678e-01
3.500000000000000000e+02 9.872197307761516605e-01
3.510000000000000000e+02 9.898937167764355616e-01
3.520000000000000000e+02 9.921711468725373795e-01
3.530000000000000000e+02 9.941733193154252968e-01
3.540000000000000000e+02 9.958924628417950009e-01
3.550000000000000000e+02 9.973197842204375441e-01
3.560000000000000000e+02 9.984099907199701640e-01
3.569999999999999432e+02 9.992606697242715219e-01
3.580000000000000000e+02 9.998550223378434021e-01
3.590000000000000000e+02 1.000000000000000000e+00
3.600000000000000000e+02 9.998424899266764587e-01
