0.000000000000000000e+00 1.000000000000000000e+00
1.000000000000000000e+00 9.998272136416247458e-01
2.000000000000000000e+00 9.993498758717985764e-01
3.000000000000000000e+00 9.985681320150335827e-01
4.000000000000000000e+00 9.974822200463604460e-01
5.000000000000000000e+00 9.960924707142768675e-01
6.000000000000000000e+00 9.943993084167986884e-01
7.000000000000000000e+00 9.924032472627210000e-01
8.000000000000000000e+00 9.901048965533006951e-01
9.000000000000000000e+00 9.875049564847477868e-01
1.000000000000000000e+01 9.846042179544735040e-01
1.100000000000000000e+01 9.814035656969993804e-01
1.200000000000000000e+01 9.779039743512418781e-01
1.300000000000000178e+01 9.741065097003038797e-01
1.400000000000000000e+01 9.700123288739691541e-01
1.500000000000000000e+01 9.656226788838802033e-01
1.600000000000000000e+01 9.609388974019332785e-01
1.700000000000000355e+01 9.559624103050107236e-01
1.800000000000000000e+01 9.506947347211549548e-01
1.900000000000000355e+01 9.451374745363565477e-01
2.000000000000000000e+01 9.392923230582299610e-01
2.100000000000000000e+01 9.331610608986782296e-01
2.200000000000000000e+01 9.267455558030235352e-01
2.300000000000000000e+01 9.200477616274815862e-01
2.400000000000000000e+01 9.130697191669141510e-01
2.500000000000000000e+01 9.058135543685256197e-01
2.600000000000000355e+01 8.982814775628692461e-01
2.700000000000000000e+01 8.904757829291221061e-01
2.800000000000000000e+01 8.823988489328042917e-01
2.900000000000000355e+01 8.740531357840080062e-01
3.000000000000000000e+01 8.654411854398700310e-01
3.100000000000000000e+01 8.565656226925038030e-01
3.200000000000000000e+01 8.474291501682073013e-01
3.300000000000000000e+01 8.380345519490458583e-01
3.400000000000000711e+01 8.283846894805706462e-01
3.500000000000000000e+01 8.184825028931623780e-01
3.600000000000000000e+01 8.083310088244387570e-01
3.700000000000000000e+01 7.979333000762552919e-01
3.800000000000000711e+01 7.872925436621155404e-01
3.899999999999999289e+01 7.764119822160162609e-01
4.000000000000000000e+01 7.652949297103638360e-01
4.100000000000000000e+01 7.539447737314005638e-01
4.200000000000000000e+01 7.423649715001805482e-01
4.300000000000000000e+01 7.305590516671235379e-01
4.400000000000000000e+01 7.185306106435775941e-01
4.500000000000000000e+01 7.062833135584373201e-01
4.600000000000000000e+01 6.938208909900602794e-01
4.700000000000000000e+01 6.811471409515269526e-01
4.800000000000000000e+01 6.682659243825822548e-01
4.899999999999999289e+01 6.551811663006491537e-01
5.000000000000000000e+01 6.418968538271473401e-01
5.100000000000000000e+01 6.284170341250232550e-01
5.200000000000000711e+01 6.147458149269811045e-01
5.300000000000000000e+01 6.008873623678873122e-01
5.400000000000000000e+01 5.868458993689907865e-01
5.500000000000000711e+01 5.726257051215991600e-01
5.600000000000000000e+01 5.582311132564315992e-01
5.700000000000000711e+01 5.436665108735856400e-01
5.800000000000000711e+01 5.289363370242445850e-01
5.900000000000000711e+01 5.140450821777423629e-01
6.000000000000000000e+01 4.989972847556652380e-01
6.099999999999999289e+01 4.837975332837751719e-01
6.200000000000000000e+01 4.684504615137635164e-01
6.299999999999999289e+01 4.529607494240232568e-01
6.400000000000000000e+01 4.373331214134826284e-01
6.500000000000000000e+01 4.215723440957897528e-01
6.600000000000000000e+01 4.056832263601991007e-01
6.700000000000000000e+01 3.896706174146128965e-01
6.800000000000001421e+01 3.735394053117270796e-01
6.900000000000000000e+01 3.572945166586757315e-01
7.000000000000000000e+01 3.409409152415694977e-01
7.100000000000000000e+01 3.244836010327505349e-01
7.200000000000000000e+01 3.079276096988514122e-01
7.300000000000000000e+01 2.912780122204735589e-01
7.400000000000000000e+01 2.745399150101301977e-01
7.500000000000000000e+01 2.577184608803677057e-01
7.600000000000001421e+01 2.408188305507069915e-01
7.700000000000000000e+01 2.238462458819337197e-01
7.799999999999998579e+01 2.068059756333573973e-01
7.900000000000000000e+01 1.897033453467643904e-01
8.000000000000000000e+01 1.725437533602721951e-01
8.100000000000000000e+01 1.553326996940236071e-01
8.200000000000000000e+01 1.380758370120359069e-01
8.300000000000000000e+01 1.207790678807977441e-01
8.400000000000000000e+01 1.034487406990830943e-01
8.500000000000001421e+01 8.609208639414450692e-02
8.600000000000000000e+01 6.871832006438656493e-02
8.700000000000000000e+01 5.134198454176519544e-02
8.800000000000000000e+01 3.399653888658461798e-02
8.900000000000000000e+01 1.683171974449706315e-02
9.000000000000000000e+01 4.437198615390258553e-03
9.100000000000000000e+01 1.911103504573212486e-02
9.200000000000000000e+01 3.632512335112377672e-02
9.300000000000001421e+01 5.367843944058646455e-02
9.400000000000000000e+01 7.105567957700924253e-02
9.500000000000000000e+01 8.842781232752837395e-02
9.600000000000000000e+01 1.057813997231497605e-01
9.700000000000000000e+01 1.231076078529629303e-01
9.799999999999998579e+01 1.403993662601400738e-01
9.900000000000001421e+01 1.576504042015920426e-01
1.000000000000000000e+02 1.748548611516239359e-01
1.010000000000000000e+02 1.920071091843178201e-01
1.020000000000000000e+02 2.091016644476922925e-01
1.030000000000000142e+02 2.261331394179846854e-01
1.040000000000000142e+02 2.430962171960995843e-01
1.050000000000000000e+02 2.599856357853324029e-01
1.060000000000000000e+02 2.767961788008437285e-01
1.070000000000000000e+02 2.935226711687760059e-01
1.080000000000000000e+02 3.101599750538746036e-01
1.089999999999999858e+02 3.267029885468654138e-01
1.100000000000000142e+02 3.431466455823733441e-01
1.110000000000000000e+02 3.594859151399677488e-01
1.120000000000000000e+02 3.757158021669739778e-01
1.130000000000000000e+02 3.918313479287655055e-01
1.140000000000000142e+02 4.078276309165393965e-01
1.149999999999999858e+02 4.236997679435480224e-01
1.160000000000000142e+02 4.394429155336451176e-01
1.170000000000000000e+02 4.550522701818597859e-01
1.180000000000000142e+02 4.705230709262328559e-01
1.190000000000000000e+02 4.858505993150475932e-01
1.200000000000000000e+02 5.010301815387807611e-01
1.210000000000000142e+02 5.160571896230167210e-01
1.219999999999999858e+02 5.309270421612984903e-01
1.230000000000000000e+02 5.456352066739342810e-01
1.240000000000000000e+02 5.601771996926970809e-01
1.250000000000000142e+02 5.745485888266662622e-01
1.259999999999999858e+02 5.887449946901258668e-01
1.270000000000000142e+02 6.027620903300290323e-01
1.280000000000000000e+02 6.165956042509256330e-01
1.290000000000000000e+02 6.302413211649217084e-01
1.300000000000000000e+02 6.436950824586232800e-01
1.310000000000000000e+02 6.569527890735543663e-01
1.320000000000000000e+02 6.700104010490158801e-01
1.330000000000000000e+02 6.828639400745420973e-01
1.340000000000000000e+02 6.955094896508651203e-01
1.350000000000000000e+02 7.079431967811642412e-01
1.360000000000000284e+02 7.201612736270193160e-01
1.370000000000000000e+02 7.321599969689065457e-01
1.380000000000000000e+02 7.439357115962725864e-01
1.390000000000000000e+02 7.554848297895135900e-01
1.400000000000000000e+02 7.668038326055781617e-01
1.410000000000000000e+02 7.778892724559438587e-01
1.420000000000000000e+02 7.887377712870571322e-01
1.430000000000000000e+02 7.993460240767626956e-01
1.440000000000000000e+02 8.097107993867946885e-01
1.450000000000000000e+02 8.198289398313881593e-01
1.460000000000000000e+02 8.296973621503788143e-01
1.470000000000000000e+02 8.393130604508689530e-01
1.480000000000000000e+02 8.486731054279770259e-01
1.490000000000000000e+02 8.577746454924370934e-01
1.500000000000000000e+02 8.666149077705105341e-01
1.510000000000000000e+02 8.751911995111468778e-01
1.520000000000000284e+02 8.835009074687933950e-01
1.530000000000000000e+02 8.915415008962594978e-01
1.540000000000000000e+02 8.993105301862966972e-01
1.550000000000000000e+02 9.068056281415286524e-01
1.559999999999999716e+02 9.140245118090187804e-01
1.570000000000000000e+02 9.209649824286751940e-01
1.580000000000000000e+02 9.276249250783142886e-01
1.590000000000000284e+02 9.340023111442675718e-01
1.600000000000000000e+02 9.400951979608480613e-01
1.610000000000000000e+02 9.459017293474529797e-01
1.620000000000000000e+02 9.514201364912404646e-01
1.630000000000000284e+02 9.566487383436580449e-01
1.640000000000000000e+02 9.615859421610974955e-01
1.650000000000000000e+02 9.662302438400837135e-01
1.660000000000000000e+02 9.705802286101272713e-01
1.670000000000000000e+02 9.746345708967284471e-01
1.680000000000000000e+02 9.783920366052341056e-01
1.690000000000000000e+02 9.818514804261007090e-01
1.700000000000000284e+02 9.850118486563284037e-01
1.710000000000000000e+02 9.878721788390303349e-01
1.720000000000000000e+02 9.904315988270908644e-01
1.730000000000000000e+02 9.926893297162823204e-01
1.740000000000000000e+02 9.946446836783684464e-01
1.750000000000000000e+02 9.962970647364275401e-01
1.760000000000000000e+02 9.976459697487700673e-01
1.770000000000000000e+02 9.986909880283347807e-01
1.780000000000000000e+02 9.994318005564214458e-01
1.790000000000000000e+02 9.998681820038256562e-01
1.800000000000000000e+02 1.000000000000000000e+00
1.810000000000000000e+02 9.998272136416247458e-01
1.820000000000000000e+02 9.993498758717985764e-01
1.830000000000000000e+02 9.985681320150335827e-01
1.840000000000000000e+02 9.974822200463604460e-01
1.849999999999999716e+02 9.960924707142768675e-01
1.860000000000000284e+02 9.943993084167986884e-01
1.870000000000000284e+02 9.924032472334797239e-01
1.880000000000000000e+02 9.901048966490333392e-01
1.890000000000000000e+02 9.875049564847477868e-01
1.900000000000000000e+02 9.846042179544735040e-01
1.910000000000000000e+02 9.814035656969993804e-01
1.920000000000000000e+02 9.779039741329396129e-01
1.930000000000000000e+02 9.741065097003038797e-01
1.940000000000000000e+02 9.700123288739691541e-01
1.950000000000000284e+02 9.656226788838802033e-01
1.959999999999999716e+02 9.609388974019332785e-01
1.970000000000000284e+02 9.559624103050107236e-01
1.980000000000000284e+02 9.506947347447417540e-01
1.990000000000000000e+02 9.451374745830593005e-01
2.000000000000000000e+02 9.392923230582299610e-01
2.010000000000000000e+02 9.331610608986782296e-01
2.020000000000000000e+02 9.267455558030235352e-01
2.030000000000000000e+02 9.200477616274815862e-01
2.040000000000000000e+02 9.130697191669141510e-01
2.050000000000000000e+02 9.058135544221965763e-01
2.060000000000000284e+02 8.982814771866843850e-01
2.069999999999999716e+02 8.904757829291221061e-01
2.080000000000000284e+02 8.823988488475376091e-01
2.090000000000000284e+02 8.740531357427355763e-01
2.100000000000000000e+02 8.654411857744405134e-01
2.110000000000000000e+02 8.565656226925038030e-01
2.120000000000000000e+02 8.474291503219013588e-01
2.130000000000000000e+02 8.380345519490458583e-01
2.140000000000000000e+02 8.283846896366796608e-01
2.150000000000000000e+02 8.184825028931623780e-01
2.160000000000000000e+02 8.083310090063280384e-01
2.170000000000000284e+02 7.979333000762552919e-01
2.179999999999999716e+02 7.872925438655306030e-01
2.190000000000000284e+02 7.764119820293104990e-01
2.200000000000000284e+02 7.652949297103638360e-01
2.210000000000000000e+02 7.539447737249982406e-01
2.220000000000000000e+02 7.423649715001805482e-01
2.230000000000000000e+02 7.305590516169800930e-01
2.240000000000000000e+02 7.185306105467285098e-01
2.250000000000000000e+02 7.062833134987657191e-01
2.260000000000000000e+02 6.938208909900602794e-01
2.270000000000000000e+02 6.811471409106619745e-01
2.280000000000000284e+02 6.682659244822358735e-01
2.290000000000000000e+02 6.551811663006491537e-01
2.299999999999999716e+02 6.418968538758008657e-01
2.309999999999999716e+02 6.284170341198286325e-01
2.320000000000000284e+02 6.147458148326879757e-01
2.330000000000000000e+02 6.008873624098833854e-01
2.340000000000000000e+02 5.868458993698371096e-01
2.350000000000000000e+02 5.726257050976054641e-01
2.360000000000000284e+02 5.582311133663383496e-01
2.370000000000000000e+02 5.436665108244901345e-01
2.380000000000000000e+02 5.289363372729367629e-01
2.390000000000000000e+02 5.140450822099679185e-01
2.400000000000000000e+02 4.989972848606473721e-01
2.410000000000000284e+02 4.837975332569897091e-01
2.420000000000000284e+02 4.684504614480753948e-01
2.430000000000000284e+02 4.529607495349132207e-01
2.439999999999999716e+02 4.373331213318222277e-01
2.450000000000000000e+02 4.215723441525796589e-01
2.460000000000000000e+02 4.056832263693359586e-01
2.470000000000000000e+02 3.896706173363651549e-01
2.480000000000000000e+02 3.735394052734222758e-01
2.490000000000000000e+02 3.572945166689356911e-01
2.500000000000000284e+02 3.409409153183001751e-01
2.510000000000000284e+02 3.244836010591087838e-01
2.519999999999999716e+02 3.079276095993754292e-01
2.529999999999999716e+02 2.912780121918236431e-01
2.540000000000000284e+02 2.745399149507231629e-01
2.550000000000000000e+02 2.577184608877710059e-01
2.560000000000000000e+02 2.408188305722190059e-01
2.570000000000000000e+02 2.238462458988887405e-01
2.580000000000000000e+02 2.068059756730838417e-01
2.590000000000000568e+02 1.897033453618547361e-01
2.600000000000000000e+02 1.725437533719937078e-01
2.610000000000000000e+02 1.553326996773850555e-01
2.620000000000000000e+02 1.380758370099242904e-01
2.630000000000000000e+02 1.207790678948046786e-01
2.640000000000000000e+02 1.034487406668456039e-01
2.650000000000000000e+02 8.609208639972180943e-02
2.660000000000000000e+02 6.871832006660717751e-02
2.669999999999999432e+02 5.134198454221951952e-02
2.680000000000000000e+02 3.399653888940616653e-02
2.690000000000000000e+02 1.683171973692394047e-02
2.700000000000000000e+02 4.437198615392991610e-03
2.710000000000000000e+02 1.911103504677815271e-02
2.720000000000000568e+02 3.632512334822324968e-02
2.730000000000000568e+02 5.367843943170693549e-02
2.740000000000000000e+02 7.105567957945203850e-02
2.750000000000000000e+02 8.842781232245049139e-02
2.760000000000000000e+02 1.057813997841072357e-01
2.770000000000000000e+02 1.231076078415091479e-01
2.780000000000000000e+02 1.403993662550622468e-01
2.790000000000000000e+02 1.576504041715997284e-01
2.800000000000000000e+02 1.748548611445817358e-01
2.810000000000000568e+02 1.920071092220115572e-01
2.820000000000000000e+02 2.091016644506910327e-01
2.830000000000000000e+02 2.261331393934756795e-01
2.840000000000000000e+02 2.430962171665725091e-01
2.850000000000000000e+02 2.599856357890280023e-01
2.860000000000000000e+02 2.767961788199228557e-01
2.870000000000000000e+02 2.935226712293657614e-01
2.880000000000000000e+02 3.101599750413592815e-01
2.890000000000000000e+02 3.267029885460767669e-01
2.900000000000000000e+02 3.431466455859085163e-01
2.910000000000000000e+02 3.594859151840847922e-01
2.920000000000000000e+02 3.757158021868753361e-01
2.930000000000000000e+02 3.918313478973535213e-01
2.940000000000000000e+02 4.078276310126171533e-01
2.950000000000000568e+02 4.236997680256182619e-01
2.960000000000000000e+02 4.394429154537924376e-01
2.970000000000000000e+02 4.550522701574526985e-01
2.980000000000000000e+02 4.705230708730681610e-01
2.990000000000000000e+02 4.858505992502730186e-01
3.000000000000000000e+02 5.010301815244453394e-01
3.010000000000000000e+02 5.160571895070941162e-01
3.020000000000000000e+02 5.309270421901838288e-01
3.030000000000000000e+02 5.456352064807515889e-01
3.040000000000000568e+02 5.601771996576044854e-01
3.050000000000000000e+02 5.745485888395794882e-01
3.060000000000000000e+02 5.887449946970586545e-01
3.070000000000000000e+02 6.027620903156968302e-01
3.080000000000000000e+02 6.165956041464492055e-01
3.090000000000000000e+02 6.302413210608719396e-01
3.100000000000000000e+02 6.436950823906670838e-01
3.110000000000000000e+02 6.569527890158386452e-01
3.119999999999999432e+02 6.700104009996306065e-01
3.130000000000000000e+02 6.828639401031176837e-01
3.140000000000000000e+02 6.955094896978595287e-01
3.150000000000000000e+02 7.079431968533207442e-01
3.160000000000000000e+02 7.201612734110625080e-01
3.170000000000000568e+02 7.321599969409940956e-01
3.180000000000000568e+02 7.439357114880830180e-01
3.190000000000000000e+02 7.554848297634482179e-01
3.200000000000000000e+02 7.668038326801022153e-01
3.210000000000000000e+02 7.778892723417214494e-01
3.220000000000000000e+02 7.887377710440605094e-01
3.230000000000000000e+02 7.993460240030457742e-01
3.240000000000000000e+02 8.097107993867946885e-01
3.250000000000000000e+02 8.198289397928273381e-01
3.260000000000000568e+02 8.296973620784136028e-01
3.270000000000000000e+02 8.393130606035272834e-01
3.280000000000000000e+02 8.486731054279770259e-01
3.290000000000000000e+02 8.577746453730975551e-01
3.300000000000000000e+02 8.666149079530062194e-01
3.310000000000000000e+02 8.751911995175378767e-01
3.320000000000000000e+02 8.835009078007614036e-01
3.330000000000000000e+02 8.915415008962594978e-01
3.340000000000000000e+02 8.993105303794208805e-01
3.350000000000000000e+02 9.068056283837689913e-01
3.360000000000000000e+02 9.140245118981501493e-01
3.370000000000000000e+02 9.209649823326027107e-01
3.380000000000000000e+02 9.276249250783142886e-01
3.390000000000000000e+02 9.340023111225068675e-01
3.400000000000000568e+02 9.400951977433651408e-01
3.410000000000000000e+02 9.459017293474529797e-01
3.420000000000000000e+02 9.514201364912404646e-01
3.430000000000000000e+02 9.566487382299770914e-01
3.440000000000000000e+02 9.615859421610974955e-01
3.450000000000000000e+02 9.662302436421021934e-01
3.460000000000000000e+02 9.705802286101272713e-01
3.470000000000000000e+02 9.746345708967284471e-01
3.480000000000000000e+02 9.783920364563299943e-01
3.490000000000000568e+02 9.818514804261007090e-01
3.500000000000000000e+02 9.850118486563284037e-01
3.510000000000000000e+02 9.878721788390303349e-01
3.520000000000000000e+02 9.904315989540930509e-01
3.530000000000000000e+02 9.926893295968955977e-01
3.540000000000000000e+02 9.946446836783684464e-01
3.550000000000000000e+02 9.962970647364275401e-01
3.560000000000000000e+02 9.976459697487700673e-01
3.569999999999999432e+02 9.986909880283347807e-01
3.580000000000000000e+02 9.994318005564214458e-01
3.590000000000000000e+02 9.998681820038256562e-01
3.600000000000000000e+02 1.000000000000000000e+00
