0.000000000000000000e+00 1.000000000000000000e+00
1.000000000000000000e+00 9.997502224656528158e-01
2.000000000000000000e+00 9.994600893803655683e-01
3.000000000000000000e+00 9.987386038049701487e-01
4.000000000000000000e+00 9.977325264459239174e-01
5.000000000000000000e+00 9.964987083398694212e-01
6.000000000000000000e+00 9.948502210771464904e-01
7.000000000000000000e+00 9.929480917419698516e-01
8.000000000000000000e+00 9.906774716162580763e-01
9.000000000000000000e+00 9.882049176953064951e-01
1.000000000000000000e+01 9.853606674466605098e-01
1.100000000000000000e+01 9.822012831221327289e-01
1.200000000000000000e+01 9.788317572476530337e-01
1.300000000000000178e+01 9.751272365436308709e-01
1.400000000000000000e+01 9.711576908907757488e-01
1.500000000000000000e+01 9.667922145920895272e-01
1.600000000000000000e+01 9.622566074393535951e-01
1.700000000000000355e+01 9.573512746284735808e-01
1.800000000000000000e+01 9.521284849629073621e-01
1.900000000000000355e+01 9.466557407838932514e-01
2.000000000000000000e+01 9.408339763585895632e-01
2.100000000000000000e+01 9.348695333928839224e-01
2.200000000000000000e+01 9.284558088575384227e-01
2.300000000000000000e+01 9.218465989347018885e-01
2.400000000000000000e+01 9.149347141461744437e-01
2.500000000000000000e+01 9.078094327562895582e-01
2.600000000000000355e+01 9.003368328328211767e-01
2.700000000000000000e+01 8.925972564651597496e-01
2.800000000000000000e+01 8.845559341443157697e-01
2.900000000000000355e+01 8.763716974517196112e-01
3.000000000000000000e+01 8.677571342829226708e-01
3.100000000000000000e+01 8.589566160793269400e-01
3.200000000000000000e+01 8.498795240388264949e-01
3.300000000000000000e+01 8.405664801377519257e-01
3.400000000000000711e+01 8.310147683680304542e-01
3.500000000000000000e+01 8.211542518224672627e-01
3.600000000000000000e+01 8.111020076047550376e-01
3.700000000000000000e+01 8.007355310813747407e-01
3.800000000000000711e+01 7.901347331193034895e-01
3.899999999999999289e+01 7.793879930199005823e-01
4.000000000000000000e+01 7.683170265391261466e-01
4.100000000000000000e+01 7.570504774804320824e-01
4.200000000000000000e+01 7.455984344703454614e-01
4.300000000000000000e+01 7.337831715740601446e-01
4.400000000000000000e+01 7.218535629712715673e-01
4.500000000000000000e+01 7.096324634732176229e-01
4.600000000000000000e+01 6.972593343544526423e-01
4.700000000000000000e+01 6.846079374287383779e-01
4.800000000000000000e+01 6.718372078613884524e-01
4.899999999999999289e+01 6.588066294532837208e-01
5.000000000000000000e+01 6.455978791277056095e-01
5.100000000000000000e+01 6.321629897847160784e-01
5.200000000000000711e+01 6.185093040325239100e-01
5.300000000000000000e+01 6.048169752925628417e-01
5.400000000000000000e+01 5.907273679839167846e-01
5.500000000000000711e+01 5.766023337195445020e-01
5.600000000000000000e+01 5.622603240533250446e-01
5.700000000000000711e+01 5.477271397314857904e-01
5.800000000000000711e+01 5.330697882176756996e-01
5.900000000000000711e+01 5.182321459423208099e-01
6.000000000000000000e+01 5.032588832794407940e-01
6.099999999999999289e+01 4.880897895707878020e-01
6.200000000000000000e+01 4.728152871174418626e-01
6.299999999999999289e+01 4.573728663710766584e-01
6.400000000000000000e+01 4.418122139748688615e-01
6.500000000000000000e+01 4.260739294911005115e-01
6.600000000000000000e+01 4.102761686411827147e-01
6.700000000000000000e+01 3.942818435750750639e-01
6.800000000000001421e+01 3.782231565048577160e-01
6.900000000000000000e+01 3.620107332664692090e-01
7.000000000000000000e+01 3.457205989377933886e-01
7.100000000000000000e+01 3.293241611889430875e-01
7.200000000000000000e+01 3.128128989285177131e-01
7.300000000000000000e+01 2.962356972515015618e-01
7.400000000000000000e+01 2.795447275464865711e-01
7.500000000000000000e+01 2.627878577232340418e-01
7.600000000000001421e+01 2.459826752272311901e-01
7.700000000000000000e+01 2.290607237316607259e-01
7.799999999999998579e+01 2.120973207333214650e-01
7.900000000000000000e+01 1.950897046091008558e-01
8.000000000000000000e+01 1.780143327021891098e-01
8.100000000000000000e+01 1.609388149573202365e-01
8.200000000000000000e+01 1.438199531265133557e-01
8.300000000000000000e+01 1.267134916782916010e-01
8.400000000000000000e+01 1.095975794252715130e-01
8.500000000000001421e+01 9.253817416490117687e-02
8.600000000000000000e+01 7.560206919674002102e-02
8.700000000000000000e+01 5.889787073640068843e-02
8.800000000000000000e+01 4.275841983286216702e-02
8.900000000000000000e+01 2.818488828267549928e-02
9.000000000000000000e+01 1.920533481110685975e-02
9.100000000000000000e+01 2.350051804088359314e-02
9.200000000000000000e+01 3.665997707188008853e-02
9.300000000000001421e+01 5.238044424736588989e-02
9.400000000000000000e+01 6.891915263111889067e-02
9.500000000000000000e+01 8.577682547053669393e-02
9.600000000000000000e+01 1.027952874498287428e-01
9.700000000000000000e+01 1.198888839602833684e-01
9.799999999999998579e+01 1.370149417876113107e-01
9.900000000000001421e+01 1.541322618147972501e-01
1.000000000000000000e+02 1.712328196684022863e-01
1.010000000000000000e+02 1.883105883662411217e-01
1.020000000000000000e+02 2.053358086612233346e-01
1.030000000000000142e+02 2.223138700010369173e-01
1.040000000000000142e+02 2.392551107286196854e-01
1.050000000000000000e+02 2.560943326452234103e-01
1.060000000000000000e+02 2.729017437730524853e-01
1.070000000000000000e+02 2.895913110176706051e-01
1.080000000000000000e+02 3.062433380466097477e-01
1.089999999999999858e+02 3.227660083388887990e-01
1.100000000000000142e+02 3.391939516088743889e-01
1.110000000000000000e+02 3.555216598202797229e-01
1.120000000000000000e+02 3.717792596081945788e-01
1.130000000000000000e+02 3.878943548079227810e-01
1.140000000000000142e+02 4.039266093017545578e-01
1.149999999999999858e+02 4.198240030468343154e-01
1.160000000000000142e+02 4.355569968857816998e-01
1.170000000000000000e+02 4.511815671700488140e-01
1.180000000000000142e+02 4.667128646558066918e-01
1.190000000000000000e+02 4.820479869742584356e-01
1.200000000000000000e+02 4.972363942314260710e-01
1.210000000000000142e+02 5.122866910603193213e-01
1.219999999999999858e+02 5.271883487979154292e-01
1.230000000000000000e+02 5.419337150683967153e-01
1.240000000000000000e+02 5.565377714147514698e-01
1.250000000000000142e+02 5.709494110152020241e-01
1.259999999999999858e+02 5.851475582865929281e-01
1.270000000000000142e+02 5.992160630161743606e-01
1.280000000000000000e+02 6.131174148107125799e-01
1.290000000000000000e+02 6.267909155701933965e-01
1.300000000000000000e+02 6.402798147661811212e-01
1.310000000000000000e+02 6.535591077875169130e-01
1.320000000000000000e+02 6.666355004276751650e-01
1.330000000000000000e+02 6.796078667935591122e-01
1.340000000000000000e+02 6.922543944543944061e-01
1.350000000000000000e+02 7.047415213692334035e-01
1.360000000000000284e+02 7.170301252610928877e-01
1.370000000000000000e+02 7.290942152484077843e-01
1.380000000000000000e+02 7.408649061283597570e-01
1.390000000000000000e+02 7.525108562443165727e-01
1.400000000000000000e+02 7.638562265053030487e-01
1.410000000000000000e+02 7.750584941736184952e-01
1.420000000000000000e+02 7.858614507479442235e-01
1.430000000000000000e+02 7.965664605495216266e-01
1.440000000000000000e+02 8.070140993037421273e-01
1.450000000000000000e+02 8.171424493938778122e-01
1.460000000000000000e+02 8.271266479389615123e-01
1.470000000000000000e+02 8.367613933130864101e-01
1.480000000000000000e+02 8.462528272385202444e-01
1.490000000000000000e+02 8.553499312698841228e-01
1.500000000000000000e+02 8.643458734924975850e-01
1.510000000000000000e+02 8.729469484145899738e-01
1.520000000000000284e+02 8.813498577094980302e-01
1.530000000000000000e+02 8.893696050089763272e-01
1.540000000000000000e+02 8.972310935474814286e-01
1.550000000000000000e+02 9.048833925431193359e-01
1.559999999999999716e+02 9.121607712834666204e-01
1.570000000000000000e+02 9.191359410061844537e-01
1.580000000000000000e+02 9.258884372902508320e-01
1.590000000000000284e+02 9.322180898515746161e-01
1.600000000000000000e+02 9.384459551645243369e-01
1.610000000000000000e+02 9.443473723574031808e-01
1.620000000000000000e+02 9.498661306554386785e-01
1.630000000000000284e+02 9.552969066138388143e-01
1.640000000000000000e+02 9.603019757352210251e-01
1.650000000000000000e+02 9.650099689039430828e-01
1.660000000000000000e+02 9.693631927942748527e-01
1.670000000000000000e+02 9.736211276533874859e-01
1.680000000000000000e+02 9.774112968994179695e-01
1.690000000000000000e+02 9.808750924758524725e-01
1.700000000000000284e+02 9.841317962036686406e-01
1.710000000000000000e+02 9.871576418684382404e-01
1.720000000000000000e+02 9.897101218058276251e-01
1.730000000000000000e+02 9.921096545348859763e-01
1.740000000000000000e+02 9.941272875375235518e-01
1.750000000000000000e+02 9.958961386971995067e-01
1.760000000000000000e+02 9.972619518024649077e-01
1.770000000000000000e+02 9.984202870926823792e-01
1.780000000000000000e+02 9.992644829848469357e-01
1.790000000000000000e+02 9.997588145091074185e-01
1.800000000000000000e+02 1.000000000000000000e+00
1.810000000000000000e+02 9.997502224656528158e-01
1.820000000000000000e+02 9.994600893803655683e-01
1.830000000000000000e+02 9.987386038049701487e-01
1.840000000000000000e+02 9.977325264459239174e-01
1.849999999999999716e+02 9.964987083398694212e-01
1.860000000000000284e+02 9.948502210771464904e-01
1.870000000000000284e+02 9.929590069591301971e-01
1.880000000000000000e+02 9.907486456779229789e-01
1.890000000000000000e+02 9.882049176953064951e-01
1.900000000000000000e+02 9.853606674466605098e-01
1.910000000000000000e+02 9.822012831221327289e-01
1.920000000000000000e+02 9.788292472547464040e-01
1.930000000000000000e+02 9.751272365436308709e-01
1.940000000000000000e+02 9.711576908907757488e-01
1.950000000000000284e+02 9.667922145920895272e-01
1.959999999999999716e+02 9.622566074393535951e-01
1.970000000000000284e+02 9.573512746284735808e-01
1.980000000000000284e+02 9.522562669918563927e-01
1.990000000000000000e+02 9.466711710844433192e-01
2.000000000000000000e+02 9.408339763585895632e-01
2.010000000000000000e+02 9.348695333928839224e-01
2.020000000000000000e+02 9.284558088575384227e-01
2.030000000000000000e+02 9.218465989347018885e-01
2.040000000000000000e+02 9.149347141461744437e-01
2.050000000000000000e+02 9.077485174470730778e-01
2.060000000000000284e+02 9.003358984056041292e-01
2.069999999999999716e+02 8.925972564651597496e-01
2.080000000000000284e+02 8.845154013777762891e-01
2.090000000000000284e+02 8.763633093273186514e-01
2.100000000000000000e+02 8.677429860153499375e-01
2.110000000000000000e+02 8.589566160793269400e-01
2.120000000000000000e+02 8.499004377713190728e-01
2.130000000000000000e+02 8.405664801377519257e-01
2.140000000000000000e+02 8.310217967703883435e-01
2.150000000000000000e+02 8.211542518224672627e-01
2.160000000000000000e+02 8.111068465231279223e-01
2.170000000000000284e+02 8.007355310813747407e-01
2.179999999999999716e+02 7.901816859135973869e-01
2.190000000000000284e+02 7.794226933769167198e-01
2.200000000000000284e+02 7.683170265391261466e-01
2.210000000000000000e+02 7.570125312053928024e-01
2.220000000000000000e+02 7.455984344703454614e-01
2.230000000000000000e+02 7.338002470098576868e-01
2.240000000000000000e+02 7.218631663713160895e-01
2.250000000000000000e+02 7.096235853283198169e-01
2.260000000000000000e+02 6.972593343544526423e-01
2.270000000000000000e+02 6.846447783692803934e-01
2.280000000000000284e+02 6.718347702491485052e-01
2.290000000000000000e+02 6.588066294532837208e-01
2.299999999999999716e+02 6.456012744365736689e-01
2.309999999999999716e+02 6.321083490773776736e-01
2.320000000000000284e+02 6.185257457787153301e-01
2.330000000000000000e+02 6.047768543846964162e-01
2.340000000000000000e+02 5.907498972511617819e-01
2.350000000000000000e+02 5.765780034450866953e-01
2.360000000000000284e+02 5.622902666918693226e-01
2.370000000000000000e+02 5.477446995399791740e-01
2.380000000000000000e+02 5.330812254059414945e-01
2.390000000000000000e+02 5.182659426857328944e-01
2.400000000000000000e+02 5.032808838951198238e-01
2.410000000000000284e+02 4.880595139683454597e-01
2.420000000000000284e+02 4.728063544372577698e-01
2.430000000000000284e+02 4.573565767817521222e-01
2.439999999999999716e+02 4.417996027710542339e-01
2.450000000000000000e+02 4.261067959657403037e-01
2.460000000000000000e+02 4.102694300907181457e-01
2.470000000000000000e+02 3.942828611750095469e-01
2.480000000000000000e+02 3.782108915730962861e-01
2.490000000000000000e+02 3.620246597421811208e-01
2.500000000000000284e+02 3.457025115264909521e-01
2.510000000000000284e+02 3.293032875153401595e-01
2.519999999999999716e+02 3.127959140704048568e-01
2.529999999999999716e+02 2.962244394325443952e-01
2.540000000000000284e+02 2.795690886703752764e-01
2.550000000000000000e+02 2.627899696722101330e-01
2.560000000000000000e+02 2.459820552284794626e-01
2.570000000000000000e+02 2.290493900401582850e-01
2.580000000000000000e+02 2.121137270348687209e-01
2.590000000000000568e+02 1.950866378987994310e-01
2.600000000000000000e+02 1.780152649270830278e-01
2.610000000000000000e+02 1.609366395129619154e-01
2.620000000000000000e+02 1.438267289299743068e-01
2.630000000000000000e+02 1.267090604515094809e-01
2.640000000000000000e+02 1.095966423176141236e-01
2.650000000000000000e+02 9.253916728484276599e-02
2.660000000000000000e+02 7.559963179092178687e-02
2.669999999999999432e+02 5.889927037539129800e-02
2.680000000000000000e+02 4.275748891762096160e-02
2.690000000000000000e+02 2.818479659521389707e-02
2.700000000000000000e+02 1.920533578889276755e-02
2.710000000000000000e+02 2.349895859576274157e-02
2.720000000000000568e+02 3.666250490410810636e-02
2.730000000000000568e+02 5.238209138081510730e-02
2.740000000000000000e+02 6.891727112040718639e-02
2.750000000000000000e+02 8.578201268238462573e-02
2.760000000000000000e+02 1.028030469629891142e-01
2.770000000000000000e+02 1.198905907914230018e-01
2.780000000000000000e+02 1.370220217700581222e-01
2.790000000000000000e+02 1.541270868146329409e-01
2.800000000000000000e+02 1.712232567574147601e-01
2.810000000000000568e+02 1.883131202091859746e-01
2.820000000000000000e+02 2.053383976354912765e-01
2.830000000000000000e+02 2.223316297376790873e-01
2.840000000000000000e+02 2.392424508513254222e-01
2.850000000000000000e+02 2.560801105242881404e-01
2.860000000000000000e+02 2.729123679293273819e-01
2.870000000000000000e+02 2.895915753633378498e-01
2.880000000000000000e+02 3.062213808572227247e-01
2.890000000000000000e+02 3.227737389455758721e-01
2.900000000000000000e+02 3.392052714524093626e-01
2.910000000000000000e+02 3.555322809366814885e-01
2.920000000000000000e+02 3.717848207978968755e-01
2.930000000000000000e+02 3.879043918479347375e-01
2.940000000000000000e+02 4.039206603522565997e-01
2.950000000000000568e+02 4.197867003664426666e-01
2.960000000000000000e+02 4.355799180861703590e-01
2.970000000000000000e+02 4.511782807079804392e-01
2.980000000000000000e+02 4.666928869170850480e-01
2.990000000000000000e+02 4.820787027883529086e-01
3.000000000000000000e+02 4.972657914105644283e-01
3.010000000000000000e+02 5.123257910397729376e-01
3.020000000000000000e+02 5.271779586492796321e-01
3.030000000000000000e+02 5.419102621054094904e-01
3.040000000000000568e+02 5.565267381973864058e-01
3.050000000000000000e+02 5.709391848240730205e-01
3.060000000000000000e+02 5.851576581704608371e-01
3.070000000000000000e+02 5.991843772018947689e-01
3.080000000000000000e+02 6.131210978060662731e-01
3.090000000000000000e+02 6.267999740021898969e-01
3.100000000000000000e+02 6.402831986233723516e-01
3.110000000000000000e+02 6.536026896585643842e-01
3.119999999999999432e+02 6.665933980133046388e-01
3.130000000000000000e+02 6.795877050232892458e-01
3.140000000000000000e+02 6.922189457140879298e-01
3.150000000000000000e+02 7.047589358411292526e-01
3.160000000000000000e+02 7.170487098812124982e-01
3.170000000000000568e+02 7.290322770345712966e-01
3.180000000000000568e+02 7.408846188651632136e-01
3.190000000000000000e+02 7.524736998364139895e-01
3.200000000000000000e+02 7.639238419205419683e-01
3.210000000000000000e+02 7.750249510088089711e-01
3.220000000000000000e+02 7.859471022166003573e-01
3.230000000000000000e+02 7.965558542380841711e-01
3.240000000000000000e+02 8.070140993037421273e-01
3.250000000000000000e+02 8.172221151044726239e-01
3.260000000000000568e+02 8.271093615671809562e-01
3.270000000000000000e+02 8.367953686602749297e-01
3.280000000000000000e+02 8.462528272385202444e-01
3.290000000000000000e+02 8.553573846828881333e-01
3.300000000000000000e+02 8.642514382194024236e-01
3.310000000000000000e+02 8.729756612522151515e-01
3.320000000000000000e+02 8.813391795874511159e-01
3.330000000000000000e+02 8.893696050089763272e-01
3.340000000000000000e+02 8.972773313874369272e-01
3.350000000000000000e+02 9.048010763930013356e-01
3.360000000000000000e+02 9.121420433419509255e-01
3.370000000000000000e+02 9.191854309813601853e-01
3.380000000000000000e+02 9.258884372902508320e-01
3.390000000000000000e+02 9.322529589248844673e-01
3.400000000000000568e+02 9.385207992742340410e-01
3.410000000000000000e+02 9.443473723574031808e-01
3.420000000000000000e+02 9.498661306554386785e-01
3.430000000000000000e+02 9.553077131817307999e-01
3.440000000000000000e+02 9.603019757352210251e-01
3.450000000000000000e+02 9.650404403404742038e-01
3.460000000000000000e+02 9.693631927942748527e-01
3.470000000000000000e+02 9.736211276533874859e-01
3.480000000000000000e+02 9.773224941403150234e-01
3.490000000000000568e+02 9.808750924758524725e-01
3.500000000000000000e+02 9.841317962036686406e-01
3.510000000000000000e+02 9.871576418684382404e-01
3.520000000000000000e+02 9.897588262962668804e-01
3.530000000000000000e+02 9.921114352845402662e-01
3.540000000000000000e+02 9.941272875375235518e-01
3.550000000000000000e+02 9.958961386971995067e-01
3.560000000000000000e+02 9.972619518024649077e-01
3.569999999999999432e+02 9.984202870926823792e-01
3.580000000000000000e+02 9.992644829848469357e-01
3.590000000000000000e+02 9.997588145091074185e-01
3.600000000000000000e+02 1.000000000000000000e+00
