0.000000000000000000e+00 1.000000000000000000e+00
1.000000000000000000e+00 9.998406156175779769e-01
2.000000000000000000e+00 9.993653233626061949e-01
3.000000000000000000e+00 9.985828546913574355e-01
4.000000000000000000e+00 9.975039610156871683e-01
5.000000000000000000e+00 9.961172410893753826e-01
6.000000000000000000e+00 9.944313286372642446e-01
7.000000000000000000e+00 9.924387351546279934e-01
8.000000000000000000e+00 9.901461853933373192e-01
9.000000000000000000e+00 9.875452727093808614e-01
1.000000000000000000e+01 9.846491559877097455e-01
1.100000000000000000e+01 9.814594824963381869e-01
1.200000000000000000e+01 9.779614796840288005e-01
1.300000000000000178e+01 9.741738211790076374e-01
1.400000000000000000e+01 9.700830989539844795e-01
1.500000000000000000e+01 9.656922163541491466e-01
1.600000000000000000e+01 9.610096344637649723e-01
1.700000000000000355e+01 9.560430702657698454e-01
1.800000000000000000e+01 9.507695662488707677e-01
1.900000000000000355e+01 9.452221728369325504e-01
2.000000000000000000e+01 9.393746670062198545e-01
2.100000000000000000e+01 9.332524957565370149e-01
2.200000000000000000e+01 9.268448521922020289e-01
2.300000000000000000e+01 9.201491269789580096e-01
2.400000000000000000e+01 9.131780494958349204e-01
2.500000000000000000e+01 9.059244256827351238e-01
2.600000000000000355e+01 8.983970027935429536e-01
2.700000000000000000e+01 8.905885919174818532e-01
2.800000000000000000e+01 8.825178682994240242e-01
2.900000000000000355e+01 8.741764718347929675e-01
3.000000000000000000e+01 8.655703305760413802e-01
3.100000000000000000e+01 8.566964750500141168e-01
3.200000000000000000e+01 8.475656352276086380e-01
3.300000000000000000e+01 8.381725761296267008e-01
3.400000000000000711e+01 8.285255159440114703e-01
3.500000000000000000e+01 8.186266129861147212e-01
3.600000000000000000e+01 8.084771171436109238e-01
3.700000000000000000e+01 7.980839009786779847e-01
3.800000000000000711e+01 7.874459045309964988e-01
3.899999999999999289e+01 7.765683202206978830e-01
4.000000000000000000e+01 7.654542628286336026e-01
4.100000000000000000e+01 7.541122253508666384e-01
4.200000000000000000e+01 7.425313576338133936e-01
4.300000000000000000e+01 7.307293266092589334e-01
4.400000000000000000e+01 7.187042376423281587e-01
4.500000000000000000e+01 7.064570063914488163e-01
4.600000000000000000e+01 6.939934287149203129e-01
4.700000000000000000e+01 6.813306528479816659e-01
4.800000000000000000e+01 6.684493667724339394e-01
4.899999999999999289e+01 6.553628968693967494e-01
5.000000000000000000e+01 6.420846322494005998e-01
5.100000000000000000e+01 6.286073164793513079e-01
5.200000000000000711e+01 6.149377635228954198e-01
5.300000000000000000e+01 6.010816781784480423e-01
5.400000000000000000e+01 5.870422133738499859e-01
5.500000000000000711e+01 5.728227763656903448e-01
5.600000000000000000e+01 5.584296662860874783e-01
5.700000000000000711e+01 5.438690028652405362e-01
5.800000000000000711e+01 5.291417056091700655e-01
5.900000000000000711e+01 5.142489266640393186e-01
6.000000000000000000e+01 4.992034725823459862e-01
6.099999999999999289e+01 4.840038291679510940e-01
6.200000000000000000e+01 4.686574629551064075e-01
6.299999999999999289e+01 4.531695985915505376e-01
6.400000000000000000e+01 4.375445681617959881e-01
6.500000000000000000e+01 4.217844409699084696e-01
6.600000000000000000e+01 4.058964570204678379e-01
6.700000000000000000e+01 3.898826872909818553e-01
6.800000000000001421e+01 3.737541615245458249e-01
6.900000000000000000e+01 3.575075190184131557e-01
7.000000000000000000e+01 3.411550375135941060e-01
7.100000000000000000e+01 3.246984340864513263e-01
7.200000000000000000e+01 3.081413866462797690e-01
7.300000000000000000e+01 2.914896057958209497e-01
7.400000000000000000e+01 2.747522361853906858e-01
7.500000000000000000e+01 2.579283122538745809e-01
7.600000000000001421e+01 2.410283628596675554e-01
7.700000000000000000e+01 2.240529491002500040e-01
7.799999999999998579e+01 2.070111933375477498e-01
7.900000000000000000e+01 1.899045521289166594e-01
8.000000000000000000e+01 1.727406715939805715e-01
8.100000000000000000e+01 1.555250473334972017e-01
8.200000000000000000e+01 1.382608002262021574e-01
8.300000000000000000e+01 1.209547732100895445e-01
8.400000000000000000e+01 1.036127875484268573e-01
8.500000000000001421e+01 8.623883858639692923e-02
8.600000000000000000e+01 6.883864664295730185e-02
8.700000000000000000e+01 5.141729840327830675e-02
8.800000000000000000e+01 3.398178175041764726e-02
8.900000000000000000e+01 1.653890036981542008e-02
9.000000000000000000e+01 1.074882111265301971e-03
9.100000000000000000e+01 1.838357291380179545e-02
9.200000000000000000e+01 3.582621090919403672e-02
9.300000000000001421e+01 5.326077525731177931e-02
9.400000000000000000e+01 7.067955050436751374e-02
9.500000000000000000e+01 8.807726616220955262e-02
9.600000000000000000e+01 1.054477870673932310e-01
9.700000000000000000e+01 1.227872550568260002e-01
9.799999999999998579e+01 1.400890586236319402e-01
9.900000000000001421e+01 1.573471754552468183e-01
1.000000000000000000e+02 1.745594510880323635e-01
1.010000000000000000e+02 1.917160231405551640e-01
1.020000000000000000e+02 2.088149478081880728e-01
1.030000000000000142e+02 2.258524927980385677e-01
1.040000000000000142e+02 2.428203960619090551e-01
1.050000000000000000e+02 2.597127695663324354e-01
1.060000000000000000e+02 2.765265924259961983e-01
1.070000000000000000e+02 2.932551120709150361e-01
1.080000000000000000e+02 3.098986294662146590e-01
1.089999999999999858e+02 3.264424010688874445e-01
1.100000000000000142e+02 3.428895058792241213e-01
1.110000000000000000e+02 3.592311745483481311e-01
1.120000000000000000e+02 3.754632638461408156e-01
1.130000000000000000e+02 3.915826789654617279e-01
1.140000000000000142e+02 4.075826283166398833e-01
1.149999999999999858e+02 4.234580378658653887e-01
1.160000000000000142e+02 4.392026151233129894e-01
1.170000000000000000e+02 4.548163865063882816e-01
1.180000000000000142e+02 4.702901471552418111e-01
1.190000000000000000e+02 4.856181517329096753e-01
1.200000000000000000e+02 5.008045052539394915e-01
1.210000000000000142e+02 5.158324353445583599e-01
1.219999999999999858e+02 5.307049097861642473e-01
1.230000000000000000e+02 5.454148393418242202e-01
1.240000000000000000e+02 5.599619370348057901e-01
1.250000000000000142e+02 5.743368506671940876e-01
1.259999999999999858e+02 5.885391632632470671e-01
1.270000000000000142e+02 6.025552422459850010e-01
1.280000000000000000e+02 6.163903911932643309e-01
1.290000000000000000e+02 6.300390107290356756e-01
1.300000000000000000e+02 6.434971514689366012e-01
1.310000000000000000e+02 6.567583871747999513e-01
1.320000000000000000e+02 6.698219345760285659e-01
1.330000000000000000e+02 6.826763869306377019e-01
1.340000000000000000e+02 6.953243895786771489e-01
1.350000000000000000e+02 7.077616032971235649e-01
1.360000000000000284e+02 7.199839521040967139e-01
1.370000000000000000e+02 7.319865644991419007e-01
1.380000000000000000e+02 7.437650771398782723e-01
1.390000000000000000e+02 7.553167265720620582e-01
1.400000000000000000e+02 7.666395876006517618e-01
1.410000000000000000e+02 7.777280026699529003e-01
1.420000000000000000e+02 7.885847122688777189e-01
1.430000000000000000e+02 7.991933957639875130e-01
1.440000000000000000e+02 8.095612281779244190e-01
1.450000000000000000e+02 8.196888727437965372e-01
1.460000000000000000e+02 8.295586328804357423e-01
1.470000000000000000e+02 8.391761820361265389e-01
1.480000000000000000e+02 8.485407051139671752e-01
1.490000000000000000e+02 8.576467190223701076e-01
1.500000000000000000e+02 8.664909496207673367e-01
1.510000000000000000e+02 8.750720242768159629e-01
1.520000000000000284e+02 8.833857274104706114e-01
1.530000000000000000e+02 8.914279871010993839e-01
1.540000000000000000e+02 8.992035665859405835e-01
1.550000000000000000e+02 9.067030269225392347e-01
1.559999999999999716e+02 9.139225457589958967e-01
1.570000000000000000e+02 9.208722560697054638e-01
1.580000000000000000e+02 9.275342257758404374e-01
1.590000000000000284e+02 9.339142723601490115e-01
1.600000000000000000e+02 9.400145777167242533e-01
1.610000000000000000e+02 9.458178393493648084e-01
1.620000000000000000e+02 9.513412184663597726e-01
1.630000000000000284e+02 9.565809868173643649e-01
1.640000000000000000e+02 9.615216466416476315e-01
1.650000000000000000e+02 9.661708895692985299e-01
1.660000000000000000e+02 9.705252736111953382e-01
1.670000000000000000e+02 9.745877237406285198e-01
1.680000000000000000e+02 9.783448025104072299e-01
1.690000000000000000e+02 9.818100028005449786e-01
1.700000000000000284e+02 9.849760870797550361e-01
1.710000000000000000e+02 9.878386390551948670e-01
1.720000000000000000e+02 9.904008336970542281e-01
1.730000000000000000e+02 9.926598957457718475e-01
1.740000000000000000e+02 9.946205895591536672e-01
1.750000000000000000e+02 9.962778203802127308e-01
1.760000000000000000e+02 9.976397237454196487e-01
1.770000000000000000e+02 9.986842651396423687e-01
1.780000000000000000e+02 9.994262594468212857e-01
1.790000000000000000e+02 9.998699853291279638e-01
1.800000000000000000e+02 1.000000000000000000e+00
1.810000000000000000e+02 9.998406156175779769e-01
1.820000000000000000e+02 9.993653233626061949e-01
1.830000000000000000e+02 9.985828546913574355e-01
1.840000000000000000e+02 9.975039610156871683e-01
1.849999999999999716e+02 9.961172410893753826e-01
1.860000000000000284e+02 9.944313286372642446e-01
1.870000000000000284e+02 9.924368317218190683e-01
1.880000000000000000e+02 9.901451771788584155e-01
1.890000000000000000e+02 9.875452727093808614e-01
1.900000000000000000e+02 9.846491559877097455e-01
1.910000000000000000e+02 9.814594824963381869e-01
1.920000000000000000e+02 9.779589402422677047e-01
1.930000000000000000e+02 9.741738211790076374e-01
1.940000000000000000e+02 9.700830989539844795e-01
1.950000000000000284e+02 9.656922163541491466e-01
1.959999999999999716e+02 9.610096344637649723e-01
1.970000000000000284e+02 9.560430702657698454e-01
1.980000000000000284e+02 9.507714953426601445e-01
1.990000000000000000e+02 9.452276391761514907e-01
2.000000000000000000e+02 9.393746670062198545e-01
2.010000000000000000e+02 9.332524957565370149e-01
2.020000000000000000e+02 9.268448521922020289e-01
2.030000000000000000e+02 9.201491269789580096e-01
2.040000000000000000e+02 9.131780494958349204e-01
2.050000000000000000e+02 9.059269268939676989e-01
2.060000000000000284e+02 8.983944408767936540e-01
2.069999999999999716e+02 8.905885919174818532e-01
2.080000000000000284e+02 8.825144460503631105e-01
2.090000000000000284e+02 8.741780364410554061e-01
2.100000000000000000e+02 8.655649163926296685e-01
2.110000000000000000e+02 8.566964750500141168e-01
2.120000000000000000e+02 8.475654373635805872e-01
2.130000000000000000e+02 8.381725761296267008e-01
2.140000000000000000e+02 8.285263953288998229e-01
2.150000000000000000e+02 8.186266129861147212e-01
2.160000000000000000e+02 8.084789095573179374e-01
2.170000000000000284e+02 7.980839009786779847e-01
2.179999999999999716e+02 7.874454835817238374e-01
2.190000000000000284e+02 7.765715983833686442e-01
2.200000000000000284e+02 7.654542628286336026e-01
2.210000000000000000e+02 7.541105356738050380e-01
2.220000000000000000e+02 7.425313576338133936e-01
2.230000000000000000e+02 7.307290127987032813e-01
2.240000000000000000e+02 7.187032001593188779e-01
2.250000000000000000e+02 7.064571481687620391e-01
2.260000000000000000e+02 6.939934287149203129e-01
2.270000000000000000e+02 6.813284023413699320e-01
2.280000000000000284e+02 6.684473320600141655e-01
2.290000000000000000e+02 6.553628968693967494e-01
2.299999999999999716e+02 6.420849001022881364e-01
2.309999999999999716e+02 6.286085157381706701e-01
2.320000000000000284e+02 6.149405575139383906e-01
2.330000000000000000e+02 6.010785346934456319e-01
2.340000000000000000e+02 5.870417638374244573e-01
2.350000000000000000e+02 5.728235081289265729e-01
2.360000000000000284e+02 5.584340699918941553e-01
2.370000000000000000e+02 5.438705659536906545e-01
2.380000000000000000e+02 5.291384042867129933e-01
2.390000000000000000e+02 5.142496053059860683e-01
2.400000000000000000e+02 4.992050781652838110e-01
2.410000000000000284e+02 4.840048023569810121e-01
2.420000000000000284e+02 4.686578522303027627e-01
2.430000000000000284e+02 4.531687172970665922e-01
2.439999999999999716e+02 4.375448377285908741e-01
2.450000000000000000e+02 4.217839223498913714e-01
2.460000000000000000e+02 4.058984125439648594e-01
2.470000000000000000e+02 3.898827060835439173e-01
2.480000000000000000e+02 3.737540356668092589e-01
2.490000000000000000e+02 3.575092934508072307e-01
2.500000000000000284e+02 3.411559359196728591e-01
2.510000000000000284e+02 3.246961504538911636e-01
2.519999999999999716e+02 3.081398730162649979e-01
2.529999999999999716e+02 2.914893725551795933e-01
2.540000000000000284e+02 2.747509096227064296e-01
2.550000000000000000e+02 2.579286880258985781e-01
2.560000000000000000e+02 2.410282092251962993e-01
2.570000000000000000e+02 2.240532592603939332e-01
2.580000000000000000e+02 2.070107701145683654e-01
2.590000000000000568e+02 1.899047573317633186e-01
2.600000000000000000e+02 1.727406983927571305e-01
2.610000000000000000e+02 1.555242736096804079e-01
2.620000000000000000e+02 1.382612258722654697e-01
2.630000000000000000e+02 1.209546922187244716e-01
2.640000000000000000e+02 1.036123369929819321e-01
2.650000000000000000e+02 8.623836018253530633e-02
2.660000000000000000e+02 6.883848650234089539e-02
2.669999999999999432e+02 5.141747366806068142e-02
2.680000000000000000e+02 3.398170774790870013e-02
2.690000000000000000e+02 1.653894279495495695e-02
2.700000000000000000e+02 1.074882046465782922e-03
2.710000000000000000e+02 1.838356149524227393e-02
2.720000000000000568e+02 3.582623233447188721e-02
2.730000000000000568e+02 5.326048586527861589e-02
2.740000000000000000e+02 7.067968208680538988e-02
2.750000000000000000e+02 8.807695253868440266e-02
2.760000000000000000e+02 1.054484184093101434e-01
2.770000000000000000e+02 1.227871084847564909e-01
2.780000000000000000e+02 1.400889789296787535e-01
2.790000000000000000e+02 1.573476549006483649e-01
2.800000000000000000e+02 1.745595448308820963e-01
2.810000000000000568e+02 1.917172555908010501e-01
2.820000000000000000e+02 2.088157375906694591e-01
2.830000000000000000e+02 2.258516452225242943e-01
2.840000000000000000e+02 2.428198806506209617e-01
2.850000000000000000e+02 2.597124140469120324e-01
2.860000000000000000e+02 2.765259999253524836e-01
2.870000000000000000e+02 2.932567127509604910e-01
2.880000000000000000e+02 3.098977851109969706e-01
2.890000000000000000e+02 3.264425796759493625e-01
2.900000000000000000e+02 3.428880267144771565e-01
2.910000000000000000e+02 3.592329199003744256e-01
2.920000000000000000e+02 3.754637468830696601e-01
2.930000000000000000e+02 3.915833919859630363e-01
2.940000000000000000e+02 4.075844218917862860e-01
2.950000000000000568e+02 4.234571858895260221e-01
2.960000000000000000e+02 4.392030082411234604e-01
2.970000000000000000e+02 4.548140242689416302e-01
2.980000000000000000e+02 4.702898893741523367e-01
2.990000000000000000e+02 4.856195287322711551e-01
3.000000000000000000e+02 5.008038618748652526e-01
3.010000000000000000e+02 5.158314484816701739e-01
3.020000000000000000e+02 5.307052350958053610e-01
3.030000000000000000e+02 5.454157958633382153e-01
3.040000000000000568e+02 5.599642568946768817e-01
3.050000000000000000e+02 5.743391104785662282e-01
3.060000000000000000e+02 5.885377215448605037e-01
3.070000000000000000e+02 6.025578177001883473e-01
3.080000000000000000e+02 6.163916118135117639e-01
3.090000000000000000e+02 6.300391279920222187e-01
3.100000000000000000e+02 6.434968309130305597e-01
3.110000000000000000e+02 6.567590067000054210e-01
3.119999999999999432e+02 6.698193920741652985e-01
3.130000000000000000e+02 6.826768018206590405e-01
3.140000000000000000e+02 6.953217210271067650e-01
3.150000000000000000e+02 7.077611093133202580e-01
3.160000000000000000e+02 7.199868302594979452e-01
3.170000000000000568e+02 7.319879102572879326e-01
3.180000000000000568e+02 7.437654468347233427e-01
3.190000000000000000e+02 7.553179521823425446e-01
3.200000000000000000e+02 7.666390000307973240e-01
3.210000000000000000e+02 7.777293509964893214e-01
3.220000000000000000e+02 7.885801478572384005e-01
3.230000000000000000e+02 7.991946993091801899e-01
3.240000000000000000e+02 8.095612281779244190e-01
3.250000000000000000e+02 8.196863228178521421e-01
3.260000000000000568e+02 8.295604116559556207e-01
3.270000000000000000e+02 8.391764052743516666e-01
3.280000000000000000e+02 8.485407051139671752e-01
3.290000000000000000e+02 8.576462701096710939e-01
3.300000000000000000e+02 8.664849118944688566e-01
3.310000000000000000e+02 8.750734714490308042e-01
3.320000000000000000e+02 8.833830636288784177e-01
3.330000000000000000e+02 8.914279871010993839e-01
3.340000000000000000e+02 8.992038152512275007e-01
3.350000000000000000e+02 9.067071258006577095e-01
3.360000000000000000e+02 9.139224895623979661e-01
3.370000000000000000e+02 9.208711581850355099e-01
3.380000000000000000e+02 9.275342257758404374e-01
3.390000000000000000e+02 9.339124703245131887e-01
3.400000000000000568e+02 9.400125995139381185e-01
3.410000000000000000e+02 9.458178393493648084e-01
3.420000000000000000e+02 9.513412184663597726e-01
3.430000000000000000e+02 9.565806563995925549e-01
3.440000000000000000e+02 9.615216466416476315e-01
3.450000000000000000e+02 9.661653511937747796e-01
3.460000000000000000e+02 9.705252736111953382e-01
3.470000000000000000e+02 9.745877237406285198e-01
3.480000000000000000e+02 9.783449044275218665e-01
3.490000000000000568e+02 9.818100028005449786e-01
3.500000000000000000e+02 9.849760870797550361e-01
3.510000000000000000e+02 9.878386390551948670e-01
3.520000000000000000e+02 9.903994833985150237e-01
3.530000000000000000e+02 9.926634577051655084e-01
3.540000000000000000e+02 9.946205895591536672e-01
3.550000000000000000e+02 9.962778203802127308e-01
3.560000000000000000e+02 9.976397237454196487e-01
3.569999999999999432e+02 9.986842651396423687e-01
3.580000000000000000e+02 9.994262594468212857e-01
3.590000000000000000e+02 9.998699853291279638e-01
3.600000000000000000e+02 1.000000000000000000e+00
