0.000000000000000000e+00 9.998200613853547303e-01
1.000000000000000000e+00 9.991192142863334347e-01
2.000000000000000000e+00 9.982774064206163533e-01
3.000000000000000000e+00 9.971321238127379694e-01
4.000000000000000000e+00 9.956374387454342001e-01
5.000000000000000000e+00 9.938314631434734814e-01
6.000000000000000000e+00 9.917768350937959942e-01
7.000000000000000000e+00 9.894146675912433020e-01
8.000000000000000000e+00 9.867299812115924995e-01
9.000000000000000000e+00 9.837738986052165790e-01
1.000000000000000000e+01 9.804380740764261359e-01
1.100000000000000000e+01 9.769165960208768817e-01
1.200000000000000000e+01 9.729721324193200127e-01
1.300000000000000178e+01 9.687798327164958145e-01
1.400000000000000000e+01 9.643130972930868960e-01
1.500000000000000000e+01 9.595195615804206213e-01
1.600000000000000000e+01 9.544199024588774227e-01
1.700000000000000355e+01 9.491190805475703263e-01
1.800000000000000000e+01 9.435027818137365907e-01
1.900000000000000355e+01 9.375510301278437986e-01
2.000000000000000000e+01 9.313389473737212487e-01
2.100000000000000000e+01 9.248873374938704206e-01
2.200000000000000000e+01 9.180295579859394373e-01
2.300000000000000000e+01 9.109951611079544209e-01
2.400000000000000000e+01 9.036811035035636763e-01
2.500000000000000000e+01 8.961141043798788175e-01
2.600000000000000355e+01 8.881605290963122679e-01
2.700000000000000000e+01 8.800280339130845952e-01
2.800000000000000000e+01 8.716093229906346496e-01
2.900000000000000355e+01 8.629452770943996098e-01
3.000000000000000000e+01 8.539924030350319883e-01
3.100000000000000000e+01 8.447642072963708060e-01
3.200000000000000000e+01 8.353114313509122368e-01
3.300000000000000000e+01 8.255774370442644505e-01
3.400000000000000711e+01 8.156152860735951249e-01
3.500000000000000000e+01 8.053776453225126586e-01
3.600000000000000000e+01 7.949258220408340625e-01
3.700000000000000000e+01 7.842114216752927858e-01
3.800000000000000711e+01 7.732636459605148893e-01
3.899999999999999289e+01 7.620780533630483466e-01
4.000000000000000000e+01 7.506933795471745219e-01
4.100000000000000000e+01 7.390002717110037977e-01
4.200000000000000000e+01 7.271275771546570343e-01
4.300000000000000000e+01 7.150437504011780687e-01
4.400000000000000000e+01 7.027360798931416852e-01
4.500000000000000000e+01 6.902196074174832274e-01
4.600000000000000000e+01 6.774914693491604911e-01
4.700000000000000000e+01 6.645847943928243629e-01
4.800000000000000000e+01 6.514260242042744231e-01
4.899999999999999289e+01 6.381021985780749306e-01
5.000000000000000000e+01 6.245533454783898097e-01
5.100000000000000000e+01 6.108487310848312868e-01
5.200000000000000711e+01 5.969496141802923539e-01
5.300000000000000000e+01 5.828201638074160806e-01
5.400000000000000000e+01 5.685799893037200015e-01
5.500000000000000711e+01 5.541360553979901571e-01
5.600000000000000000e+01 5.395512687396156748e-01
5.700000000000000711e+01 5.247502607613671044e-01
5.800000000000000711e+01 5.098565662084428851e-01
5.900000000000000711e+01 4.947549833236556394e-01
6.000000000000000000e+01 4.794950142067747056e-01
6.099999999999999289e+01 4.641370927095973542e-01
6.200000000000000000e+01 4.485901127568763247e-01
6.299999999999999289e+01 4.329464637899401724e-01
6.400000000000000000e+01 4.171651170606948122e-01
6.500000000000000000e+01 4.012425253188258156e-01
6.600000000000000000e+01 3.851925178858014998e-01
6.700000000000000000e+01 3.690613456070575560e-01
6.800000000000001421e+01 3.527905350226866465e-01
6.900000000000000000e+01 3.364202062252839576e-01
7.000000000000000000e+01 3.199681254423476506e-01
7.100000000000000000e+01 3.034147289126404301e-01
7.200000000000000000e+01 2.867486653784530048e-01
7.300000000000000000e+01 2.700185065098638648e-01
7.400000000000000000e+01 2.531953927855821185e-01
7.500000000000000000e+01 2.363126771296076845e-01
7.600000000000001421e+01 2.193568862907094019e-01
7.700000000000000000e+01 2.023450585850784522e-01
7.799999999999998579e+01 1.852719535956124652e-01
7.900000000000000000e+01 1.681583088845092777e-01
8.000000000000000000e+01 1.510148558921947382e-01
8.100000000000000000e+01 1.338355544159470223e-01
8.200000000000000000e+01 1.166592992439591248e-01
8.300000000000000000e+01 9.948917094990457344e-02
8.400000000000000000e+01 8.236544548383452347e-02
8.500000000000001421e+01 6.535527617394637501e-02
8.600000000000000000e+01 4.860504098838834552e-02
8.700000000000000000e+01 3.256186863823999633e-02
8.800000000000000000e+01 1.913062221799067056e-02
8.900000000000000000e+01 1.675617697865783989e-02
9.000000000000000000e+01 2.836357863669531840e-02
9.100000000000000000e+01 4.400724306269970798e-02
9.200000000000000000e+01 6.062787284991176529e-02
9.300000000000001421e+01 7.758727490298268636e-02
9.400000000000000000e+01 9.468760663640146680e-02
9.500000000000000000e+01 1.118492643375378487e-01
9.600000000000000000e+01 1.290324917811087324e-01
9.700000000000000000e+01 1.462129944731010434e-01
9.799999999999998579e+01 1.633682302005427522e-01
9.900000000000001421e+01 1.804866660105768905e-01
1.000000000000000000e+02 1.975692625125074209e-01
1.010000000000000000e+02 2.146004420694644921e-01
1.020000000000000000e+02 2.315719914089288956e-01
1.030000000000000142e+02 2.484744538556032944e-01
1.040000000000000142e+02 2.653201268899572085e-01
1.050000000000000000e+02 2.820734894369605894e-01
1.060000000000000000e+02 2.987454954591546863e-01
1.070000000000000000e+02 3.153324542193371438e-01
1.080000000000000000e+02 3.318284972641517561e-01
1.089999999999999858e+02 3.482316936616495218e-01
1.100000000000000142e+02 3.645058076227891686e-01
1.110000000000000000e+02 3.807001181614518281e-01
1.120000000000000000e+02 3.967814949235202171e-01
1.130000000000000000e+02 4.127251366244764075e-01
1.140000000000000142e+02 4.285406181708824036e-01
1.149999999999999858e+02 4.442403219802462111e-01
1.160000000000000142e+02 4.598092539183838423e-01
1.170000000000000000e+02 4.752115298464509308e-01
1.180000000000000142e+02 4.904974362304388436e-01
1.190000000000000000e+02 5.056230605168624548e-01
1.200000000000000000e+02 5.206073567758566778e-01
1.210000000000000142e+02 5.354130343382732526e-01
1.219999999999999858e+02 5.500886690135869950e-01
1.230000000000000000e+02 5.645695107385358957e-01
1.240000000000000000e+02 5.788770597944878915e-01
1.250000000000000142e+02 5.929822801200587135e-01
1.259999999999999858e+02 6.069627060980642419e-01
1.270000000000000142e+02 6.207159370921623287e-01
1.280000000000000000e+02 6.343300391143473771e-01
1.290000000000000000e+02 6.477204485183212235e-01
1.300000000000000000e+02 6.608962023882531955e-01
1.310000000000000000e+02 6.738969485459519460e-01
1.320000000000000000e+02 6.867042134904101092e-01
1.330000000000000000e+02 6.992788197020318730e-01
1.340000000000000000e+02 7.116507776132675600e-01
1.350000000000000000e+02 7.237785747249354529e-01
1.360000000000000284e+02 7.356971672478547219e-01
1.370000000000000000e+02 7.474208029984210633e-01
1.380000000000000000e+02 7.589213597371732289e-01
1.390000000000000000e+02 7.701511158365075271e-01
1.400000000000000000e+02 7.811826011903998390e-01
1.410000000000000000e+02 7.919292021320945008e-01
1.420000000000000000e+02 8.024669735236135137e-01
1.430000000000000000e+02 8.127317694133504578e-01
1.440000000000000000e+02 8.227853573362564621e-01
1.450000000000000000e+02 8.325956471075370846e-01
1.460000000000000000e+02 8.421142753502549594e-01
1.470000000000000000e+02 8.514120436628108690e-01
1.480000000000000000e+02 8.604559840499230727e-01
1.490000000000000000e+02 8.692288213961776311e-01
1.500000000000000000e+02 8.777217740187412964e-01
1.510000000000000000e+02 8.859637411419165609e-01
1.520000000000000284e+02 8.938877388070244345e-01
1.530000000000000000e+02 9.015465156290723980e-01
1.540000000000000000e+02 9.089671317464746991e-01
1.550000000000000000e+02 9.161207491053651175e-01
1.559999999999999716e+02 9.229780099923394765e-01
1.570000000000000000e+02 9.295579582544222230e-01
1.580000000000000000e+02 9.358705149644893639e-01
1.590000000000000284e+02 9.419105132829123095e-01
1.600000000000000000e+02 9.475595461116720353e-01
1.610000000000000000e+02 9.530031774542472300e-01
1.620000000000000000e+02 9.581327591583568282e-01
1.630000000000000284e+02 9.629736019799911562e-01
1.640000000000000000e+02 9.675413930592463574e-01
1.650000000000000000e+02 9.718724145375138290e-01
1.660000000000000000e+02 9.758063184176080096e-01
1.670000000000000000e+02 9.794150938967077780e-01
1.680000000000000000e+02 9.828008903508365091e-01
1.690000000000000000e+02 9.858735795772600730e-01
1.700000000000000284e+02 9.886980247393775123e-01
1.710000000000000000e+02 9.911571334578538339e-01
1.720000000000000000e+02 9.933738925166748501e-01
1.730000000000000000e+02 9.951577080064910596e-01
1.740000000000000000e+02 9.967298315264391251e-01
1.750000000000000000e+02 9.980106090174907241e-01
1.760000000000000000e+02 9.989866096225111791e-01
1.770000000000000000e+02 9.995235016950539952e-01
1.780000000000000000e+02 9.999496521400196292e-01
1.790000000000000000e+02 1.000000000000000000e+00
1.800000000000000000e+02 9.998200613853547303e-01
1.810000000000000000e+02 9.991192142863334347e-01
1.820000000000000000e+02 9.982774064206163533e-01
1.830000000000000000e+02 9.971321238127379694e-01
1.840000000000000000e+02 9.956374387454342001e-01
1.849999999999999716e+02 9.938314631434734814e-01
1.860000000000000284e+02 9.917768350937959942e-01
1.870000000000000284e+02 9.894014358512559504e-01
1.880000000000000000e+02 9.867129668369825080e-01
1.890000000000000000e+02 9.837738986052165790e-01
1.900000000000000000e+02 9.804380740764261359e-01
1.910000000000000000e+02 9.769165960208768817e-01
1.920000000000000000e+02 9.729783245885629261e-01
1.930000000000000000e+02 9.687798327164958145e-01
1.940000000000000000e+02 9.643130972930868960e-01
1.950000000000000284e+02 9.595195615804206213e-01
1.959999999999999716e+02 9.544199024588774227e-01
1.970000000000000284e+02 9.491190805475703263e-01
1.980000000000000284e+02 9.435317842293931001e-01
1.990000000000000000e+02 9.375699277288297440e-01
2.000000000000000000e+02 9.313389473737212487e-01
2.010000000000000000e+02 9.248873374938704206e-01
2.020000000000000000e+02 9.180295579859394373e-01
2.030000000000000000e+02 9.109951611079544209e-01
2.040000000000000000e+02 9.036811035035636763e-01
2.050000000000000000e+02 8.960900929868933495e-01
2.060000000000000284e+02 8.881591635549335173e-01
2.069999999999999716e+02 8.800280339130845952e-01
2.080000000000000284e+02 8.716198048497617590e-01
2.090000000000000284e+02 8.629523685364851593e-01
2.100000000000000000e+02 8.539586703223609465e-01
2.110000000000000000e+02 8.447642072963708060e-01
2.120000000000000000e+02 8.353284465626186206e-01
2.130000000000000000e+02 8.255774370442644505e-01
2.140000000000000000e+02 8.156229070427900574e-01
2.150000000000000000e+02 8.053776453225126586e-01
2.160000000000000000e+02 7.949220121657217808e-01
2.170000000000000284e+02 7.842114216752927858e-01
2.179999999999999716e+02 7.732741503798479243e-01
2.190000000000000284e+02 7.620939473835639522e-01
2.200000000000000284e+02 7.506933795471745219e-01
2.210000000000000000e+02 7.390040146081882089e-01
2.220000000000000000e+02 7.271275771546570343e-01
2.230000000000000000e+02 7.150375736149332528e-01
2.240000000000000000e+02 7.027554116808244489e-01
2.250000000000000000e+02 6.901951808655023557e-01
2.260000000000000000e+02 6.774914693491604911e-01
2.270000000000000000e+02 6.646149320857915876e-01
2.280000000000000284e+02 6.514257970513696039e-01
2.290000000000000000e+02 6.381021985780749306e-01
2.299999999999999716e+02 6.245365117780864450e-01
2.309999999999999716e+02 6.108654311200454323e-01
2.320000000000000284e+02 5.969338587641990213e-01
2.330000000000000000e+02 5.828479574730491830e-01
2.340000000000000000e+02 5.685785675469386957e-01
2.350000000000000000e+02 5.541471169198554092e-01
2.360000000000000284e+02 5.395309645254661168e-01
2.370000000000000000e+02 5.247584085757872607e-01
2.380000000000000000e+02 5.098375327629822706e-01
2.390000000000000000e+02 4.947688130619484759e-01
2.400000000000000000e+02 4.794886619931678640e-01
2.410000000000000284e+02 4.641268921894429744e-01
2.420000000000000284e+02 4.486033157385533321e-01
2.430000000000000284e+02 4.329395188255086846e-01
2.439999999999999716e+02 4.171638690073907751e-01
2.450000000000000000e+02 4.012518915933510621e-01
2.460000000000000000e+02 3.852038974573316898e-01
2.470000000000000000e+02 3.690900735761821205e-01
2.480000000000000000e+02 3.527970720762639290e-01
2.490000000000000000e+02 3.364269938045735264e-01
2.500000000000000284e+02 3.199627928836959456e-01
2.510000000000000284e+02 3.034099003584645460e-01
2.519999999999999716e+02 2.867553229583623686e-01
2.529999999999999716e+02 2.700216201412856121e-01
2.540000000000000284e+02 2.531877141775146223e-01
2.550000000000000000e+02 2.363109044787880253e-01
2.560000000000000000e+02 2.193613927908307226e-01
2.570000000000000000e+02 2.023387969830046651e-01
2.580000000000000000e+02 1.852619462380617477e-01
2.590000000000000568e+02 1.681525300964456238e-01
2.600000000000000000e+02 1.510147647328696496e-01
2.610000000000000000e+02 1.338340406363491830e-01
2.620000000000000000e+02 1.166629756085691139e-01
2.630000000000000000e+02 9.948993440437269020e-02
2.640000000000000000e+02 8.236238560513560458e-02
2.650000000000000000e+02 6.535252696358098690e-02
2.660000000000000000e+02 4.860381430699192012e-02
2.669999999999999432e+02 3.256263269339467609e-02
2.680000000000000000e+02 1.913109139389002067e-02
2.690000000000000000e+02 1.675598242401902735e-02
2.700000000000000000e+02 2.836357875158134617e-02
2.710000000000000000e+02 4.400660641900801251e-02
2.720000000000000568e+02 6.062605911304341094e-02
2.730000000000000568e+02 7.758857869132113061e-02
2.740000000000000000e+02 9.469005490498250133e-02
2.750000000000000000e+02 1.118462770959916947e-01
2.760000000000000000e+02 1.290279288935196611e-01
2.770000000000000000e+02 1.462054845749340415e-01
2.780000000000000000e+02 1.633609514879617308e-01
2.790000000000000000e+02 1.804898599081093680e-01
2.800000000000000000e+02 1.975516493747000168e-01
2.810000000000000568e+02 2.145897328415667382e-01
2.820000000000000000e+02 2.315786535783427302e-01
2.830000000000000000e+02 2.484863905688563523e-01
2.840000000000000000e+02 2.653095728569838663e-01
2.850000000000000000e+02 2.820755455821944424e-01
2.860000000000000000e+02 2.987406835919014236e-01
2.870000000000000000e+02 3.153348240200381514e-01
2.880000000000000000e+02 3.318239547030001346e-01
2.890000000000000000e+02 3.482321831894319986e-01
2.900000000000000000e+02 3.645182620363096593e-01
2.910000000000000000e+02 3.807087541514371787e-01
2.920000000000000000e+02 3.967818292189700391e-01
2.930000000000000000e+02 4.127176523565534438e-01
2.940000000000000000e+02 4.285418272063900025e-01
2.950000000000000568e+02 4.442418603300540281e-01
2.960000000000000000e+02 4.597886817544994398e-01
2.970000000000000000e+02 4.751863413798759206e-01
2.980000000000000000e+02 4.904811779028707130e-01
2.990000000000000000e+02 5.056251216443002905e-01
3.000000000000000000e+02 5.206119006208014266e-01
3.010000000000000000e+02 5.354153479539652816e-01
3.020000000000000000e+02 5.500788355725602097e-01
3.030000000000000000e+02 5.645493679985511548e-01
3.040000000000000568e+02 5.788755673518858336e-01
3.050000000000000000e+02 5.929969211287235975e-01
3.060000000000000000e+02 6.069463655842733951e-01
3.070000000000000000e+02 6.207184447373889080e-01
3.080000000000000000e+02 6.343047048660745979e-01
3.090000000000000000e+02 6.476983908677995672e-01
3.100000000000000000e+02 6.609030314500761172e-01
3.110000000000000000e+02 6.738970522097585958e-01
3.119999999999999432e+02 6.867242245341572682e-01
3.130000000000000000e+02 6.992657582264700800e-01
3.140000000000000000e+02 7.116300653581417723e-01
3.150000000000000000e+02 7.237774174772488855e-01
3.160000000000000000e+02 7.356972398538814684e-01
3.170000000000000568e+02 7.474347871781389374e-01
3.180000000000000568e+02 7.589169710089355148e-01
3.190000000000000000e+02 7.701495548427271798e-01
3.200000000000000000e+02 7.811683893803195167e-01
3.210000000000000000e+02 7.919372389695952252e-01
3.220000000000000000e+02 8.024732956014466456e-01
3.230000000000000000e+02 8.127497897371278590e-01
3.240000000000000000e+02 8.227853573362564621e-01
3.250000000000000000e+02 8.325982666259704734e-01
3.260000000000000568e+02 8.421388600017633008e-01
3.270000000000000000e+02 8.514133990786851847e-01
3.280000000000000000e+02 8.604559840499230727e-01
3.290000000000000000e+02 8.692312954124999935e-01
3.300000000000000000e+02 8.777148164083782289e-01
3.310000000000000000e+02 8.859647074860268479e-01
3.320000000000000000e+02 8.938642891722761163e-01
3.330000000000000000e+02 9.015465156290723980e-01
3.340000000000000000e+02 9.089884828658019167e-01
3.350000000000000000e+02 9.161361224514444901e-01
3.360000000000000000e+02 9.230000618529335954e-01
3.370000000000000000e+02 9.295313658516211053e-01
3.380000000000000000e+02 9.358705149644893639e-01
3.390000000000000000e+02 9.419239773406562488e-01
3.400000000000000568e+02 9.475413656020339470e-01
3.410000000000000000e+02 9.530031774542472300e-01
3.420000000000000000e+02 9.581327591583568282e-01
3.430000000000000000e+02 9.629781006952424782e-01
3.440000000000000000e+02 9.675413930592463574e-01
3.450000000000000000e+02 9.718608434595502610e-01
3.460000000000000000e+02 9.758063184176080096e-01
3.470000000000000000e+02 9.794150938967077780e-01
3.480000000000000000e+02 9.828254227292156919e-01
3.490000000000000568e+02 9.858735795772600730e-01
3.500000000000000000e+02 9.886980247393775123e-01
3.510000000000000000e+02 9.911571334578538339e-01
3.520000000000000000e+02 9.933389937668647418e-01
3.530000000000000000e+02 9.951444198847891887e-01
3.540000000000000000e+02 9.967298315264391251e-01
3.550000000000000000e+02 9.980106090174907241e-01
3.560000000000000000e+02 9.989866096225111791e-01
3.569999999999999432e+02 9.995235016950539952e-01
3.580000000000000000e+02 9.999496521400196292e-01
3.590000000000000000e+02 1.000000000000000000e+00
3.600000000000000000e+02 9.998200613853547303e-01
