0.000000000000000000e+00 9.996388445677855117e-01
1.000000000000000000e+00 9.999993200961442286e-01
2.000000000000000000e+00 1.000000000000000000e+00
3.000000000000000000e+00 9.996828243478098619e-01
4.000000000000000000e+00 9.990490037117331079e-01
5.000000000000000000e+00 9.980892525895597167e-01
6.000000000000000000e+00 9.968779585151068545e-01
7.000000000000000000e+00 9.953264611032114351e-01
8.000000000000000000e+00 9.937524605372766162e-01
9.000000000000000000e+00 9.913759741783053636e-01
1.000000000000000000e+01 9.890040103272970118e-01
1.100000000000000000e+01 9.862823353952663297e-01
1.200000000000000000e+01 9.832278726674960057e-01
1.300000000000000178e+01 9.799145851390034245e-01
1.400000000000000000e+01 9.763657647360798331e-01
1.500000000000000000e+01 9.726129535018925854e-01
1.600000000000000000e+01 9.681667714730660679e-01
1.700000000000000355e+01 9.635602511273267945e-01
1.800000000000000000e+01 9.589447568466011873e-01
1.900000000000000355e+01 9.537024603528760913e-01
2.000000000000000000e+01 9.483246180288380511e-01
2.100000000000000000e+01 9.426665822508344394e-01
2.200000000000000000e+01 9.366084902444308247e-01
2.300000000000000000e+01 9.306180228730576154e-01
2.400000000000000000e+01 9.241244606373795190e-01
2.500000000000000000e+01 9.172505446472429824e-01
2.600000000000000355e+01 9.101147875700930090e-01
2.700000000000000000e+01 9.028568656686987159e-01
2.800000000000000000e+01 8.952937149783408710e-01
2.900000000000000355e+01 8.874249115240452346e-01
3.000000000000000000e+01 8.791882154400657567e-01
3.100000000000000000e+01 8.706187928271021947e-01
3.200000000000000000e+01 8.622085216744802549e-01
3.300000000000000000e+01 8.531528402955468326e-01
3.400000000000000711e+01 8.439587357392378530e-01
3.500000000000000000e+01 8.344774848675015066e-01
3.600000000000000000e+01 8.248105131825627101e-01
3.700000000000000000e+01 8.147673769110705955e-01
3.800000000000000711e+01 8.048005772075893516e-01
3.899999999999999289e+01 7.942717959890289725e-01
4.000000000000000000e+01 7.835624719873695021e-01
4.100000000000000000e+01 7.726267522421217393e-01
4.200000000000000000e+01 7.614735733163410236e-01
4.300000000000000000e+01 7.502212430615133876e-01
4.400000000000000000e+01 7.384949231378642454e-01
4.500000000000000000e+01 7.266150617304160120e-01
4.600000000000000000e+01 7.146725859755665988e-01
4.700000000000000000e+01 7.024603167589859032e-01
4.800000000000000000e+01 6.899733883237960663e-01
4.899999999999999289e+01 6.772869495259743466e-01
5.000000000000000000e+01 6.644122041088970088e-01
5.100000000000000000e+01 6.513046056322808752e-01
5.200000000000000711e+01 6.381064461473205940e-01
5.300000000000000000e+01 6.247057686903132456e-01
5.400000000000000000e+01 6.109976406721849829e-01
5.500000000000000711e+01 5.972925207677335369e-01
5.600000000000000000e+01 5.833335077171954985e-01
5.700000000000000711e+01 5.691122948014373240e-01
5.800000000000000711e+01 5.547928475599129827e-01
5.900000000000000711e+01 5.403358821994987959e-01
6.000000000000000000e+01 5.257027499072698395e-01
6.099999999999999289e+01 5.108796023921065022e-01
6.200000000000000000e+01 4.960161111447997095e-01
6.299999999999999289e+01 4.810766418063736616e-01
6.400000000000000000e+01 4.658426119396513743e-01
6.500000000000000000e+01 4.504684615468869668e-01
6.600000000000000000e+01 4.350080939722703599e-01
6.700000000000000000e+01 4.195275716744942818e-01
6.800000000000001421e+01 4.039261376119928082e-01
6.900000000000000000e+01 3.882096461157318878e-01
7.000000000000000000e+01 3.723459308544002089e-01
7.100000000000000000e+01 3.564143626820990285e-01
7.200000000000000000e+01 3.404295463656279441e-01
7.300000000000000000e+01 3.244275928834591816e-01
7.400000000000000000e+01 3.082906287493198949e-01
7.500000000000000000e+01 2.922305208060582693e-01
7.600000000000001421e+01 2.760012083696374852e-01
7.700000000000000000e+01 2.598932112110688419e-01
7.799999999999998579e+01 2.437270924883483403e-01
7.900000000000000000e+01 2.276899867182820281e-01
8.000000000000000000e+01 2.116411976088573843e-01
8.100000000000000000e+01 1.957574378566893369e-01
8.200000000000000000e+01 1.799971928622040029e-01
8.300000000000000000e+01 1.644897012886345489e-01
8.400000000000000000e+01 1.493653989892657630e-01
8.500000000000001421e+01 1.346463532279698061e-01
8.600000000000000000e+01 1.206116212669585963e-01
8.700000000000000000e+01 1.074937417978064358e-01
8.800000000000000000e+01 9.574387854753690918e-02
8.900000000000000000e+01 8.588981323121035183e-02
9.000000000000000000e+01 7.868633346551080765e-02
9.100000000000000000e+01 7.490937594522507903e-02
9.200000000000000000e+01 7.507863458280789049e-02
9.300000000000001421e+01 7.916776993773323723e-02
9.400000000000000000e+01 8.662265594346822695e-02
9.500000000000000000e+01 9.665223472879111433e-02
9.600000000000000000e+01 1.085653005686324224e-01
9.700000000000000000e+01 1.217540641722355682e-01
9.799999999999998579e+01 1.358581904108920324e-01
9.900000000000001421e+01 1.506006148441657588e-01
1.000000000000000000e+02 1.657935724799138588e-01
1.010000000000000000e+02 1.812979887382605848e-01
1.020000000000000000e+02 1.970720975059189750e-01
1.030000000000000142e+02 2.130108464147729974e-01
1.040000000000000142e+02 2.290373202584556345e-01
1.050000000000000000e+02 2.451111510840774110e-01
1.060000000000000000e+02 2.612378661858266171e-01
1.070000000000000000e+02 2.774052383347048178e-01
1.080000000000000000e+02 2.935127324624031697e-01
1.089999999999999858e+02 3.096458740534436815e-01
1.100000000000000142e+02 3.257327018681281383e-01
1.110000000000000000e+02 3.417627468419102144e-01
1.120000000000000000e+02 3.577487087069071148e-01
1.130000000000000000e+02 3.736922342222974702e-01
1.140000000000000142e+02 3.895076210384100235e-01
1.149999999999999858e+02 4.051697235507424333e-01
1.160000000000000142e+02 4.208140408933827570e-01
1.170000000000000000e+02 4.363279107805493884e-01
1.180000000000000142e+02 4.518260805006582004e-01
1.190000000000000000e+02 4.671487630523800672e-01
1.200000000000000000e+02 4.822747167698808179e-01
1.210000000000000142e+02 4.973432218673520810e-01
1.219999999999999858e+02 5.122492241473295405e-01
1.230000000000000000e+02 5.269273435586296905e-01
1.240000000000000000e+02 5.415807545127054867e-01
1.250000000000000142e+02 5.560206712299974319e-01
1.259999999999999858e+02 5.703831500464213722e-01
1.270000000000000142e+02 5.844560925997365208e-01
1.280000000000000000e+02 5.983742883261323753e-01
1.290000000000000000e+02 6.122017021048756780e-01
1.300000000000000000e+02 6.256956482899839189e-01
1.310000000000000000e+02 6.391563056607021398e-01
1.320000000000000000e+02 6.523844439638275539e-01
1.330000000000000000e+02 6.654871182152691800e-01
1.340000000000000000e+02 6.783033198062489166e-01
1.350000000000000000e+02 6.909316430742581394e-01
1.360000000000000284e+02 7.033414211078877765e-01
1.370000000000000000e+02 7.156447011784855539e-01
1.380000000000000000e+02 7.276919512586668137e-01
1.390000000000000000e+02 7.394259056882517278e-01
1.400000000000000000e+02 7.510722385275971913e-01
1.410000000000000000e+02 7.623677325720084053e-01
1.420000000000000000e+02 7.736496995816315447e-01
1.430000000000000000e+02 7.844890094395906566e-01
1.440000000000000000e+02 7.950314548120717140e-01
1.450000000000000000e+02 8.054069036756531519e-01
1.460000000000000000e+02 8.157031675695880502e-01
1.470000000000000000e+02 8.254971057220374941e-01
1.480000000000000000e+02 8.352795586816119666e-01
1.490000000000000000e+02 8.446056998995398191e-01
1.500000000000000000e+02 8.539455016057546644e-01
1.510000000000000000e+02 8.629360347089529704e-01
1.520000000000000284e+02 8.714646589986027037e-01
1.530000000000000000e+02 8.797521197657859338e-01
1.540000000000000000e+02 8.879036932086649125e-01
1.550000000000000000e+02 8.959218227697690606e-01
1.559999999999999716e+02 9.035978119775409656e-01
1.570000000000000000e+02 9.108966387748237414e-01
1.580000000000000000e+02 9.177989552332627143e-01
1.590000000000000284e+02 9.245781598240568888e-01
1.600000000000000000e+02 9.310279694776679715e-01
1.610000000000000000e+02 9.372663872704675159e-01
1.620000000000000000e+02 9.431802159494042659e-01
1.630000000000000284e+02 9.488238327841687081e-01
1.640000000000000000e+02 9.542086384975450031e-01
1.650000000000000000e+02 9.592401566475473595e-01
1.660000000000000000e+02 9.640906365505997888e-01
1.670000000000000000e+02 9.685278825196850239e-01
1.680000000000000000e+02 9.726214553458639722e-01
1.690000000000000000e+02 9.766342658399639332e-01
1.700000000000000284e+02 9.802368886072836407e-01
1.710000000000000000e+02 9.834660888897871489e-01
1.720000000000000000e+02 9.865073887310663592e-01
1.730000000000000000e+02 9.892242129233388415e-01
1.740000000000000000e+02 9.917489014747430387e-01
1.750000000000000000e+02 9.936162057520449009e-01
1.760000000000000000e+02 9.953936024577435537e-01
1.770000000000000000e+02 9.969548745426417558e-01
1.780000000000000000e+02 9.982303901415038316e-01
1.790000000000000000e+02 9.991367167941547223e-01
1.800000000000000000e+02 9.996388445677855117e-01
1.810000000000000000e+02 9.999993200961442286e-01
1.820000000000000000e+02 1.000000000000000000e+00
1.830000000000000000e+02 9.996828243478098619e-01
1.840000000000000000e+02 9.990490037117331079e-01
1.849999999999999716e+02 9.980892525895597167e-01
1.860000000000000284e+02 9.968779585151068545e-01
1.870000000000000284e+02 9.952490773344228048e-01
1.880000000000000000e+02 9.936927416511609490e-01
1.890000000000000000e+02 9.913759741783053636e-01
1.900000000000000000e+02 9.890040103272970118e-01
1.910000000000000000e+02 9.862823353952663297e-01
1.920000000000000000e+02 9.832362394130734762e-01
1.930000000000000000e+02 9.799145851390034245e-01
1.940000000000000000e+02 9.763657647360798331e-01
1.950000000000000284e+02 9.726129535018925854e-01
1.959999999999999716e+02 9.681667714730660679e-01
1.970000000000000284e+02 9.635602511273267945e-01
1.980000000000000284e+02 9.589047719268689596e-01
1.990000000000000000e+02 9.536569218293515782e-01
2.000000000000000000e+02 9.483246180288380511e-01
2.010000000000000000e+02 9.426665822508344394e-01
2.020000000000000000e+02 9.366084902444308247e-01
2.030000000000000000e+02 9.306180228730576154e-01
2.040000000000000000e+02 9.241244606373795190e-01
2.050000000000000000e+02 9.172450801502732842e-01
2.060000000000000284e+02 9.100965691280442638e-01
2.069999999999999716e+02 9.028568656686987159e-01
2.080000000000000284e+02 8.952001509405501656e-01
2.090000000000000284e+02 8.874412481576087197e-01
2.100000000000000000e+02 8.791152756264172252e-01
2.110000000000000000e+02 8.706187928271021947e-01
2.120000000000000000e+02 8.621386953074584580e-01
2.130000000000000000e+02 8.531528402955468326e-01
2.140000000000000000e+02 8.440125617617317832e-01
2.150000000000000000e+02 8.344774848675015066e-01
2.160000000000000000e+02 8.246408716172981546e-01
2.170000000000000284e+02 8.147673769110705955e-01
2.179999999999999716e+02 8.046781359330842376e-01
2.190000000000000284e+02 7.943519210844299794e-01
2.200000000000000284e+02 7.835624719873695021e-01
2.210000000000000000e+02 7.726052710967592496e-01
2.220000000000000000e+02 7.614735733163410236e-01
2.230000000000000000e+02 7.501978276881219321e-01
2.240000000000000000e+02 7.385900275591071873e-01
2.250000000000000000e+02 7.266856316352755529e-01
2.260000000000000000e+02 7.146725859755665988e-01
2.270000000000000000e+02 7.024678829113433220e-01
2.280000000000000284e+02 6.899468582150349860e-01
2.290000000000000000e+02 6.772869495259743466e-01
2.299999999999999716e+02 6.644728221601000628e-01
2.309999999999999716e+02 6.513351769169606342e-01
2.320000000000000284e+02 6.381718989430669176e-01
2.330000000000000000e+02 6.246618774578963640e-01
2.340000000000000000e+02 6.109952375205129904e-01
2.350000000000000000e+02 5.971889942536099394e-01
2.360000000000000284e+02 5.833584867055719991e-01
2.370000000000000000e+02 5.690708334591155770e-01
2.380000000000000000e+02 5.547247992436685760e-01
2.390000000000000000e+02 5.403707638196595386e-01
2.400000000000000000e+02 5.257665610868880179e-01
2.410000000000000284e+02 5.109239089519350685e-01
2.420000000000000284e+02 4.960200629909951031e-01
2.430000000000000284e+02 4.810523345331809697e-01
2.439999999999999716e+02 4.658120749839735342e-01
2.450000000000000000e+02 4.505133373363975346e-01
2.460000000000000000e+02 4.350719396855166621e-01
2.470000000000000000e+02 4.195039185202771859e-01
2.480000000000000000e+02 4.039011644566453119e-01
2.490000000000000000e+02 3.881863291843320463e-01
2.500000000000000284e+02 3.723835373566503071e-01
2.510000000000000284e+02 3.564328024060585687e-01
2.519999999999999716e+02 3.404848633118263690e-01
2.529999999999999716e+02 3.244066812654408660e-01
2.540000000000000284e+02 3.083110691625416400e-01
2.550000000000000000e+02 2.922226325949677794e-01
2.560000000000000000e+02 2.760330900387882869e-01
2.570000000000000000e+02 2.598768311173739187e-01
2.580000000000000000e+02 2.437608023097863896e-01
2.590000000000000568e+02 2.276593611408373463e-01
2.600000000000000000e+02 2.116151272924175486e-01
2.610000000000000000e+02 1.957317544132577414e-01
2.620000000000000000e+02 1.799832538820900218e-01
2.630000000000000000e+02 1.644770292480715879e-01
2.640000000000000000e+02 1.493517541847531604e-01
2.650000000000000000e+02 1.346379635640262418e-01
2.660000000000000000e+02 1.206042238894107638e-01
2.669999999999999432e+02 1.074984054073577222e-01
2.680000000000000000e+02 9.573603620880861975e-02
2.690000000000000000e+02 8.589166196136059639e-02
2.700000000000000000e+02 7.868633322211118775e-02
2.710000000000000000e+02 7.490931598636964284e-02
2.720000000000000568e+02 7.507421622156053298e-02
2.730000000000000568e+02 7.917144537228520962e-02
2.740000000000000000e+02 8.662049912203391433e-02
2.750000000000000000e+02 9.666124094892923624e-02
2.760000000000000000e+02 1.085556286035873202e-01
2.770000000000000000e+02 1.217587392921175016e-01
2.780000000000000000e+02 1.358505497576200649e-01
2.790000000000000000e+02 1.506114124145528366e-01
2.800000000000000000e+02 1.657796431797028125e-01
2.810000000000000568e+02 1.813114010179532054e-01
2.820000000000000000e+02 1.970551638655902160e-01
2.830000000000000000e+02 2.129787529542685465e-01
2.840000000000000000e+02 2.290041232464666843e-01
2.850000000000000000e+02 2.451616002916267578e-01
2.860000000000000000e+02 2.612615314569980418e-01
2.870000000000000000e+02 2.773972185936828816e-01
2.880000000000000000e+02 2.935263269758353610e-01
2.890000000000000000e+02 3.096533713866419513e-01
2.900000000000000000e+02 3.257539615137690081e-01
2.910000000000000000e+02 3.417482832207438537e-01
2.920000000000000000e+02 3.577862873170099545e-01
2.930000000000000000e+02 3.736155201563158279e-01
2.940000000000000000e+02 3.894648170767122108e-01
2.950000000000000568e+02 4.052146859669391588e-01
2.960000000000000000e+02 4.207767462857174290e-01
2.970000000000000000e+02 4.363729522043215958e-01
2.980000000000000000e+02 4.517979703869884345e-01
2.990000000000000000e+02 4.671144440402950071e-01
3.000000000000000000e+02 4.821819530711967672e-01
3.010000000000000000e+02 4.972843944146300155e-01
3.020000000000000000e+02 5.122752831065344736e-01
3.030000000000000000e+02 5.270020472876201234e-01
3.040000000000000568e+02 5.415814545345655207e-01
3.050000000000000000e+02 5.559857822859669563e-01
3.060000000000000000e+02 5.703213803176122587e-01
3.070000000000000000e+02 5.844279404590548843e-01
3.080000000000000000e+02 5.984670480827593009e-01
3.090000000000000000e+02 6.121634925668371086e-01
3.100000000000000000e+02 6.258196699516851425e-01
3.110000000000000000e+02 6.391737228957115047e-01
3.119999999999999432e+02 6.523900440685868052e-01
3.130000000000000000e+02 6.655675878261725353e-01
3.140000000000000000e+02 6.783075232493563922e-01
3.150000000000000000e+02 6.909082859745537819e-01
3.160000000000000000e+02 7.033828887068236391e-01
3.170000000000000568e+02 7.156575330674690427e-01
3.180000000000000568e+02 7.277120560775639513e-01
3.190000000000000000e+02 7.394600441260479329e-01
3.200000000000000000e+02 7.509625341568730850e-01
3.210000000000000000e+02 7.625115289682087294e-01
3.220000000000000000e+02 7.735628844687724159e-01
3.230000000000000000e+02 7.844846998767038837e-01
3.240000000000000000e+02 7.950314548120717140e-01
3.250000000000000000e+02 8.055131795479687495e-01
3.260000000000000568e+02 8.156103148366338207e-01
3.270000000000000000e+02 8.255331637583772642e-01
3.280000000000000000e+02 8.352795586816119666e-01
3.290000000000000000e+02 8.447176727106613381e-01
3.300000000000000000e+02 8.540537563896479778e-01
3.310000000000000000e+02 8.628837489130285476e-01
3.320000000000000000e+02 8.715194712712920344e-01
3.330000000000000000e+02 8.797521197657859338e-01
3.340000000000000000e+02 8.878819430623607900e-01
3.350000000000000000e+02 8.958197701135793833e-01
3.360000000000000000e+02 9.035195988280366741e-01
3.370000000000000000e+02 9.108810480004854160e-01
3.380000000000000000e+02 9.177989552332627143e-01
3.390000000000000000e+02 9.244567799236115269e-01
3.400000000000000568e+02 9.310318083848918569e-01
3.410000000000000000e+02 9.372663872704675159e-01
3.420000000000000000e+02 9.431802159494042659e-01
3.430000000000000000e+02 9.489097325678262917e-01
3.440000000000000000e+02 9.542086384975450031e-01
3.450000000000000000e+02 9.591779769795075739e-01
3.460000000000000000e+02 9.640906365505997888e-01
3.470000000000000000e+02 9.685278825196850239e-01
3.480000000000000000e+02 9.726468654384807788e-01
3.490000000000000568e+02 9.766342658399639332e-01
3.500000000000000000e+02 9.802368886072836407e-01
3.510000000000000000e+02 9.834660888897871489e-01
3.520000000000000000e+02 9.864332708422567375e-01
3.530000000000000000e+02 9.891134709443111239e-01
3.540000000000000000e+02 9.917489014747430387e-01
3.550000000000000000e+02 9.936162057520449009e-01
3.560000000000000000e+02 9.953936024577435537e-01
3.569999999999999432e+02 9.969548745426417558e-01
3.580000000000000000e+02 9.982303901415038316e-01
3.590000000000000000e+02 9.991367167941547223e-01
3.600000000000000000e+02 9.996388445677855117e-01
