0.000000000000000000e+00 1.000000000000000000e+00
1.000000000000000000e+00 9.998415710355764707e-01
2.000000000000000000e+00 9.993786111244509218e-01
3.000000000000000000e+00 9.986112345617680353e-01
4.000000000000000000e+00 9.975396942411109968e-01
5.000000000000000000e+00 9.961642892848995290e-01
6.000000000000000000e+00 9.944854744470987828e-01
7.000000000000000000e+00 9.925037433096574047e-01
8.000000000000000000e+00 9.902196738094554140e-01
9.000000000000000000e+00 9.876340060391912701e-01
1.000000000000000000e+01 9.847475041253344052e-01
1.100000000000000000e+01 9.815610480488604628e-01
1.200000000000000000e+01 9.780756170748748923e-01
1.300000000000000178e+01 9.742922700511422729e-01
1.400000000000000000e+01 9.702121513275450138e-01
1.500000000000000000e+01 9.658365101576267264e-01
1.600000000000000000e+01 9.611666879965947707e-01
1.700000000000000355e+01 9.562040910381156555e-01
1.800000000000000000e+01 9.509502442527855148e-01
1.900000000000000355e+01 9.454067306914590851e-01
2.000000000000000000e+01 9.395752681864627531e-01
2.100000000000000000e+01 9.334576131306918656e-01
2.200000000000000000e+01 9.270556298240779647e-01
2.300000000000000000e+01 9.203712686881726501e-01
2.400000000000000000e+01 9.134065750977350406e-01
2.500000000000000000e+01 9.061636654863525209e-01
2.600000000000000355e+01 8.986447481661045122e-01
2.700000000000000000e+01 8.908521032922286365e-01
2.800000000000000000e+01 8.827881146180638350e-01
2.900000000000000355e+01 8.744552471533429960e-01
3.000000000000000000e+01 8.658560249991700264e-01
3.100000000000000000e+01 8.569930769555724748e-01
3.200000000000000000e+01 8.478690980274148359e-01
3.300000000000000000e+01 8.384868700993873825e-01
3.400000000000000711e+01 8.288492596269587676e-01
3.500000000000000000e+01 8.189591780083020911e-01
3.600000000000000000e+01 8.088196757968267869e-01
3.700000000000000000e+01 7.984338173847087550e-01
3.800000000000000711e+01 7.878047597949936476e-01
3.899999999999999289e+01 7.769357684142433884e-01
4.000000000000000000e+01 7.658301425997048328e-01
4.100000000000000000e+01 7.544912602991349360e-01
4.200000000000000000e+01 7.429225751685858414e-01
4.300000000000000000e+01 7.311276258170144038e-01
4.400000000000000000e+01 7.191099973219211572e-01
4.500000000000000000e+01 7.068733585416914211e-01
4.600000000000000000e+01 6.944214336782071895e-01
4.700000000000000000e+01 6.817580156969560434e-01
4.800000000000000000e+01 6.688869697207813214e-01
4.899999999999999289e+01 6.558122142478087779e-01
5.000000000000000000e+01 6.425377386147975711e-01
5.100000000000000000e+01 6.290675857148252392e-01
5.200000000000000711e+01 6.154058598521920942e-01
5.300000000000000000e+01 6.015567332454068161e-01
5.400000000000000000e+01 5.875244216456220192e-01
5.500000000000000711e+01 5.733132071553236342e-01
5.600000000000000000e+01 5.589274217043881388e-01
5.700000000000000711e+01 5.443714468868794398e-01
5.800000000000000711e+01 5.296497334538691204e-01
5.900000000000000711e+01 5.147667658399019963e-01
6.000000000000000000e+01 4.997270874799224494e-01
6.099999999999999289e+01 4.845352890035706794e-01
6.200000000000000000e+01 4.691960081791115011e-01
6.299999999999999289e+01 4.537139208966668447e-01
6.400000000000000000e+01 4.380937629323000126e-01
6.500000000000000000e+01 4.223403063657186207e-01
6.600000000000000000e+01 4.064583657542651385e-01
6.700000000000000000e+01 3.904528000425067091e-01
6.800000000000001421e+01 3.743285096932330580e-01
6.900000000000000000e+01 3.580904336989837455e-01
7.000000000000000000e+01 3.417435474133023732e-01
7.100000000000000000e+01 3.252928777930700899e-01
7.200000000000000000e+01 3.087434805927869452e-01
7.300000000000000000e+01 2.921004686469415024e-01
7.400000000000000000e+01 2.753689723906774800e-01
7.500000000000000000e+01 2.585542016096130102e-01
7.600000000000001421e+01 2.416613934487613358e-01
7.700000000000000000e+01 2.246958590871926398e-01
7.799999999999998579e+01 2.076629856084171166e-01
7.900000000000000000e+01 1.905682545417215212e-01
8.000000000000000000e+01 1.734172896759593741e-01
8.100000000000000000e+01 1.562159089726286310e-01
8.200000000000000000e+01 1.389702528754063471e-01
8.300000000000000000e+01 1.216869762897576507e-01
8.400000000000000000e+01 1.043736843446365914e-01
8.500000000000001421e+01 8.703986013066461469e-02
8.600000000000000000e+01 6.969918524726727294e-02
8.700000000000000000e+01 5.237647246510299809e-02
8.800000000000000000e+01 3.513501098221335356e-02
8.900000000000000000e+01 1.825752071494350995e-02
9.000000000000000000e+01 6.402886356053523464e-03
9.100000000000000000e+01 1.891573007927901950e-02
9.200000000000000000e+01 3.582422027497936950e-02
9.300000000000001421e+01 5.307145163365374618e-02
9.400000000000000000e+01 7.039566534333903391e-02
9.500000000000000000e+01 8.773642740617734748e-02
9.600000000000000000e+01 1.050696488046892890e-01
9.700000000000000000e+01 1.223819005536895960e-01
9.799999999999998579e+01 1.396638062192585572e-01
9.900000000000001421e+01 1.569078074397054767e-01
1.000000000000000000e+02 1.741072780869294678e-01
1.010000000000000000e+02 1.912560939968358520e-01
1.020000000000000000e+02 2.083484471776239910e-01
1.030000000000000142e+02 2.253787214708470876e-01
1.040000000000000142e+02 2.423414372368479230e-01
1.050000000000000000e+02 2.592312125061667638e-01
1.060000000000000000e+02 2.760427424109600514e-01
1.070000000000000000e+02 2.927707769619263267e-01
1.080000000000000000e+02 3.094101334725404828e-01
1.089999999999999858e+02 3.259556586278358203e-01
1.100000000000000142e+02 3.424022564392962265e-01
1.110000000000000000e+02 3.587448665428963901e-01
1.120000000000000000e+02 3.749784676049115473e-01
1.130000000000000000e+02 3.910980874873438706e-01
1.140000000000000142e+02 4.070987805020417349e-01
1.149999999999999858e+02 4.229756535181794508e-01
1.160000000000000142e+02 4.387238486026154849e-01
1.170000000000000000e+02 4.543385483065945363e-01
1.180000000000000142e+02 4.698149852072858179e-01
1.190000000000000000e+02 4.851484393856904109e-01
1.200000000000000000e+02 5.003342148903484610e-01
1.210000000000000142e+02 5.153676864313014860e-01
1.219999999999999858e+02 5.302442639856106421e-01
1.230000000000000000e+02 5.449594057158895222e-01
1.240000000000000000e+02 5.595086256663748259e-01
1.250000000000000142e+02 5.738874770513836543e-01
1.259999999999999858e+02 5.880915938817198318e-01
1.270000000000000142e+02 6.021166309739065525e-01
1.280000000000000000e+02 6.159583119122439276e-01
1.290000000000000000e+02 6.296124178492347179e-01
1.300000000000000000e+02 6.430747932949152368e-01
1.310000000000000000e+02 6.563413255362113841e-01
1.320000000000000000e+02 6.694079711177759462e-01
1.330000000000000000e+02 6.822707532494323157e-01
1.340000000000000000e+02 6.949257495199905321e-01
1.350000000000000000e+02 7.073690950475294281e-01
1.360000000000000284e+02 7.195970140638076051e-01
1.370000000000000000e+02 7.316057627483782966e-01
1.380000000000000000e+02 7.433916941817826363e-01
1.390000000000000000e+02 7.549512067394187342e-01
1.400000000000000000e+02 7.662807796116893888e-01
1.410000000000000000e+02 7.773769767787582774e-01
1.420000000000000000e+02 7.882363952971720433e-01
1.430000000000000000e+02 7.988557346768002665e-01
1.440000000000000000e+02 8.092317605909723488e-01
1.450000000000000000e+02 8.193613078359555102e-01
1.460000000000000000e+02 8.292413003859869791e-01
1.470000000000000000e+02 8.388687110617735199e-01
1.480000000000000000e+02 8.482406214699967917e-01
1.490000000000000000e+02 8.573541587244247753e-01
1.500000000000000000e+02 8.662065786246255783e-01
1.510000000000000000e+02 8.747951341902945321e-01
1.520000000000000284e+02 8.831172564876796915e-01
1.530000000000000000e+02 8.911703907379602274e-01
1.540000000000000000e+02 8.989520773277912546e-01
1.550000000000000000e+02 9.064599615325878990e-01
1.559999999999999716e+02 9.136917318943587052e-01
1.570000000000000000e+02 9.206452103224890271e-01
1.580000000000000000e+02 9.273182594878334184e-01
1.590000000000000284e+02 9.337088515429848856e-01
1.600000000000000000e+02 9.398150600954421341e-01
1.610000000000000000e+02 9.456349906161499730e-01
1.620000000000000000e+02 9.511668939711452886e-01
1.630000000000000284e+02 9.564090716161711692e-01
1.640000000000000000e+02 9.613599243106248915e-01
1.650000000000000000e+02 9.660179756603343160e-01
1.660000000000000000e+02 9.703817562861505319e-01
1.670000000000000000e+02 9.744499842198567352e-01
1.680000000000000000e+02 9.782213825377528149e-01
1.690000000000000000e+02 9.816948222478271147e-01
1.700000000000000284e+02 9.848692491425118378e-01
1.710000000000000000e+02 9.877436795255298829e-01
1.720000000000000000e+02 9.903172510772805248e-01
1.730000000000000000e+02 9.925891706326008812e-01
1.740000000000000000e+02 9.945587564254900759e-01
1.750000000000000000e+02 9.962254106730277226e-01
1.760000000000000000e+02 9.975886005011763702e-01
1.770000000000000000e+02 9.986479394146353661e-01
1.780000000000000000e+02 9.994030828586475401e-01
1.790000000000000000e+02 9.998538134541659073e-01
1.800000000000000000e+02 1.000000000000000000e+00
1.810000000000000000e+02 9.998415710355764707e-01
1.820000000000000000e+02 9.993786111244509218e-01
1.830000000000000000e+02 9.986112345617680353e-01
1.840000000000000000e+02 9.975396942411109968e-01
1.849999999999999716e+02 9.961642892848995290e-01
1.860000000000000284e+02 9.944854744470987828e-01
1.870000000000000284e+02 9.925037431147228917e-01
1.880000000000000000e+02 9.902196790388458902e-01
1.890000000000000000e+02 9.876340060391912701e-01
1.900000000000000000e+02 9.847475041253344052e-01
1.910000000000000000e+02 9.815610480488604628e-01
1.920000000000000000e+02 9.780756201540720118e-01
1.930000000000000000e+02 9.742922700511422729e-01
1.940000000000000000e+02 9.702121513275450138e-01
1.950000000000000284e+02 9.658365101576267264e-01
1.959999999999999716e+02 9.611666879965947707e-01
1.970000000000000284e+02 9.562040910381156555e-01
1.980000000000000284e+02 9.509502441670034667e-01
1.990000000000000000e+02 9.454067338017873023e-01
2.000000000000000000e+02 9.395752681864627531e-01
2.010000000000000000e+02 9.334576131306918656e-01
2.020000000000000000e+02 9.270556298240779647e-01
2.030000000000000000e+02 9.203712686881726501e-01
2.040000000000000000e+02 9.134065750977350406e-01
2.050000000000000000e+02 9.061636657322448274e-01
2.060000000000000284e+02 8.986447456830086722e-01
2.069999999999999716e+02 8.908521032922286365e-01
2.080000000000000284e+02 8.827881169253395388e-01
2.090000000000000284e+02 8.744552448831844904e-01
2.100000000000000000e+02 8.658560279342611965e-01
2.110000000000000000e+02 8.569930769555724748e-01
2.120000000000000000e+02 8.478690983856058683e-01
2.130000000000000000e+02 8.384868700993873825e-01
2.140000000000000000e+02 8.288492594460411533e-01
2.150000000000000000e+02 8.189591780083020911e-01
2.160000000000000000e+02 8.088196764264556915e-01
2.170000000000000284e+02 7.984338173847087550e-01
2.179999999999999716e+02 7.878047584239777912e-01
2.190000000000000284e+02 7.769357702631669582e-01
2.200000000000000284e+02 7.658301425997048328e-01
2.210000000000000000e+02 7.544912591327146423e-01
2.220000000000000000e+02 7.429225751685858414e-01
2.230000000000000000e+02 7.311276268506551324e-01
2.240000000000000000e+02 7.191099956144729743e-01
2.250000000000000000e+02 7.068733572035420520e-01
2.260000000000000000e+02 6.944214336782071895e-01
2.270000000000000000e+02 6.817580203405542161e-01
2.280000000000000284e+02 6.688869656439209166e-01
2.290000000000000000e+02 6.558122142478087779e-01
2.299999999999999716e+02 6.425377393663254111e-01
2.309999999999999716e+02 6.290675868514359337e-01
2.320000000000000284e+02 6.154058572715179753e-01
2.330000000000000000e+02 6.015567355353270695e-01
2.340000000000000000e+02 5.875244188936937784e-01
2.350000000000000000e+02 5.733132033694890994e-01
2.360000000000000284e+02 5.589274200047158470e-01
2.370000000000000000e+02 5.443714471782337139e-01
2.380000000000000000e+02 5.296497307308106750e-01
2.390000000000000000e+02 5.147667633911083840e-01
2.400000000000000000e+02 4.997270876740516621e-01
2.410000000000000284e+02 4.845352895787565783e-01
2.420000000000000284e+02 4.691960045533987711e-01
2.430000000000000284e+02 4.537139189073958745e-01
2.439999999999999716e+02 4.380937630852267395e-01
2.450000000000000000e+02 4.223403075812912633e-01
2.460000000000000000e+02 4.064583650057164155e-01
2.470000000000000000e+02 3.904528034103991740e-01
2.480000000000000000e+02 3.743285082570006472e-01
2.490000000000000000e+02 3.580904322857451638e-01
2.500000000000000284e+02 3.417435466457124371e-01
2.510000000000000284e+02 3.252928748258946401e-01
2.519999999999999716e+02 3.087434825312479481e-01
2.529999999999999716e+02 2.921004672085468212e-01
2.540000000000000284e+02 2.753689753929349782e-01
2.550000000000000000e+02 2.585542033529455996e-01
2.560000000000000000e+02 2.416613956910416416e-01
2.570000000000000000e+02 2.246958590637313791e-01
2.580000000000000000e+02 2.076629845262055463e-01
2.590000000000000568e+02 1.905682541957498810e-01
2.600000000000000000e+02 1.734172885404136610e-01
2.610000000000000000e+02 1.562159098724360262e-01
2.620000000000000000e+02 1.389702527335490434e-01
2.630000000000000000e+02 1.216869759374902826e-01
2.640000000000000000e+02 1.043736842013101712e-01
2.650000000000000000e+02 8.703986025772240953e-02
2.660000000000000000e+02 6.969918484137316295e-02
2.669999999999999432e+02 5.237647266468652835e-02
2.680000000000000000e+02 3.513501124291734667e-02
2.690000000000000000e+02 1.825752080929050891e-02
2.700000000000000000e+02 6.402886356165946556e-03
2.710000000000000000e+02 1.891573006712308352e-02
2.720000000000000568e+02 3.582422010109396343e-02
2.730000000000000568e+02 5.307145182678110751e-02
2.740000000000000000e+02 7.039566574293626422e-02
2.750000000000000000e+02 8.773642753578603237e-02
2.760000000000000000e+02 1.050696495822134729e-01
2.770000000000000000e+02 1.223819004074074568e-01
2.780000000000000000e+02 1.396638054780758864e-01
2.790000000000000000e+02 1.569078075985854970e-01
2.800000000000000000e+02 1.741072778029811030e-01
2.810000000000000568e+02 1.912560931494910188e-01
2.820000000000000000e+02 2.083484472933301024e-01
2.830000000000000000e+02 2.253787213865391381e-01
2.840000000000000000e+02 2.423414363750321932e-01
2.850000000000000000e+02 2.592312132318088658e-01
2.860000000000000000e+02 2.760427393132885987e-01
2.870000000000000000e+02 2.927707763933205531e-01
2.880000000000000000e+02 3.094101326813617492e-01
2.890000000000000000e+02 3.259556580004286941e-01
2.900000000000000000e+02 3.424022595446328809e-01
2.910000000000000000e+02 3.587448689462238716e-01
2.920000000000000000e+02 3.749784665974075781e-01
2.930000000000000000e+02 3.910980844817957824e-01
2.940000000000000000e+02 4.070987831290630021e-01
2.950000000000000568e+02 4.229756508727813835e-01
2.960000000000000000e+02 4.387238481768921394e-01
2.970000000000000000e+02 4.543385505141004366e-01
2.980000000000000000e+02 4.698149868151848541e-01
2.990000000000000000e+02 4.851484422303456445e-01
3.000000000000000000e+02 5.003342168814404189e-01
3.010000000000000000e+02 5.153676848588253367e-01
3.020000000000000000e+02 5.302442637335984532e-01
3.030000000000000000e+02 5.449594014477173731e-01
3.040000000000000568e+02 5.595086255687629073e-01
3.050000000000000000e+02 5.738874811058406467e-01
3.060000000000000000e+02 5.880915941077595743e-01
3.070000000000000000e+02 6.021166339061819750e-01
3.080000000000000000e+02 6.159583142738922490e-01
3.090000000000000000e+02 6.296124236103483041e-01
3.100000000000000000e+02 6.430747914291036205e-01
3.110000000000000000e+02 6.563413257720871474e-01
3.119999999999999432e+02 6.694079696205547103e-01
3.130000000000000000e+02 6.822707544648253242e-01
3.140000000000000000e+02 6.949257484084455649e-01
3.150000000000000000e+02 7.073690948299894421e-01
3.160000000000000000e+02 7.195970109055150887e-01
3.170000000000000568e+02 7.316057646796213509e-01
3.180000000000000568e+02 7.433916918871013024e-01
3.190000000000000000e+02 7.549512024810144384e-01
3.200000000000000000e+02 7.662807850022936851e-01
3.210000000000000000e+02 7.773769740252652882e-01
3.220000000000000000e+02 7.882363948110701068e-01
3.230000000000000000e+02 7.988557367188267033e-01
3.240000000000000000e+02 8.092317605909723488e-01
3.250000000000000000e+02 8.193613121861101911e-01
3.260000000000000568e+02 8.292413005201044740e-01
3.270000000000000000e+02 8.388687087553647892e-01
3.280000000000000000e+02 8.482406214699967917e-01
3.290000000000000000e+02 8.573541622192737410e-01
3.300000000000000000e+02 8.662065711666453449e-01
3.310000000000000000e+02 8.747951404877565285e-01
3.320000000000000000e+02 8.831172549983308251e-01
3.330000000000000000e+02 8.911703907379602274e-01
3.340000000000000000e+02 8.989520767101596421e-01
3.350000000000000000e+02 9.064599586788995023e-01
3.360000000000000000e+02 9.136917336904174514e-01
3.370000000000000000e+02 9.206452094996466773e-01
3.380000000000000000e+02 9.273182594878334184e-01
3.390000000000000000e+02 9.337088507334602161e-01
3.400000000000000568e+02 9.398150593494752902e-01
3.410000000000000000e+02 9.456349906161499730e-01
3.420000000000000000e+02 9.511668939711452886e-01
3.430000000000000000e+02 9.564090696321776441e-01
3.440000000000000000e+02 9.613599243106248915e-01
3.450000000000000000e+02 9.660179771906829416e-01
3.460000000000000000e+02 9.703817562861505319e-01
3.470000000000000000e+02 9.744499842198567352e-01
3.480000000000000000e+02 9.782213814981083333e-01
3.490000000000000568e+02 9.816948222478271147e-01
3.500000000000000000e+02 9.848692491425118378e-01
3.510000000000000000e+02 9.877436795255298829e-01
3.520000000000000000e+02 9.903172525169835483e-01
3.530000000000000000e+02 9.925891749930217944e-01
3.540000000000000000e+02 9.945587564254900759e-01
3.550000000000000000e+02 9.962254106730277226e-01
3.560000000000000000e+02 9.975886005011763702e-01
3.569999999999999432e+02 9.986479394146353661e-01
3.580000000000000000e+02 9.994030828586475401e-01
3.590000000000000000e+02 9.998538134541659073e-01
3.600000000000000000e+02 1.000000000000000000e+00
