0.000000000000000000e+00 1.000000000000000000e+00
1.000000000000000000e+00 9.997424388795083106e-01
2.000000000000000000e+00 9.992687324897746581e-01
3.000000000000000000e+00 9.984055962856048794e-01
4.000000000000000000e+00 9.972661663333263204e-01
5.000000000000000000e+00 9.958514227193679957e-01
6.000000000000000000e+00 9.941122077579377381e-01
7.000000000000000000e+00 9.921191990870059652e-01
8.000000000000000000e+00 9.897462260695911729e-01
9.000000000000000000e+00 9.871033467898903124e-01
1.000000000000000000e+01 9.841921936041962971e-01
1.100000000000000000e+01 9.809198244223570340e-01
1.200000000000000000e+01 9.773938636882661957e-01
1.300000000000000178e+01 9.735541509752875244e-01
1.400000000000000000e+01 9.694554821441280223e-01
1.500000000000000000e+01 9.650228539647881520e-01
1.600000000000000000e+01 9.602964924633565769e-01
1.700000000000000355e+01 9.552973224070505642e-01
1.800000000000000000e+01 9.500264578297590301e-01
1.900000000000000355e+01 9.444200582508657238e-01
2.000000000000000000e+01 9.385411680422713898e-01
2.100000000000000000e+01 9.324236048568459445e-01
2.200000000000000000e+01 9.259715983539058559e-01
2.300000000000000000e+01 9.192237190491604482e-01
2.400000000000000000e+01 9.122438052965098354e-01
2.500000000000000000e+01 9.049882277468296321e-01
2.600000000000000355e+01 8.974021486964010030e-01
2.700000000000000000e+01 8.896160785144272554e-01
2.800000000000000000e+01 8.815132855944377566e-01
2.900000000000000355e+01 8.731434653531932044e-01
3.000000000000000000e+01 8.645431129951559601e-01
3.100000000000000000e+01 8.556616356716454375e-01
3.200000000000000000e+01 8.465156074439668110e-01
3.300000000000000000e+01 8.371079999022081886e-01
3.400000000000000711e+01 8.274691130914488824e-01
3.500000000000000000e+01 8.175769708282742965e-01
3.600000000000000000e+01 8.074213306042181681e-01
3.700000000000000000e+01 7.970561558113147260e-01
3.800000000000000711e+01 7.863941081350054318e-01
3.899999999999999289e+01 7.755130237332620302e-01
4.000000000000000000e+01 7.644186325434889628e-01
4.100000000000000000e+01 7.530823826762875761e-01
4.200000000000000000e+01 7.414938467339506900e-01
4.300000000000000000e+01 7.297198128541567685e-01
4.400000000000000000e+01 7.177128581146305919e-01
4.500000000000000000e+01 7.054790870698455230e-01
4.600000000000000000e+01 6.930556842600711365e-01
4.700000000000000000e+01 6.804149415308831106e-01
4.800000000000000000e+01 6.675758170673589120e-01
4.899999999999999289e+01 6.545111456365703129e-01
5.000000000000000000e+01 6.412541440943594351e-01
5.100000000000000000e+01 6.278233695814712245e-01
5.200000000000000711e+01 6.142076554499402707e-01
5.300000000000000000e+01 6.003951822826580909e-01
5.400000000000000000e+01 5.864180028576482240e-01
5.500000000000000711e+01 5.722527235897665321e-01
5.600000000000000000e+01 5.579036849624257055e-01
5.700000000000000711e+01 5.434292612507828357e-01
5.800000000000000711e+01 5.287506903279939330e-01
5.900000000000000711e+01 5.139586610187361071e-01
6.000000000000000000e+01 4.989941660406660429e-01
6.099999999999999289e+01 4.838940781858311335e-01
6.200000000000000000e+01 4.686585926314621453e-01
6.299999999999999289e+01 4.532770163587312995e-01
6.400000000000000000e+01 4.377713768828837559e-01
6.500000000000000000e+01 4.221396053190580311e-01
6.600000000000000000e+01 4.064022246942616268e-01
6.700000000000000000e+01 3.905578186305173616e-01
6.800000000000001421e+01 3.745986905885034246e-01
6.900000000000000000e+01 3.585383386512476789e-01
7.000000000000000000e+01 3.424060236196183604e-01
7.100000000000000000e+01 3.261765034077041547e-01
7.200000000000000000e+01 3.098764568644360451e-01
7.300000000000000000e+01 2.935142007544890852e-01
7.400000000000000000e+01 2.771266095927049644e-01
7.500000000000000000e+01 2.606670363806179447e-01
7.600000000000001421e+01 2.441845328946810889e-01
7.700000000000000000e+01 2.276985198522935849e-01
7.799999999999998579e+01 2.112230581054816980e-01
7.900000000000000000e+01 1.947751000674970701e-01
8.000000000000000000e+01 1.783997547209218715e-01
8.100000000000000000e+01 1.621371452444685390e-01
8.200000000000000000e+01 1.460435526330449707e-01
8.300000000000000000e+01 1.302084930470624458e-01
8.400000000000000000e+01 1.147590805484261373e-01
8.500000000000001421e+01 9.989903126178603654e-02
8.600000000000000000e+01 8.595874295981251190e-02
8.700000000000000000e+01 7.349006907625800500e-02
8.800000000000000000e+01 6.337532136565512952e-02
8.900000000000000000e+01 5.690756232378189200e-02
9.000000000000000000e+01 5.538556022499654952e-02
9.100000000000000000e+01 5.919412212396647777e-02
9.200000000000000000e+01 6.743136118011390512e-02
9.300000000000001421e+01 7.871203808115982692e-02
9.400000000000000000e+01 9.191049310832434538e-02
9.500000000000000000e+01 1.063017637331877957e-01
9.600000000000000000e+01 1.214502177586814641e-01
9.700000000000000000e+01 1.370895018333679882e-01
9.799999999999998579e+01 1.530513255254880856e-01
9.900000000000001421e+01 1.692291708147397877e-01
1.000000000000000000e+02 1.855456085485696072e-01
1.010000000000000000e+02 2.019582707719764225e-01
1.020000000000000000e+02 2.184163657327258812e-01
1.030000000000000142e+02 2.349037493582541991e-01
1.040000000000000142e+02 2.513960105849528670e-01
1.050000000000000000e+02 2.678545325346951556e-01
1.060000000000000000e+02 2.842874390462681866e-01
1.070000000000000000e+02 3.006851180347203112e-01
1.080000000000000000e+02 3.170097161020635768e-01
1.089999999999999858e+02 3.332748801961500917e-01
1.100000000000000142e+02 3.494640023729258527e-01
1.110000000000000000e+02 3.655697922781340203e-01
1.120000000000000000e+02 3.815782717565305848e-01
1.130000000000000000e+02 3.974808456577006432e-01
1.140000000000000142e+02 4.132941999417893975e-01
1.149999999999999858e+02 4.289867337444508988e-01
1.160000000000000142e+02 4.445621275796222127e-01
1.170000000000000000e+02 4.600060051599623168e-01
1.180000000000000142e+02 4.753128296557984633e-01
1.190000000000000000e+02 4.905035574559874489e-01
1.200000000000000000e+02 5.055573048814456794e-01
1.210000000000000142e+02 5.204485971566256142e-01
1.219999999999999858e+02 5.351784403334972628e-01
1.230000000000000000e+02 5.497773345888243846e-01
1.240000000000000000e+02 5.642088350066455371e-01
1.250000000000000142e+02 5.784482015056749971e-01
1.259999999999999858e+02 5.925462124026614763e-01
1.270000000000000142e+02 6.064516834166115977e-01
1.280000000000000000e+02 6.201614580417372791e-01
1.290000000000000000e+02 6.337180803231970971e-01
1.300000000000000000e+02 6.470850217571962881e-01
1.310000000000000000e+02 6.602291716964452384e-01
1.320000000000000000e+02 6.732036901672160401e-01
1.330000000000000000e+02 6.859682143252290309e-01
1.340000000000000000e+02 6.985036772470190058e-01
1.350000000000000000e+02 7.108602530066604475e-01
1.360000000000000284e+02 7.229922112110576116e-01
1.370000000000000000e+02 7.349081452168018114e-01
1.380000000000000000e+02 7.465845258706295118e-01
1.390000000000000000e+02 7.580529235410136124e-01
1.400000000000000000e+02 7.692896027740776521e-01
1.410000000000000000e+02 7.803046936042555837e-01
1.420000000000000000e+02 7.910856705797639776e-01
1.430000000000000000e+02 8.016170886042657262e-01
1.440000000000000000e+02 8.118659203002966951e-01
1.450000000000000000e+02 8.219079828955945244e-01
1.460000000000000000e+02 8.317214185648565961e-01
1.470000000000000000e+02 8.412572466811207850e-01
1.480000000000000000e+02 8.505535680045150926e-01
1.490000000000000000e+02 8.595726225568185441e-01
1.500000000000000000e+02 8.683402294316810988e-01
1.510000000000000000e+02 8.768418958754020665e-01
1.520000000000000284e+02 8.851050012382853938e-01
1.530000000000000000e+02 8.930676768023053658e-01
1.540000000000000000e+02 9.007628890234886665e-01
1.550000000000000000e+02 9.081651778666619546e-01
1.559999999999999716e+02 9.153495822388970637e-01
1.570000000000000000e+02 9.222508753162816930e-01
1.580000000000000000e+02 9.288131111704956977e-01
1.590000000000000284e+02 9.351495242707321687e-01
1.600000000000000000e+02 9.411588140740791975e-01
1.610000000000000000e+02 9.469032541171020778e-01
1.620000000000000000e+02 9.523363601658688671e-01
1.630000000000000284e+02 9.575256295394505290e-01
1.640000000000000000e+02 9.623872761235822137e-01
1.650000000000000000e+02 9.669695384641353586e-01
1.660000000000000000e+02 9.712998415923158602e-01
1.670000000000000000e+02 9.752884920835207527e-01
1.680000000000000000e+02 9.789906873127331988e-01
1.690000000000000000e+02 9.823832135698059576e-01
1.700000000000000284e+02 9.854894963473902481e-01
1.710000000000000000e+02 9.882989868435987368e-01
1.720000000000000000e+02 9.908168487887050180e-01
1.730000000000000000e+02 9.929908787031901385e-01
1.740000000000000000e+02 9.949467998822753012e-01
1.750000000000000000e+02 9.965187055426553142e-01
1.760000000000000000e+02 9.978172922290861058e-01
1.770000000000000000e+02 9.988385793781671129e-01
1.780000000000000000e+02 9.995089883840503342e-01
1.790000000000000000e+02 9.999178259183946205e-01
1.800000000000000000e+02 1.000000000000000000e+00
1.810000000000000000e+02 9.997424388795083106e-01
1.820000000000000000e+02 9.992687324897746581e-01
1.830000000000000000e+02 9.984055962856048794e-01
1.840000000000000000e+02 9.972661663333263204e-01
1.849999999999999716e+02 9.958514227193679957e-01
1.860000000000000284e+02 9.941122077579377381e-01
1.870000000000000284e+02 9.921061695034995020e-01
1.880000000000000000e+02 9.897454199737018010e-01
1.890000000000000000e+02 9.871033467898903124e-01
1.900000000000000000e+02 9.841921936041962971e-01
1.910000000000000000e+02 9.809198244223570340e-01
1.920000000000000000e+02 9.774107634892984509e-01
1.930000000000000000e+02 9.735541509752875244e-01
1.940000000000000000e+02 9.694554821441280223e-01
1.950000000000000284e+02 9.650228539647881520e-01
1.959999999999999716e+02 9.602964924633565769e-01
1.970000000000000284e+02 9.552973224070505642e-01
1.980000000000000284e+02 9.500169869497171460e-01
1.990000000000000000e+02 9.444274789773728918e-01
2.000000000000000000e+02 9.385411680422713898e-01
2.010000000000000000e+02 9.324236048568459445e-01
2.020000000000000000e+02 9.259715983539058559e-01
2.030000000000000000e+02 9.192237190491604482e-01
2.040000000000000000e+02 9.122438052965098354e-01
2.050000000000000000e+02 9.049915691105558935e-01
2.060000000000000284e+02 8.974281290430908831e-01
2.069999999999999716e+02 8.896160785144272554e-01
2.080000000000000284e+02 8.815234202350207271e-01
2.090000000000000284e+02 8.731575843080224830e-01
2.100000000000000000e+02 8.645563370016045024e-01
2.110000000000000000e+02 8.556616356716454375e-01
2.120000000000000000e+02 8.465275137644617809e-01
2.130000000000000000e+02 8.371079999022081886e-01
2.140000000000000000e+02 8.274672031105149150e-01
2.150000000000000000e+02 8.175769708282742965e-01
2.160000000000000000e+02 8.074169053342364899e-01
2.170000000000000284e+02 7.970561558113147260e-01
2.179999999999999716e+02 7.863894090026484207e-01
2.190000000000000284e+02 7.755186990199315344e-01
2.200000000000000284e+02 7.644186325434889628e-01
2.210000000000000000e+02 7.530786447702461084e-01
2.220000000000000000e+02 7.414938467339506900e-01
2.230000000000000000e+02 7.297239834357760468e-01
2.240000000000000000e+02 7.177020328472144550e-01
2.250000000000000000e+02 7.054798689757414420e-01
2.260000000000000000e+02 6.930556842600711365e-01
2.270000000000000000e+02 6.804073687354311728e-01
2.280000000000000284e+02 6.675625866416986520e-01
2.290000000000000000e+02 6.545111456365703129e-01
2.299999999999999716e+02 6.412457555850661350e-01
2.309999999999999716e+02 6.278243099380459435e-01
2.320000000000000284e+02 6.142076896496696525e-01
2.330000000000000000e+02 6.003899173916661391e-01
2.340000000000000000e+02 5.864274475604731585e-01
2.350000000000000000e+02 5.722534847557264603e-01
2.360000000000000284e+02 5.579069865113557292e-01
2.370000000000000000e+02 5.434129458595211570e-01
2.380000000000000000e+02 5.287542582461087770e-01
2.390000000000000000e+02 5.139627464975967674e-01
2.400000000000000000e+02 4.989925910054752167e-01
2.410000000000000284e+02 4.838931023865687409e-01
2.420000000000000284e+02 4.686656486492549734e-01
2.430000000000000284e+02 4.532686495054404907e-01
2.439999999999999716e+02 4.377751940826584698e-01
2.450000000000000000e+02 4.221406985343389429e-01
2.460000000000000000e+02 4.064041480855511423e-01
2.470000000000000000e+02 3.905507253493315512e-01
2.480000000000000000e+02 3.745926718546962464e-01
2.490000000000000000e+02 3.585408867274456624e-01
2.500000000000000284e+02 3.424006488786686675e-01
2.510000000000000284e+02 3.261812066993421966e-01
2.519999999999999716e+02 3.098749166948998601e-01
2.529999999999999716e+02 2.935166157004319709e-01
2.540000000000000284e+02 2.771222849743992245e-01
2.550000000000000000e+02 2.606588981112990533e-01
2.560000000000000000e+02 2.441869470146065257e-01
2.570000000000000000e+02 2.276922275004221730e-01
2.580000000000000000e+02 2.112196866771114401e-01
2.590000000000000568e+02 1.947788488068515345e-01
2.600000000000000000e+02 1.784019552951118803e-01
2.610000000000000000e+02 1.621359492883376330e-01
2.620000000000000000e+02 1.460427478092856113e-01
2.630000000000000000e+02 1.302090986169205378e-01
2.640000000000000000e+02 1.147574270581200317e-01
2.650000000000000000e+02 9.989987880050897606e-02
2.660000000000000000e+02 8.595691637251345885e-02
2.669999999999999432e+02 7.348859061972277951e-02
2.680000000000000000e+02 6.337502945073815452e-02
2.690000000000000000e+02 5.690823327259724590e-02
2.700000000000000000e+02 5.538555998018776516e-02
2.710000000000000000e+02 5.919385772851049055e-02
2.720000000000000568e+02 6.743109282915901725e-02
2.730000000000000568e+02 7.871171111845236268e-02
2.740000000000000000e+02 9.190884560819015392e-02
2.750000000000000000e+02 1.063019658333952261e-01
2.760000000000000000e+02 1.214524856827334381e-01
2.770000000000000000e+02 1.370894092894743010e-01
2.780000000000000000e+02 1.530501822678621004e-01
2.790000000000000000e+02 1.692298003102568060e-01
2.800000000000000000e+02 1.855510200582501934e-01
2.810000000000000568e+02 2.019600377253692181e-01
2.820000000000000000e+02 2.184238747419247340e-01
2.830000000000000000e+02 2.349062472282856251e-01
2.840000000000000000e+02 2.513911159375482596e-01
2.850000000000000000e+02 2.678563413101894275e-01
2.860000000000000000e+02 2.842942006521222420e-01
2.870000000000000000e+02 3.006841073732322012e-01
2.880000000000000000e+02 3.170126484542942769e-01
2.890000000000000000e+02 3.332710651765316556e-01
2.900000000000000000e+02 3.494604390353165391e-01
2.910000000000000000e+02 3.655701746201985292e-01
2.920000000000000000e+02 3.815773282291613500e-01
2.930000000000000000e+02 3.974818076343318296e-01
2.940000000000000000e+02 4.133007094746661281e-01
2.950000000000000568e+02 4.289862987824336060e-01
2.960000000000000000e+02 4.445650909691568065e-01
2.970000000000000000e+02 4.600126173331401946e-01
2.980000000000000000e+02 4.753141245591119279e-01
2.990000000000000000e+02 4.905039221480459455e-01
3.000000000000000000e+02 5.055539716074806122e-01
3.010000000000000000e+02 5.204417567410680734e-01
3.020000000000000000e+02 5.351794077318408061e-01
3.030000000000000000e+02 5.497616217538126016e-01
3.040000000000000568e+02 5.642119966993858204e-01
3.050000000000000000e+02 5.784534847257989387e-01
3.060000000000000000e+02 5.925497415778895327e-01
3.070000000000000000e+02 6.064423237546122669e-01
3.080000000000000000e+02 6.201638365622087479e-01
3.090000000000000000e+02 6.337173405602544163e-01
3.100000000000000000e+02 6.470844868545525541e-01
3.110000000000000000e+02 6.602401906189335756e-01
3.119999999999999432e+02 6.731926717159452123e-01
3.130000000000000000e+02 6.859521330200142319e-01
3.140000000000000000e+02 6.984975266092736668e-01
3.150000000000000000e+02 7.108425274427431217e-01
3.160000000000000000e+02 7.229750657557867388e-01
3.170000000000000568e+02 7.348963233438894349e-01
3.180000000000000568e+02 7.466090001475940152e-01
3.190000000000000000e+02 7.580538551358870780e-01
3.200000000000000000e+02 7.692810953943239882e-01
3.210000000000000000e+02 7.802919803902871321e-01
3.220000000000000000e+02 7.910741056779623248e-01
3.230000000000000000e+02 8.016139659349516000e-01
3.240000000000000000e+02 8.118659203002966951e-01
3.250000000000000000e+02 8.219037894063051519e-01
3.260000000000000568e+02 8.317218253739920852e-01
3.270000000000000000e+02 8.412598933245843957e-01
3.280000000000000000e+02 8.505535680045150926e-01
3.290000000000000000e+02 8.595687463689496433e-01
3.300000000000000000e+02 8.683283197434983336e-01
3.310000000000000000e+02 8.768555365803162305e-01
3.320000000000000000e+02 8.850974729721035050e-01
3.330000000000000000e+02 8.930676768023053658e-01
3.340000000000000000e+02 9.007605774727677206e-01
3.350000000000000000e+02 9.081738524628008014e-01
3.360000000000000000e+02 9.153359329053262217e-01
3.370000000000000000e+02 9.222160386401853094e-01
3.380000000000000000e+02 9.288131111704956977e-01
3.390000000000000000e+02 9.351677319055123894e-01
3.400000000000000568e+02 9.411691239705807233e-01
3.410000000000000000e+02 9.469032541171020778e-01
3.420000000000000000e+02 9.523363601658688671e-01
3.430000000000000000e+02 9.575036061737124404e-01
3.440000000000000000e+02 9.623872761235822137e-01
3.450000000000000000e+02 9.669870256325847624e-01
3.460000000000000000e+02 9.712998415923158602e-01
3.470000000000000000e+02 9.752884920835207527e-01
3.480000000000000000e+02 9.790007443098701634e-01
3.490000000000000568e+02 9.823832135698059576e-01
3.500000000000000000e+02 9.854894963473902481e-01
3.510000000000000000e+02 9.882989868435987368e-01
3.520000000000000000e+02 9.908051097777255123e-01
3.530000000000000000e+02 9.929785364204496423e-01
3.540000000000000000e+02 9.949467998822753012e-01
3.550000000000000000e+02 9.965187055426553142e-01
3.560000000000000000e+02 9.978172922290861058e-01
3.569999999999999432e+02 9.988385793781671129e-01
3.580000000000000000e+02 9.995089883840503342e-01
3.590000000000000000e+02 9.999178259183946205e-01
3.600000000000000000e+02 1.000000000000000000e+00
