0.000000000000000000e+00 1.000000000000000000e+00
1.000000000000000000e+00 9.996825382266778526e-01
2.000000000000000000e+00 9.990475267555299910e-01
3.000000000000000000e+00 9.981368742758093271e-01
4.000000000000000000e+00 9.969424749216354575e-01
5.000000000000000000e+00 9.953942923672046694e-01
6.000000000000000000e+00 9.935646213292820272e-01
7.000000000000000000e+00 9.914575720743469267e-01
8.000000000000000000e+00 9.890141467514036444e-01
9.000000000000000000e+00 9.862620914565387586e-01
1.000000000000000000e+01 9.832495543037984564e-01
1.100000000000000000e+01 9.799027767432725300e-01
1.200000000000000000e+01 9.762632396589523420e-01
1.300000000000000178e+01 9.723378232232355867e-01
1.400000000000000000e+01 9.681218484732441176e-01
1.500000000000000000e+01 9.635974692346012116e-01
1.600000000000000000e+01 9.587707191389300831e-01
1.700000000000000355e+01 9.536787832572554136e-01
1.800000000000000000e+01 9.482550041672309638e-01
1.900000000000000355e+01 9.425789437753444577e-01
2.000000000000000000e+01 9.365910102449453989e-01
2.100000000000000000e+01 9.303744461592786674e-01
2.200000000000000000e+01 9.237950462070971813e-01
2.300000000000000000e+01 9.169690006580162311e-01
2.400000000000000000e+01 9.098599551587736034e-01
2.500000000000000000e+01 9.024838642628226770e-01
2.600000000000000355e+01 8.948159130700468200e-01
2.700000000000000000e+01 8.868774823540865881e-01
2.800000000000000000e+01 8.786931095794858759e-01
2.900000000000000355e+01 8.702541221621806766e-01
3.000000000000000000e+01 8.614995083590191172e-01
3.100000000000000000e+01 8.525271889962489080e-01
3.200000000000000000e+01 8.432634642160549143e-01
3.300000000000000000e+01 8.337428618731725916e-01
3.400000000000000711e+01 8.239985865762470274e-01
3.500000000000000000e+01 8.139723558509691648e-01
3.600000000000000000e+01 8.037027559686531486e-01
3.700000000000000000e+01 7.932157891716837828e-01
3.800000000000000711e+01 7.824447250958678213e-01
3.899999999999999289e+01 7.714595724430109991e-01
4.000000000000000000e+01 7.602281902612503250e-01
4.100000000000000000e+01 7.487830558472711173e-01
4.200000000000000000e+01 7.371167715687341193e-01
4.300000000000000000e+01 7.251924400584108810e-01
4.400000000000000000e+01 7.130645335550066521e-01
4.500000000000000000e+01 7.007223047454986808e-01
4.600000000000000000e+01 6.881884179691510894e-01
4.700000000000000000e+01 6.754057800875535866e-01
4.800000000000000000e+01 6.624241389399194713e-01
4.899999999999999289e+01 6.492571301668007555e-01
5.000000000000000000e+01 6.358826248986818586e-01
5.100000000000000000e+01 6.223084396434673815e-01
5.200000000000000711e+01 6.085580624348818635e-01
5.300000000000000000e+01 5.946094688378633641e-01
5.400000000000000000e+01 5.804722745349546464e-01
5.500000000000000711e+01 5.661800010264311789e-01
5.600000000000000000e+01 5.517033199718944791e-01
5.700000000000000711e+01 5.370563120428801795e-01
5.800000000000000711e+01 5.222651847735406694e-01
5.900000000000000711e+01 5.072991134196929153e-01
6.000000000000000000e+01 4.921885314208693241e-01
6.099999999999999289e+01 4.769137867125999297e-01
6.200000000000000000e+01 4.615070407506561834e-01
6.299999999999999289e+01 4.459551678085775794e-01
6.400000000000000000e+01 4.302703932644873497e-01
6.500000000000000000e+01 4.144437053234570900e-01
6.600000000000000000e+01 3.985024106461287352e-01
6.700000000000000000e+01 3.824474223501905246e-01
6.800000000000001421e+01 3.662501826842096131e-01
6.900000000000000000e+01 3.499546916502295213e-01
7.000000000000000000e+01 3.335595314592730842e-01
7.100000000000000000e+01 3.170519034363012412e-01
7.200000000000000000e+01 3.004540718891012263e-01
7.300000000000000000e+01 2.837660140587058288e-01
7.400000000000000000e+01 2.669889658015236478e-01
7.500000000000000000e+01 2.501334213103826865e-01
7.600000000000001421e+01 2.331977063659775307e-01
7.700000000000000000e+01 2.161825658298875130e-01
7.799999999999998579e+01 1.991176710425502927e-01
7.900000000000000000e+01 1.819839382839925079e-01
8.000000000000000000e+01 1.648017817330097168e-01
8.100000000000000000e+01 1.475645900705017388e-01
8.200000000000000000e+01 1.302894675075690900e-01
8.300000000000000000e+01 1.129745637178141415e-01
8.400000000000000000e+01 9.562726321483985825e-02
8.500000000000001421e+01 7.825741112485835871e-02
8.600000000000000000e+01 6.087576530930528806e-02
8.700000000000000000e+01 4.349247329692888797e-02
8.800000000000000000e+01 2.616615864054274571e-02
8.900000000000000000e+01 9.272725631143558314e-03
9.000000000000000000e+01 9.821880567361723421e-03
9.100000000000000000e+01 2.675938780640813031e-02
9.200000000000000000e+01 4.409079822006905375e-02
9.300000000000001421e+01 6.147278074934995479e-02
9.400000000000000000e+01 7.885612845894059142e-02
9.500000000000000000e+01 9.622570451688013116e-02
9.600000000000000000e+01 1.135708559303151566e-01
9.700000000000000000e+01 1.308871051606081137e-01
9.799999999999998579e+01 1.481593436631175875e-01
9.900000000000001421e+01 1.653937056399522043e-01
1.000000000000000000e+02 1.825797293493499340e-01
1.010000000000000000e+02 1.997046087624824717e-01
1.020000000000000000e+02 2.167686233005595153e-01
1.030000000000000142e+02 2.337716172371535894e-01
1.040000000000000142e+02 2.507029174377777836e-01
1.050000000000000000e+02 2.675744012867143917e-01
1.060000000000000000e+02 2.843337642647699171e-01
1.070000000000000000e+02 3.010266529201992558e-01
1.080000000000000000e+02 3.176171370053916254e-01
1.089999999999999858e+02 3.341233160374877942e-01
1.100000000000000142e+02 3.505188563189669537e-01
1.110000000000000000e+02 3.668231384500301173e-01
1.120000000000000000e+02 3.829863404115439462e-01
1.130000000000000000e+02 3.990553405693427202e-01
1.140000000000000142e+02 4.150064626463624284e-01
1.149999999999999858e+02 4.308032215652376484e-01
1.160000000000000142e+02 4.464899227358628542e-01
1.170000000000000000e+02 4.620360272817528591e-01
1.180000000000000142e+02 4.774651302362640792e-01
1.190000000000000000e+02 4.927298693226578319e-01
1.200000000000000000e+02 5.078178478939983087e-01
1.210000000000000142e+02 5.227838237415571854e-01
1.219999999999999858e+02 5.375975644213519811e-01
1.230000000000000000e+02 5.522064601497441716e-01
1.240000000000000000e+02 5.666944562368149141e-01
1.250000000000000142e+02 5.809761127189438934e-01
1.259999999999999858e+02 5.950882811180987497e-01
1.270000000000000142e+02 6.090235405208942465e-01
1.280000000000000000e+02 6.227789463028751138e-01
1.290000000000000000e+02 6.363512663045844953e-01
1.300000000000000000e+02 6.497072752393483475e-01
1.310000000000000000e+02 6.628676330900999947e-01
1.320000000000000000e+02 6.758395467134175050e-01
1.330000000000000000e+02 6.886068139209668981e-01
1.340000000000000000e+02 7.011705850896752246e-01
1.350000000000000000e+02 7.134926637344719547e-01
1.360000000000000284e+02 7.256200182894780859e-01
1.370000000000000000e+02 7.375235776727775416e-01
1.380000000000000000e+02 7.491721981465990776e-01
1.390000000000000000e+02 7.606337288505650163e-01
1.400000000000000000e+02 7.718492131664467237e-01
1.410000000000000000e+02 7.828247793063809468e-01
1.420000000000000000e+02 7.935487997081848155e-01
1.430000000000000000e+02 8.040668921382331247e-01
1.440000000000000000e+02 8.143424526072811087e-01
1.450000000000000000e+02 8.243223266087907897e-01
1.460000000000000000e+02 8.340782610128736341e-01
1.470000000000000000e+02 8.435695161639173989e-01
1.480000000000000000e+02 8.528471849944576633e-01
1.490000000000000000e+02 8.618147533165029239e-01
1.500000000000000000e+02 8.705215117046718465e-01
1.510000000000000000e+02 8.790026770840559944e-01
1.520000000000000284e+02 8.871846591064571630e-01
1.530000000000000000e+02 8.950842753148843256e-01
1.540000000000000000e+02 9.027427810410412201e-01
1.550000000000000000e+02 9.101154396260636714e-01
1.559999999999999716e+02 9.171912141883278302e-01
1.570000000000000000e+02 9.240273414808262142e-01
1.580000000000000000e+02 9.305382447581174166e-01
1.590000000000000284e+02 9.368286141941338796e-01
1.600000000000000000e+02 9.427666967922245789e-01
1.610000000000000000e+02 9.484578110671878504e-01
1.620000000000000000e+02 9.538431573147569953e-01
1.630000000000000284e+02 9.589430648707123472e-01
1.640000000000000000e+02 9.637150317559433077e-01
1.650000000000000000e+02 9.682699891760720989e-01
1.660000000000000000e+02 9.724615396856708394e-01
1.670000000000000000e+02 9.763902926738573518e-01
1.680000000000000000e+02 9.800336723711572384e-01
1.690000000000000000e+02 9.833274419901979480e-01
1.700000000000000284e+02 9.863852776660777533e-01
1.710000000000000000e+02 9.890728163258178940e-01
1.720000000000000000e+02 9.914878879460766736e-01
1.730000000000000000e+02 9.936435441676781943e-01
1.740000000000000000e+02 9.954476973008619112e-01
1.750000000000000000e+02 9.969583177712965094e-01
1.760000000000000000e+02 9.982053689291326970e-01
1.770000000000000000e+02 9.990719264736916960e-01
1.780000000000000000e+02 9.996774488726456465e-01
1.790000000000000000e+02 9.999942734102436059e-01
1.800000000000000000e+02 1.000000000000000000e+00
1.810000000000000000e+02 9.996825382266778526e-01
1.820000000000000000e+02 9.990475267555299910e-01
1.830000000000000000e+02 9.981368742758093271e-01
1.840000000000000000e+02 9.969424749216354575e-01
1.849999999999999716e+02 9.953942923672046694e-01
1.860000000000000284e+02 9.935646213292820272e-01
1.870000000000000284e+02 9.914524173455617762e-01
1.880000000000000000e+02 9.890051612013868176e-01
1.890000000000000000e+02 9.862620914565387586e-01
1.900000000000000000e+02 9.832495543037984564e-01
1.910000000000000000e+02 9.799027767432725300e-01
1.920000000000000000e+02 9.762672964193498393e-01
1.930000000000000000e+02 9.723378232232355867e-01
1.940000000000000000e+02 9.681218484732441176e-01
1.950000000000000284e+02 9.635974692346012116e-01
1.959999999999999716e+02 9.587707191389300831e-01
1.970000000000000284e+02 9.536787832572554136e-01
1.980000000000000284e+02 9.482611313408702003e-01
1.990000000000000000e+02 9.425440330131299449e-01
2.000000000000000000e+02 9.365910102449453989e-01
2.010000000000000000e+02 9.303744461592786674e-01
2.020000000000000000e+02 9.237950462070971813e-01
2.030000000000000000e+02 9.169690006580162311e-01
2.040000000000000000e+02 9.098599551587736034e-01
2.050000000000000000e+02 9.024720870779348036e-01
2.060000000000000284e+02 8.948112527804349403e-01
2.069999999999999716e+02 8.868774823540865881e-01
2.080000000000000284e+02 8.787148528456859564e-01
2.090000000000000284e+02 8.702433975959700252e-01
2.100000000000000000e+02 8.615034935599666932e-01
2.110000000000000000e+02 8.525271889962489080e-01
2.120000000000000000e+02 8.432640084472720066e-01
2.130000000000000000e+02 8.337428618731725916e-01
2.140000000000000000e+02 8.239919249089995290e-01
2.150000000000000000e+02 8.139723558509691648e-01
2.160000000000000000e+02 8.036967993590307113e-01
2.170000000000000284e+02 7.932157891716837828e-01
2.179999999999999716e+02 7.824414715325171965e-01
2.190000000000000284e+02 7.714666348707273080e-01
2.200000000000000284e+02 7.602281902612503250e-01
2.210000000000000000e+02 7.487879249205700027e-01
2.220000000000000000e+02 7.371167715687341193e-01
2.230000000000000000e+02 7.251979207819060358e-01
2.240000000000000000e+02 7.130594877834455225e-01
2.250000000000000000e+02 7.007277691527602492e-01
2.260000000000000000e+02 6.881884179691510894e-01
2.270000000000000000e+02 6.753917454267165388e-01
2.280000000000000284e+02 6.624274300261675519e-01
2.290000000000000000e+02 6.492571301668007555e-01
2.299999999999999716e+02 6.358756551879680696e-01
2.309999999999999716e+02 6.223164412472055318e-01
2.320000000000000284e+02 6.085515717652866252e-01
2.330000000000000000e+02 5.945972109056502086e-01
2.340000000000000000e+02 5.804667095426820911e-01
2.350000000000000000e+02 5.661803142132495470e-01
2.360000000000000284e+02 5.517125987115452102e-01
2.370000000000000000e+02 5.370611570209450347e-01
2.380000000000000000e+02 5.222661922101388132e-01
2.390000000000000000e+02 5.072832270524751941e-01
2.400000000000000000e+02 4.921980990485163021e-01
2.410000000000000284e+02 4.769137633000397614e-01
2.420000000000000284e+02 4.615043642926767720e-01
2.430000000000000284e+02 4.459639217945750023e-01
2.439999999999999716e+02 4.302690240992260162e-01
2.450000000000000000e+02 4.144489551700149543e-01
2.460000000000000000e+02 3.985093754144807265e-01
2.470000000000000000e+02 3.824374674665688145e-01
2.480000000000000000e+02 3.662458750630958049e-01
2.490000000000000000e+02 3.499531914571173408e-01
2.500000000000000284e+02 3.335601360744088750e-01
2.510000000000000284e+02 3.170554002223781587e-01
2.519999999999999716e+02 3.004453240907372646e-01
2.529999999999999716e+02 2.837669030315327356e-01
2.540000000000000284e+02 2.669896743395776539e-01
2.550000000000000000e+02 2.501251727085068155e-01
2.560000000000000000e+02 2.331905911951069332e-01
2.570000000000000000e+02 2.161798256041667921e-01
2.580000000000000000e+02 1.991191532486648874e-01
2.590000000000000568e+02 1.819791480298506847e-01
2.600000000000000000e+02 1.648000111509935472e-01
2.610000000000000000e+02 1.475666628004929648e-01
2.620000000000000000e+02 1.302909049133346708e-01
2.630000000000000000e+02 1.129719247093984441e-01
2.640000000000000000e+02 9.562932201080771855e-02
2.650000000000000000e+02 7.825978244218090296e-02
2.660000000000000000e+02 6.087300368763087777e-02
2.669999999999999432e+02 4.349301714749975040e-02
2.680000000000000000e+02 2.616551016370775515e-02
2.690000000000000000e+02 9.272776327644598887e-03
2.700000000000000000e+02 9.821879430912486622e-03
2.710000000000000000e+02 2.675892557328967900e-02
2.720000000000000568e+02 4.409069477886740085e-02
2.730000000000000568e+02 6.147192597982483603e-02
2.740000000000000000e+02 7.885513976485766796e-02
2.750000000000000000e+02 9.622552410199762540e-02
2.760000000000000000e+02 1.135688554300467723e-01
2.770000000000000000e+02 1.308872909021769060e-01
2.780000000000000000e+02 1.481602645882892644e-01
2.790000000000000000e+02 1.653939552740122110e-01
2.800000000000000000e+02 1.825725334152578094e-01
2.810000000000000568e+02 1.997002124821097291e-01
2.820000000000000000e+02 2.167733019033636077e-01
2.830000000000000000e+02 2.337770814012127829e-01
2.840000000000000000e+02 2.507018199306847439e-01
2.850000000000000000e+02 2.675666983143584754e-01
2.860000000000000000e+02 2.843409528331894420e-01
2.870000000000000000e+02 3.010257809673119178e-01
2.880000000000000000e+02 3.176205269051671221e-01
2.890000000000000000e+02 3.341352607182073720e-01
2.900000000000000000e+02 3.505162568524081146e-01
2.910000000000000000e+02 3.668154207053775373e-01
2.920000000000000000e+02 3.829913748413543151e-01
2.930000000000000000e+02 3.990583754361300972e-01
2.940000000000000000e+02 4.150009192819033021e-01
2.950000000000000568e+02 4.308027679390700193e-01
2.960000000000000000e+02 4.464934984172954646e-01
2.970000000000000000e+02 4.620401301664616156e-01
2.980000000000000000e+02 4.774711175471011981e-01
2.990000000000000000e+02 4.927285949965219958e-01
3.000000000000000000e+02 5.078226265955164687e-01
3.010000000000000000e+02 5.227840909920477008e-01
3.020000000000000000e+02 5.375863846765452925e-01
3.030000000000000000e+02 5.522194854569391076e-01
3.040000000000000568e+02 5.666959052007192188e-01
3.050000000000000000e+02 5.809687195360564438e-01
3.060000000000000000e+02 5.950932858360603595e-01
3.070000000000000000e+02 6.090141475882417943e-01
3.080000000000000000e+02 6.227764450009882768e-01
3.090000000000000000e+02 6.363509883485997110e-01
3.100000000000000000e+02 6.497117578633921919e-01
3.110000000000000000e+02 6.628667133039309878e-01
3.119999999999999432e+02 6.758348610286276648e-01
3.130000000000000000e+02 6.885871796615026241e-01
3.140000000000000000e+02 7.011657256463205146e-01
3.150000000000000000e+02 7.134854690380021403e-01
3.160000000000000000e+02 7.256055389265695377e-01
3.170000000000000568e+02 7.375010795034651068e-01
3.180000000000000568e+02 7.491779981029512703e-01
3.190000000000000000e+02 7.606305476644278363e-01
3.200000000000000000e+02 7.718473358010516927e-01
3.210000000000000000e+02 7.828067906527378383e-01
3.220000000000000000e+02 7.935789839271381041e-01
3.230000000000000000e+02 8.040772135926085307e-01
3.240000000000000000e+02 8.143424526072811087e-01
3.250000000000000000e+02 8.243298042543845128e-01
3.260000000000000568e+02 8.340894445872242269e-01
3.270000000000000000e+02 8.435685446668006460e-01
3.280000000000000000e+02 8.528471849944576633e-01
3.290000000000000000e+02 8.618153143219841050e-01
3.300000000000000000e+02 8.705317259400581209e-01
3.310000000000000000e+02 8.790009751417993122e-01
3.320000000000000000e+02 8.871908977252895845e-01
3.330000000000000000e+02 8.950842753148843256e-01
3.340000000000000000e+02 9.027450089362369923e-01
3.350000000000000000e+02 9.100969414546615788e-01
3.360000000000000000e+02 9.172193503587100505e-01
3.370000000000000000e+02 9.240131701077082260e-01
3.380000000000000000e+02 9.305382447581174166e-01
3.390000000000000000e+02 9.368264223045327244e-01
3.400000000000000568e+02 9.427666510286570878e-01
3.410000000000000000e+02 9.484578110671878504e-01
3.420000000000000000e+02 9.538431573147569953e-01
3.430000000000000000e+02 9.589217943317832615e-01
3.440000000000000000e+02 9.637150317559433077e-01
3.450000000000000000e+02 9.682882856190998533e-01
3.460000000000000000e+02 9.724615396856708394e-01
3.470000000000000000e+02 9.763902926738573518e-01
3.480000000000000000e+02 9.800178595761497302e-01
3.490000000000000568e+02 9.833274419901979480e-01
3.500000000000000000e+02 9.863852776660777533e-01
3.510000000000000000e+02 9.890728163258178940e-01
3.520000000000000000e+02 9.914973552106762789e-01
3.530000000000000000e+02 9.936442143182975251e-01
3.540000000000000000e+02 9.954476973008619112e-01
3.550000000000000000e+02 9.969583177712965094e-01
3.560000000000000000e+02 9.982053689291326970e-01
3.569999999999999432e+02 9.990719264736916960e-01
3.580000000000000000e+02 9.996774488726456465e-01
3.590000000000000000e+02 9.999942734102436059e-01
3.600000000000000000e+02 1.000000000000000000e+00
