0.000000000000000000e+00 1.000000000000000000e+00
1.000000000000000000e+00 9.998470356018999139e-01
2.000000000000000000e+00 9.993895081687884652e-01
3.000000000000000000e+00 9.986275570688132319e-01
4.000000000000000000e+00 9.975614143988508209e-01
5.000000000000000000e+00 9.961914049169887653e-01
6.000000000000000000e+00 9.945179459419111190e-01
7.000000000000000000e+00 9.925415472249933257e-01
8.000000000000000000e+00 9.902628107971384042e-01
9.000000000000000000e+00 9.876824307840447181e-01
1.000000000000000000e+01 9.848011931949944842e-01
1.100000000000000000e+01 9.816199756832657553e-01
1.200000000000000000e+01 9.781397472788695424e-01
1.300000000000000178e+01 9.743615680943790158e-01
1.400000000000000000e+01 9.702865889997052129e-01
1.500000000000000000e+01 9.659160512742536175e-01
1.600000000000000000e+01 9.612512862271331837e-01
1.700000000000000355e+01 9.562937147914479796e-01
1.800000000000000000e+01 9.510448470927665987e-01
1.900000000000000355e+01 9.455062819885837744e-01
2.000000000000000000e+01 9.396797065797289905e-01
2.100000000000000000e+01 9.335668956992498879e-01
2.200000000000000000e+01 9.271697113703400994e-01
2.300000000000000000e+01 9.204901022383242815e-01
2.400000000000000000e+01 9.135301029785178883e-01
2.500000000000000000e+01 9.062918336759516746e-01
2.600000000000000355e+01 8.987774991792670809e-01
2.700000000000000000e+01 8.909893884295996269e-01
2.800000000000000000e+01 8.829298737630355554e-01
2.900000000000000355e+01 8.746014101880748015e-01
3.000000000000000000e+01 8.660065346379535178e-01
3.100000000000000000e+01 8.571478651974037133e-01
3.200000000000000000e+01 8.480281003060520240e-01
3.300000000000000000e+01 8.386500179354118290e-01
3.400000000000000711e+01 8.290164747433487191e-01
3.500000000000000000e+01 8.191304052041848971e-01
3.600000000000000000e+01 8.089948207140610359e-01
3.700000000000000000e+01 7.986128086741541843e-01
3.800000000000000711e+01 7.879875315505130429e-01
3.899999999999999289e+01 7.771222259098053975e-01
4.000000000000000000e+01 7.660202014345469657e-01
4.100000000000000000e+01 7.546848399145614783e-01
4.200000000000000000e+01 7.431195942165071955e-01
4.300000000000000000e+01 7.313279872325623154e-01
4.400000000000000000e+01 7.193136108077266000e-01
4.500000000000000000e+01 7.070801246447042665e-01
4.600000000000000000e+01 6.946312551904394450e-01
4.700000000000000000e+01 6.819707944996562521e-01
4.800000000000000000e+01 6.691025990816000801e-01
4.899999999999999289e+01 6.560305887239404887e-01
5.000000000000000000e+01 6.427587452992912231e-01
5.100000000000000000e+01 6.292911115529418176e-01
5.200000000000000711e+01 6.156317898708336678e-01
5.300000000000000000e+01 6.017849410305335933e-01
5.400000000000000000e+01 5.877547829340206142e-01
5.500000000000000711e+01 5.735455893226955038e-01
5.600000000000000000e+01 5.591616884767334206e-01
5.700000000000000711e+01 5.446074618957258417e-01
5.800000000000000711e+01 5.298873429653800926e-01
5.900000000000000711e+01 5.150058156077473859e-01
6.000000000000000000e+01 4.999674129146066126e-01
6.099999999999999289e+01 4.847767157688970818e-01
6.200000000000000000e+01 4.694383514491434206e-01
6.299999999999999289e+01 4.539569922215285769e-01
6.400000000000000000e+01 4.383373539174047484e-01
6.500000000000000000e+01 4.225841944986751253e-01
6.600000000000000000e+01 4.067023126106512065e-01
6.700000000000000000e+01 3.906965461221409974e-01
6.800000000000001421e+01 3.745717706553884363e-01
6.900000000000000000e+01 3.583328981047620432e-01
7.000000000000000000e+01 3.419848751457644220e-01
7.100000000000000000e+01 3.255326817348329071e-01
7.200000000000000000e+01 3.089813296017030475e-01
7.300000000000000000e+01 2.923358607348937599e-01
7.400000000000000000e+01 2.756013458629303914e-01
7.500000000000000000e+01 2.587828829330609537e-01
7.600000000000001421e+01 2.418855955922411816e-01
7.700000000000000000e+01 2.249146316755099295e-01
7.799999999999998579e+01 2.078751617118463346e-01
7.900000000000000000e+01 1.907723774629024593e-01
8.000000000000000000e+01 1.736114905241155359e-01
8.100000000000000000e+01 1.563977310406838295e-01
8.200000000000000000e+01 1.391363466459667741e-01
8.300000000000000000e+01 1.218326018497899732e-01
8.400000000000000000e+01 1.044917784079856110e-01
8.500000000000001421e+01 8.711917805490937416e-02
8.600000000000000000e+01 6.972013174217046860e-02
8.700000000000000000e+01 5.230003058480982292e-02
8.800000000000000000e+01 3.486445457148228122e-02
8.900000000000000000e+01 1.742008459952781169e-02
9.000000000000000000e+01 4.380429946770134217e-04
9.100000000000000000e+01 1.749563602418981872e-02
9.200000000000000000e+01 3.493998917466280968e-02
9.300000000000001421e+01 5.237551092580113032e-02
9.400000000000000000e+01 6.979553269541123595e-02
9.500000000000000000e+01 8.719447603517363476e-02
9.600000000000000000e+01 1.045669502356533637e-01
9.700000000000000000e+01 1.219076245119416341e-01
9.799999999999998579e+01 1.392111972287219668e-01
9.900000000000001421e+01 1.564723867081705966e-01
1.000000000000000000e+02 1.736859285133121322e-01
1.010000000000000000e+02 1.908465750848276632e-01
1.020000000000000000e+02 2.079490963552846905e-01
1.030000000000000142e+02 2.249882808122969924e-01
1.040000000000000142e+02 2.419589367830854709e-01
1.050000000000000000e+02 2.588558938338262894e-01
1.060000000000000000e+02 2.756740042308924443e-01
1.070000000000000000e+02 2.924081444353155423e-01
1.080000000000000000e+02 3.090532166146047754e-01
1.089999999999999858e+02 3.256041501613430866e-01
1.100000000000000142e+02 3.420559032148344225e-01
1.110000000000000000e+02 3.584034641796819964e-01
1.120000000000000000e+02 3.746418532401742940e-01
1.130000000000000000e+02 3.907661238684540517e-01
1.140000000000000142e+02 4.067713643238433097e-01
1.149999999999999858e+02 4.226526991445297421e-01
1.160000000000000142e+02 4.384052906282879802e-01
1.170000000000000000e+02 4.540243403030355673e-01
1.180000000000000142e+02 4.695050903861296421e-01
1.190000000000000000e+02 4.848428252316915321e-01
1.200000000000000000e+02 5.000328727655090066e-01
1.210000000000000142e+02 5.150706059067371445e-01
1.219999999999999858e+02 5.299514439768165941e-01
1.230000000000000000e+02 5.446708540933523635e-01
1.240000000000000000e+02 5.592243525507624158e-01
1.250000000000000142e+02 5.736075061849464918e-01
1.259999999999999858e+02 5.878159337238665350e-01
1.270000000000000142e+02 6.018453071207338079e-01
1.280000000000000000e+02 6.156913528732218532e-01
1.290000000000000000e+02 6.293498533239044734e-01
1.300000000000000000e+02 6.428166479454640037e-01
1.310000000000000000e+02 6.560876346075862342e-01
1.320000000000000000e+02 6.691587708260519074e-01
1.330000000000000000e+02 6.820260749942581580e-01
1.340000000000000000e+02 6.946856275961982297e-01
1.350000000000000000e+02 7.071335723992976385e-01
1.360000000000000284e+02 7.193661176302290627e-01
1.370000000000000000e+02 7.313795371291452740e-01
1.380000000000000000e+02 7.431701714843131912e-01
1.390000000000000000e+02 7.547344291472999345e-01
1.400000000000000000e+02 7.660687875269547309e-01
1.410000000000000000e+02 7.771697940619221034e-01
1.420000000000000000e+02 7.880340672725449913e-01
1.430000000000000000e+02 7.986582977911543813e-01
1.440000000000000000e+02 8.090392493692823983e-01
1.450000000000000000e+02 8.191737598642817586e-01
1.460000000000000000e+02 8.290587422021566955e-01
1.470000000000000000e+02 8.386911853174613407e-01
1.480000000000000000e+02 8.480681550719015860e-01
1.490000000000000000e+02 8.571867951457396995e-01
1.500000000000000000e+02 8.660443279101488478e-01
1.510000000000000000e+02 8.746380552720791623e-01
1.520000000000000284e+02 8.829653594962471042e-01
1.530000000000000000e+02 8.910237040028451405e-01
1.540000000000000000e+02 8.988106341395738497e-01
1.550000000000000000e+02 9.063237779302720787e-01
1.559999999999999716e+02 9.135608467961794377e-01
1.570000000000000000e+02 9.205196362545633448e-01
1.580000000000000000e+02 9.271980265886572425e-01
1.590000000000000284e+02 9.335939834947745153e-01
1.600000000000000000e+02 9.397055587008387167e-01
1.610000000000000000e+02 9.455308905609035586e-01
1.620000000000000000e+02 9.510682046198989381e-01
1.630000000000000284e+02 9.563158141588221639e-01
1.640000000000000000e+02 9.612721207028730452e-01
1.650000000000000000e+02 9.659356145120214787e-01
1.660000000000000000e+02 9.703048750399601019e-01
1.670000000000000000e+02 9.743785713674214533e-01
1.680000000000000000e+02 9.781554626056176982e-01
1.690000000000000000e+02 9.816343982760529219e-01
1.700000000000000284e+02 9.848143186610708311e-01
1.710000000000000000e+02 9.876942551253417024e-01
1.720000000000000000e+02 9.902733304113796597e-01
1.730000000000000000e+02 9.925507589077634529e-01
1.740000000000000000e+02 9.945258468873524604e-01
1.750000000000000000e+02 9.961979927186587203e-01
1.760000000000000000e+02 9.975666870496801009e-01
1.770000000000000000e+02 9.986315129629386167e-01
1.780000000000000000e+02 9.993921461013782759e-01
1.790000000000000000e+02 9.998483547688915563e-01
1.800000000000000000e+02 1.000000000000000000e+00
1.810000000000000000e+02 9.998470356018999139e-01
1.820000000000000000e+02 9.993895081687884652e-01
1.830000000000000000e+02 9.986275570688132319e-01
1.840000000000000000e+02 9.975614143988508209e-01
1.849999999999999716e+02 9.961914049169887653e-01
1.860000000000000284e+02 9.945179459419111190e-01
1.870000000000000284e+02 9.925415472248853010e-01
1.880000000000000000e+02 9.902628107972404337e-01
1.890000000000000000e+02 9.876824307840447181e-01
1.900000000000000000e+02 9.848011931949944842e-01
1.910000000000000000e+02 9.816199756832657553e-01
1.920000000000000000e+02 9.781397472789629122e-01
1.930000000000000000e+02 9.743615680943790158e-01
1.940000000000000000e+02 9.702865889997052129e-01
1.950000000000000284e+02 9.659160512742536175e-01
1.959999999999999716e+02 9.612512862271331837e-01
1.970000000000000284e+02 9.562937147914479796e-01
1.980000000000000284e+02 9.510448470928005715e-01
1.990000000000000000e+02 9.455062819885018399e-01
2.000000000000000000e+02 9.396797065797289905e-01
2.010000000000000000e+02 9.335668956992498879e-01
2.020000000000000000e+02 9.271697113703400994e-01
2.030000000000000000e+02 9.204901022383242815e-01
2.040000000000000000e+02 9.135301029785178883e-01
2.050000000000000000e+02 9.062918336758901683e-01
2.060000000000000284e+02 8.987774991791508405e-01
2.069999999999999716e+02 8.909893884295996269e-01
2.080000000000000284e+02 8.829298737630550953e-01
2.090000000000000284e+02 8.746014101881578462e-01
2.100000000000000000e+02 8.660065346380003692e-01
2.110000000000000000e+02 8.571478651974037133e-01
2.120000000000000000e+02 8.480281003060679001e-01
2.130000000000000000e+02 8.386500179354118290e-01
2.140000000000000000e+02 8.290164747435231352e-01
2.150000000000000000e+02 8.191304052041848971e-01
2.160000000000000000e+02 8.089948207140136294e-01
2.170000000000000284e+02 7.986128086741541843e-01
2.179999999999999716e+02 7.879875315504224487e-01
2.190000000000000284e+02 7.771222259097884111e-01
2.200000000000000284e+02 7.660202014345469657e-01
2.210000000000000000e+02 7.546848399145222874e-01
2.220000000000000000e+02 7.431195942165071955e-01
2.230000000000000000e+02 7.313279872325744169e-01
2.240000000000000000e+02 7.193136108076420010e-01
2.250000000000000000e+02 7.070801246447033783e-01
2.260000000000000000e+02 6.946312551904394450e-01
2.270000000000000000e+02 6.819707944996993287e-01
2.280000000000000284e+02 6.691025990815298030e-01
2.290000000000000000e+02 6.560305887239404887e-01
2.299999999999999716e+02 6.427587452993380746e-01
2.309999999999999716e+02 6.292911115528341259e-01
2.320000000000000284e+02 6.156317898709020575e-01
2.330000000000000000e+02 6.017849410305867730e-01
2.340000000000000000e+02 5.877547829339916374e-01
2.350000000000000000e+02 5.735455893228047497e-01
2.360000000000000284e+02 5.591616884767076634e-01
2.370000000000000000e+02 5.446074618956798785e-01
2.380000000000000000e+02 5.298873429653631062e-01
2.390000000000000000e+02 5.150058156076866567e-01
2.400000000000000000e+02 4.999674129145837975e-01
2.410000000000000284e+02 4.847767157688688822e-01
2.420000000000000284e+02 4.694383514492311282e-01
2.430000000000000284e+02 4.539569922214907183e-01
2.439999999999999716e+02 4.383373539173531785e-01
2.450000000000000000e+02 4.225841944986791776e-01
2.460000000000000000e+02 4.067023126106740771e-01
2.470000000000000000e+02 3.906965461220986979e-01
2.480000000000000000e+02 3.745717706554129722e-01
2.490000000000000000e+02 3.583328981047793627e-01
2.500000000000000284e+02 3.419848751457403302e-01
2.510000000000000284e+02 3.255326817348111468e-01
2.519999999999999716e+02 3.089813296016957200e-01
2.529999999999999716e+02 2.923358607348965355e-01
2.540000000000000284e+02 2.756013458629579804e-01
2.550000000000000000e+02 2.587828829330401925e-01
2.560000000000000000e+02 2.418855955922394607e-01
2.570000000000000000e+02 2.249146316755004094e-01
2.580000000000000000e+02 2.078751617118455297e-01
2.590000000000000568e+02 1.907723774629161428e-01
2.600000000000000000e+02 1.736114905241084028e-01
2.610000000000000000e+02 1.563977310406823307e-01
2.620000000000000000e+02 1.391363466459994702e-01
2.630000000000000000e+02 1.218326018497953162e-01
2.640000000000000000e+02 1.044917784080043321e-01
2.650000000000000000e+02 8.711917805491055378e-02
2.660000000000000000e+02 6.972013174217067677e-02
2.669999999999999432e+02 5.230003058481044048e-02
2.680000000000000000e+02 3.486445457148474453e-02
2.690000000000000000e+02 1.742008459952762781e-02
2.700000000000000000e+02 4.380429946770051275e-04
2.710000000000000000e+02 1.749563602419182406e-02
2.720000000000000568e+02 3.493998917465937493e-02
2.730000000000000568e+02 5.237551092580025602e-02
2.740000000000000000e+02 6.979553269541853566e-02
2.750000000000000000e+02 8.719447603515444178e-02
2.760000000000000000e+02 1.045669502356570690e-01
2.770000000000000000e+02 1.219076245119272567e-01
2.780000000000000000e+02 1.392111972287158606e-01
2.790000000000000000e+02 1.564723867081786735e-01
2.800000000000000000e+02 1.736859285133155184e-01
2.810000000000000568e+02 1.908465750848114262e-01
2.820000000000000000e+02 2.079490963552663163e-01
2.830000000000000000e+02 2.249882808122980749e-01
2.840000000000000000e+02 2.419589367830817794e-01
2.850000000000000000e+02 2.588558938337968129e-01
2.860000000000000000e+02 2.756740042308907235e-01
2.870000000000000000e+02 2.924081444353380244e-01
2.880000000000000000e+02 3.090532166146027770e-01
2.890000000000000000e+02 3.256041501613944344e-01
2.900000000000000000e+02 3.420559032148381973e-01
2.910000000000000000e+02 3.584034641796898790e-01
2.920000000000000000e+02 3.746418532402075452e-01
2.930000000000000000e+02 3.907661238684262961e-01
2.940000000000000000e+02 4.067713643238810017e-01
2.950000000000000568e+02 4.226526991445387349e-01
2.960000000000000000e+02 4.384052906283080753e-01
2.970000000000000000e+02 4.540243403030864155e-01
2.980000000000000000e+02 4.695050903861737734e-01
2.990000000000000000e+02 4.848428252317317777e-01
3.000000000000000000e+02 5.000328727655356520e-01
3.010000000000000000e+02 5.150706059066798570e-01
3.020000000000000000e+02 5.299514439767470941e-01
3.030000000000000000e+02 5.446708540932674314e-01
3.040000000000000568e+02 5.592243525507130109e-01
3.050000000000000000e+02 5.736075061849786882e-01
3.060000000000000000e+02 5.878159337238469950e-01
3.070000000000000000e+02 6.018453071207165994e-01
3.080000000000000000e+02 6.156913528731320362e-01
3.090000000000000000e+02 6.293498533238908177e-01
3.100000000000000000e+02 6.428166479455258431e-01
3.110000000000000000e+02 6.560876346075459331e-01
3.119999999999999432e+02 6.691587708260909872e-01
3.130000000000000000e+02 6.820260749943506395e-01
3.140000000000000000e+02 6.946856275962458582e-01
3.150000000000000000e+02 7.071335723993050770e-01
3.160000000000000000e+02 7.193661176302872384e-01
3.170000000000000568e+02 7.313795371291627045e-01
3.180000000000000568e+02 7.431701714842876560e-01
3.190000000000000000e+02 7.547344291473533362e-01
3.200000000000000000e+02 7.660687875269477365e-01
3.210000000000000000e+02 7.771697940619113343e-01
3.220000000000000000e+02 7.880340672726254825e-01
3.230000000000000000e+02 7.986582977910853254e-01
3.240000000000000000e+02 8.090392493692823983e-01
3.250000000000000000e+02 8.191737598642989671e-01
3.260000000000000568e+02 8.290587422020370134e-01
3.270000000000000000e+02 8.386911853175642584e-01
3.280000000000000000e+02 8.480681550719015860e-01
3.290000000000000000e+02 8.571867951456505486e-01
3.300000000000000000e+02 8.660443279101635028e-01
3.310000000000000000e+02 8.746380552720551815e-01
3.320000000000000000e+02 8.829653594963446928e-01
3.330000000000000000e+02 8.910237040028451405e-01
3.340000000000000000e+02 8.988106341394275223e-01
3.350000000000000000e+02 9.063237779302100172e-01
3.360000000000000000e+02 9.135608467961294776e-01
3.370000000000000000e+02 9.205196362543794919e-01
3.380000000000000000e+02 9.271980265886572425e-01
3.390000000000000000e+02 9.335939834947586391e-01
3.400000000000000568e+02 9.397055587008752431e-01
3.410000000000000000e+02 9.455308905609035586e-01
3.420000000000000000e+02 9.510682046198989381e-01
3.430000000000000000e+02 9.563158141588858907e-01
3.440000000000000000e+02 9.612721207028730452e-01
3.450000000000000000e+02 9.659356145121593684e-01
3.460000000000000000e+02 9.703048750399601019e-01
3.470000000000000000e+02 9.743785713674214533e-01
3.480000000000000000e+02 9.781554626056176982e-01
3.490000000000000568e+02 9.816343982760529219e-01
3.500000000000000000e+02 9.848143186610708311e-01
3.510000000000000000e+02 9.876942551253417024e-01
3.520000000000000000e+02 9.902733304114175183e-01
3.530000000000000000e+02 9.925507589077543491e-01
3.540000000000000000e+02 9.945258468873524604e-01
3.550000000000000000e+02 9.961979927186587203e-01
3.560000000000000000e+02 9.975666870496801009e-01
3.569999999999999432e+02 9.986315129629386167e-01
3.580000000000000000e+02 9.993921461013782759e-01
3.590000000000000000e+02 9.998483547688915563e-01
3.600000000000000000e+02 1.000000000000000000e+00
