0.000000000000000000e+00 9.999771413994461566e-01
1.000000000000000000e+00 9.996088656940833594e-01
2.000000000000000000e+00 9.989418591849563711e-01
3.000000000000000000e+00 9.979917296973425112e-01
4.000000000000000000e+00 9.967240683663495249e-01
5.000000000000000000e+00 9.951890502144673523e-01
6.000000000000000000e+00 9.933074894003364186e-01
7.000000000000000000e+00 9.911221422541931503e-01
8.000000000000000000e+00 9.886765178482650462e-01
9.000000000000000000e+00 9.858831646519453651e-01
1.000000000000000000e+01 9.828402765137390640e-01
1.100000000000000000e+01 9.794605546806818275e-01
1.200000000000000000e+01 9.757854008465799422e-01
1.300000000000000178e+01 9.718380907705531646e-01
1.400000000000000000e+01 9.675993521451434765e-01
1.500000000000000000e+01 9.630248273262299596e-01
1.600000000000000000e+01 9.581716577839471949e-01
1.700000000000000355e+01 9.530111008719857058e-01
1.800000000000000000e+01 9.475537362780303008e-01
1.900000000000000355e+01 9.418680028387256264e-01
2.000000000000000000e+01 9.358571266293582713e-01
2.100000000000000000e+01 9.295769374323592515e-01
2.200000000000000000e+01 9.229839262271071210e-01
2.300000000000000000e+01 9.161320371231758131e-01
2.400000000000000000e+01 9.089922496594143864e-01
2.500000000000000000e+01 9.015909535113090234e-01
2.600000000000000355e+01 8.938587225425456140e-01
2.700000000000000000e+01 8.859259836631624419e-01
2.800000000000000000e+01 8.776939947182014201e-01
2.900000000000000355e+01 8.692111038574179549e-01
3.000000000000000000e+01 8.604069062205285112e-01
3.100000000000000000e+01 8.514068909269689733e-01
3.200000000000000000e+01 8.421211859765495023e-01
3.300000000000000000e+01 8.325896693874449417e-01
3.400000000000000711e+01 8.228107103225705821e-01
3.500000000000000000e+01 8.127663534631619502e-01
3.600000000000000000e+01 8.024556570852662274e-01
3.700000000000000000e+01 7.919041235430775982e-01
3.800000000000000711e+01 7.811389343254699913e-01
3.899999999999999289e+01 7.701315635001361182e-01
4.000000000000000000e+01 7.588968208466211340e-01
4.100000000000000000e+01 7.474025647590233357e-01
4.200000000000000000e+01 7.357058014850755834e-01
4.300000000000000000e+01 7.237569012676678959e-01
4.400000000000000000e+01 7.116019969578359916e-01
4.500000000000000000e+01 6.992354490317287397e-01
4.600000000000000000e+01 6.866529504160316932e-01
4.700000000000000000e+01 6.738531345228309100e-01
4.800000000000000000e+01 6.608622676521820338e-01
4.899999999999999289e+01 6.476650461794830616e-01
5.000000000000000000e+01 6.342654342949113344e-01
5.100000000000000000e+01 6.206693138958371270e-01
5.200000000000000711e+01 6.069112573074423311e-01
5.300000000000000000e+01 5.929515055857015327e-01
5.400000000000000000e+01 5.787975876336809433e-01
5.500000000000000711e+01 5.644685485050846552e-01
5.600000000000000000e+01 5.499830977686575029e-01
5.700000000000000711e+01 5.353109596519465274e-01
5.800000000000000711e+01 5.205036728924233858e-01
5.900000000000000711e+01 5.055220309559972369e-01
6.000000000000000000e+01 4.903747185421041266e-01
6.099999999999999289e+01 4.751083064899472852e-01
6.200000000000000000e+01 4.596724914160875697e-01
6.299999999999999289e+01 4.441092481602303410e-01
6.400000000000000000e+01 4.283992846403454902e-01
6.500000000000000000e+01 4.125585156970488776e-01
6.600000000000000000e+01 3.966016024378870575e-01
6.700000000000000000e+01 3.805217742582273632e-01
6.800000000000001421e+01 3.643258880542398770e-01
6.900000000000000000e+01 3.480117322313621697e-01
7.000000000000000000e+01 3.316020040368921618e-01
7.100000000000000000e+01 3.150926786187354667e-01
7.200000000000000000e+01 2.984740777690012004e-01
7.300000000000000000e+01 2.817707877501798297e-01
7.400000000000000000e+01 2.649970661604708067e-01
7.500000000000000000e+01 2.481160398036807158e-01
7.600000000000001421e+01 2.311790343253897484e-01
7.700000000000000000e+01 2.141624613344415839e-01
7.799999999999998579e+01 1.970811473027270222e-01
7.900000000000000000e+01 1.799481272528207221e-01
8.000000000000000000e+01 1.627501086837892519e-01
8.100000000000000000e+01 1.455093799264887688e-01
8.200000000000000000e+01 1.282258618545246698e-01
8.300000000000000000e+01 1.109052321165806543e-01
8.400000000000000000e+01 9.354786926200014952e-02
8.500000000000001421e+01 7.616701591742447430e-02
8.600000000000000000e+01 5.876894387927285995e-02
8.700000000000000000e+01 4.136956176897541027e-02
8.800000000000000000e+01 2.400108647864242911e-02
8.900000000000000000e+01 7.011215626061137289e-03
9.000000000000000000e+01 1.146251242496605302e-02
9.100000000000000000e+01 2.868171418478083004e-02
9.200000000000000000e+01 4.606696895827628452e-02
9.300000000000001421e+01 6.346854964787231046e-02
9.400000000000000000e+01 8.086117940892806333e-02
9.500000000000000000e+01 9.823254005161609348e-02
9.600000000000000000e+01 1.155801959453309075e-01
9.700000000000000000e+01 1.328971193823935970e-01
9.799999999999998579e+01 1.501653479511007305e-01
9.900000000000001421e+01 1.674016322261596690e-01
1.000000000000000000e+02 1.845786878814351106e-01
1.010000000000000000e+02 2.016947407517012403e-01
1.020000000000000000e+02 2.187619875753794851e-01
1.030000000000000142e+02 2.357585575107409293e-01
1.040000000000000142e+02 2.526820459163237054e-01
1.050000000000000000e+02 2.695243150811976185e-01
1.060000000000000000e+02 2.862802636327654304e-01
1.070000000000000000e+02 3.029598221633446609e-01
1.080000000000000000e+02 3.195584962745245394e-01
1.089999999999999858e+02 3.360428152753981434e-01
1.100000000000000142e+02 3.524235464605986468e-01
1.110000000000000000e+02 3.687015379002727133e-01
1.120000000000000000e+02 3.848713826290194318e-01
1.130000000000000000e+02 4.009299733854509995e-01
1.140000000000000142e+02 4.168416556847637233e-01
1.149999999999999858e+02 4.326443697717333170e-01
1.160000000000000142e+02 4.483036674635186847e-01
1.170000000000000000e+02 4.638512017880178084e-01
1.180000000000000142e+02 4.792332430025209034e-01
1.190000000000000000e+02 4.944796031176170725e-01
1.200000000000000000e+02 5.095823765986002840e-01
1.210000000000000142e+02 5.245148094951048723e-01
1.219999999999999858e+02 5.392936098854266280e-01
1.230000000000000000e+02 5.538970883748276508e-01
1.240000000000000000e+02 5.683806730923771644e-01
1.250000000000000142e+02 5.826089375771602574e-01
1.259999999999999858e+02 5.967018995760841049e-01
1.270000000000000142e+02 6.106333491942402825e-01
1.280000000000000000e+02 6.243630212447337513e-01
1.290000000000000000e+02 6.378955607259787497e-01
1.300000000000000000e+02 6.512395985963668199e-01
1.310000000000000000e+02 6.643918544500366785e-01
1.320000000000000000e+02 6.773320404118146065e-01
1.330000000000000000e+02 6.900867920810045408e-01
1.340000000000000000e+02 7.025903901728746126e-01
1.350000000000000000e+02 7.149007169008527729e-01
1.360000000000000284e+02 7.270167510957116219e-01
1.370000000000000000e+02 7.388731662202561168e-01
1.380000000000000000e+02 7.505297473725901503e-01
1.390000000000000000e+02 7.619316673453694344e-01
1.400000000000000000e+02 7.731291212209123742e-01
1.410000000000000000e+02 7.840721621598201185e-01
1.420000000000000000e+02 7.947796961457167519e-01
1.430000000000000000e+02 8.052587530054912124e-01
1.440000000000000000e+02 8.154835848014445610e-01
1.450000000000000000e+02 8.254608122475421972e-01
1.460000000000000000e+02 8.351997461792554089e-01
1.470000000000000000e+02 8.446694092954558641e-01
1.480000000000000000e+02 8.539054241243176913e-01
1.490000000000000000e+02 8.628175821636617782e-01
1.500000000000000000e+02 8.715032826456813320e-01
1.510000000000000000e+02 8.799396351321262522e-01
1.520000000000000284e+02 8.880987313367912916e-01
1.530000000000000000e+02 8.959765120333997857e-01
1.540000000000000000e+02 9.035993903926847759e-01
1.550000000000000000e+02 9.109555899018111358e-01
1.559999999999999716e+02 9.180263703976158096e-01
1.570000000000000000e+02 9.247984284071183447e-01
1.580000000000000000e+02 9.312592266317204492e-01
1.590000000000000284e+02 9.375032539819493360e-01
1.600000000000000000e+02 9.434549746554180549e-01
1.610000000000000000e+02 9.491207875903371338e-01
1.620000000000000000e+02 9.544219126839924572e-01
1.630000000000000284e+02 9.594959997155902975e-01
1.640000000000000000e+02 9.642734756423383402e-01
1.650000000000000000e+02 9.687651848038290048e-01
1.660000000000000000e+02 9.728990627623240739e-01
1.670000000000000000e+02 9.768204552041684918e-01
1.680000000000000000e+02 9.803876986296017337e-01
1.690000000000000000e+02 9.836776659486003993e-01
1.700000000000000284e+02 9.866450842434560942e-01
1.710000000000000000e+02 9.893673576101122968e-01
1.720000000000000000e+02 9.917895485188081839e-01
1.730000000000000000e+02 9.938127693889464709e-01
1.740000000000000000e+02 9.956505127237001984e-01
1.750000000000000000e+02 9.971013644534719722e-01
1.760000000000000000e+02 9.983220820519034255e-01
1.770000000000000000e+02 9.991624736935249551e-01
1.780000000000000000e+02 9.997547954283302341e-01
1.790000000000000000e+02 1.000000000000000000e+00
1.800000000000000000e+02 9.999771413994461566e-01
1.810000000000000000e+02 9.996088656940833594e-01
1.820000000000000000e+02 9.989418591849563711e-01
1.830000000000000000e+02 9.979917296973425112e-01
1.840000000000000000e+02 9.967240683663495249e-01
1.849999999999999716e+02 9.951890502144673523e-01
1.860000000000000284e+02 9.933074894003364186e-01
1.870000000000000284e+02 9.911194007930926864e-01
1.880000000000000000e+02 9.886651293184682832e-01
1.890000000000000000e+02 9.858831646519453651e-01
1.900000000000000000e+02 9.828402765137390640e-01
1.910000000000000000e+02 9.794605546806818275e-01
1.920000000000000000e+02 9.757828387822086169e-01
1.930000000000000000e+02 9.718380907705531646e-01
1.940000000000000000e+02 9.675993521451434765e-01
1.950000000000000284e+02 9.630248273262299596e-01
1.959999999999999716e+02 9.581716577839471949e-01
1.970000000000000284e+02 9.530111008719857058e-01
1.980000000000000284e+02 9.475620274809360977e-01
1.990000000000000000e+02 9.418671928876619637e-01
2.000000000000000000e+02 9.358571266293582713e-01
2.010000000000000000e+02 9.295769374323592515e-01
2.020000000000000000e+02 9.229839262271071210e-01
2.030000000000000000e+02 9.161320371231758131e-01
2.040000000000000000e+02 9.089922496594143864e-01
2.050000000000000000e+02 9.015857421658003412e-01
2.060000000000000284e+02 8.938832488932050291e-01
2.069999999999999716e+02 8.859259836631624419e-01
2.080000000000000284e+02 8.777231378493139946e-01
2.090000000000000284e+02 8.691896344475396052e-01
2.100000000000000000e+02 8.604402704444263916e-01
2.110000000000000000e+02 8.514068909269689733e-01
2.120000000000000000e+02 8.421270475920824561e-01
2.130000000000000000e+02 8.325896693874449417e-01
2.140000000000000000e+02 8.228020736267515067e-01
2.150000000000000000e+02 8.127663534631619502e-01
2.160000000000000000e+02 8.024636423992189682e-01
2.170000000000000284e+02 7.919041235430775982e-01
2.179999999999999716e+02 7.811393674385097574e-01
2.190000000000000284e+02 7.701320162492376609e-01
2.200000000000000284e+02 7.588968208466211340e-01
2.210000000000000000e+02 7.474074363833568269e-01
2.220000000000000000e+02 7.357058014850755834e-01
2.230000000000000000e+02 7.237585865700096877e-01
2.240000000000000000e+02 7.116224095916017234e-01
2.250000000000000000e+02 6.992418541992631020e-01
2.260000000000000000e+02 6.866529504160316932e-01
2.270000000000000000e+02 6.738851496001160291e-01
2.280000000000000284e+02 6.608617173561074365e-01
2.290000000000000000e+02 6.476650461794830616e-01
2.299999999999999716e+02 6.342816119212463244e-01
2.309999999999999716e+02 6.206931269895086256e-01
2.320000000000000284e+02 6.068978251478233110e-01
2.330000000000000000e+02 5.929394006921919758e-01
2.340000000000000000e+02 5.788026882941840201e-01
2.350000000000000000e+02 5.644911952614389827e-01
2.360000000000000284e+02 5.499857214704136910e-01
2.370000000000000000e+02 5.353215341521594395e-01
2.380000000000000000e+02 5.205116525000097472e-01
2.390000000000000000e+02 5.055315162907454418e-01
2.400000000000000000e+02 4.903700981804855474e-01
2.410000000000000284e+02 4.750954966278211899e-01
2.420000000000000284e+02 4.596540899941219394e-01
2.430000000000000284e+02 4.440887419020174698e-01
2.439999999999999716e+02 4.283949103790309909e-01
2.450000000000000000e+02 4.125646765680873740e-01
2.460000000000000000e+02 3.966078165721801385e-01
2.470000000000000000e+02 3.805039016209309510e-01
2.480000000000000000e+02 3.643312116832643777e-01
2.490000000000000000e+02 3.480028587931009998e-01
2.500000000000000284e+02 3.316010628593079601e-01
2.510000000000000284e+02 3.150893567125378492e-01
2.519999999999999716e+02 2.984722738403443598e-01
2.529999999999999716e+02 2.817615884929335346e-01
2.540000000000000284e+02 2.649832195195959694e-01
2.550000000000000000e+02 2.481166585267411406e-01
2.560000000000000000e+02 2.311722513551194014e-01
2.570000000000000000e+02 2.141579546205845119e-01
2.580000000000000000e+02 1.970779451672311500e-01
2.590000000000000568e+02 1.799442320024731701e-01
2.600000000000000000e+02 1.627533480240191399e-01
2.610000000000000000e+02 1.455088921055132656e-01
2.620000000000000000e+02 1.282214523945590379e-01
2.630000000000000000e+02 1.108973175467502376e-01
2.640000000000000000e+02 9.354940879787744523e-02
2.650000000000000000e+02 7.616826886441636912e-02
2.660000000000000000e+02 5.877063037041056065e-02
2.669999999999999432e+02 4.137000180046378206e-02
2.680000000000000000e+02 2.400178076610186284e-02
2.690000000000000000e+02 7.011556860182939152e-03
2.700000000000000000e+02 1.146251264455643362e-02
2.710000000000000000e+02 2.868192150190423256e-02
2.720000000000000568e+02 4.606525886537956443e-02
2.730000000000000568e+02 6.346812236169362131e-02
2.740000000000000000e+02 8.085988199213094141e-02
2.750000000000000000e+02 9.823100755494855452e-02
2.760000000000000000e+02 1.155814073924241736e-01
2.770000000000000000e+02 1.328949929498644544e-01
2.780000000000000000e+02 1.501680257059042067e-01
2.790000000000000000e+02 1.673969630700211930e-01
2.800000000000000000e+02 1.845726655762799651e-01
2.810000000000000568e+02 2.017006142308713501e-01
2.820000000000000000e+02 2.187712759351710945e-01
2.830000000000000000e+02 2.357584334942180448e-01
2.840000000000000000e+02 2.526805548880219354e-01
2.850000000000000000e+02 2.695196376652707060e-01
2.860000000000000000e+02 2.862872760986410192e-01
2.870000000000000000e+02 3.029700448368974897e-01
2.880000000000000000e+02 3.195497282493411917e-01
2.890000000000000000e+02 3.360407626116997948e-01
2.900000000000000000e+02 3.524212374298695272e-01
2.910000000000000000e+02 3.686888081880552726e-01
2.920000000000000000e+02 3.848665975224613844e-01
2.930000000000000000e+02 4.009407723926271538e-01
2.940000000000000000e+02 4.168442821617676097e-01
2.950000000000000568e+02 4.326455601443066623e-01
2.960000000000000000e+02 4.483065774764886102e-01
2.970000000000000000e+02 4.638434876187163547e-01
2.980000000000000000e+02 4.792382341839984683e-01
2.990000000000000000e+02 4.944867618127080089e-01
3.000000000000000000e+02 5.095738690035438445e-01
3.010000000000000000e+02 5.245189372731099420e-01
3.020000000000000000e+02 5.393044834469215010e-01
3.030000000000000000e+02 5.539057922134507095e-01
3.040000000000000568e+02 5.683592508951715860e-01
3.050000000000000000e+02 5.826342425410845349e-01
3.060000000000000000e+02 5.967187974093842717e-01
3.070000000000000000e+02 6.106427689521505275e-01
3.080000000000000000e+02 6.243640279498753332e-01
3.090000000000000000e+02 6.378926612725233092e-01
3.100000000000000000e+02 6.512647166807842281e-01
3.110000000000000000e+02 6.643939601338169076e-01
3.119999999999999432e+02 6.773367680076296526e-01
3.130000000000000000e+02 6.900550982522175580e-01
3.140000000000000000e+02 7.026110051770718679e-01
3.150000000000000000e+02 7.149178549174248776e-01
3.160000000000000000e+02 7.270118597800900861e-01
3.170000000000000568e+02 7.388692069483363545e-01
3.180000000000000568e+02 7.505198435644691024e-01
3.190000000000000000e+02 7.619664859589991845e-01
3.200000000000000000e+02 7.731518539229196296e-01
3.210000000000000000e+02 7.840691005237566680e-01
3.220000000000000000e+02 7.947879620208886386e-01
3.230000000000000000e+02 8.052689327414661591e-01
3.240000000000000000e+02 8.154835848014445610e-01
3.250000000000000000e+02 8.254631333271666982e-01
3.260000000000000568e+02 8.351891438844746274e-01
3.270000000000000000e+02 8.446833684583328061e-01
3.280000000000000000e+02 8.539054241243176913e-01
3.290000000000000000e+02 8.628285153240249361e-01
3.300000000000000000e+02 8.715287036117560504e-01
3.310000000000000000e+02 8.799404502188457045e-01
3.320000000000000000e+02 8.881236359988200491e-01
3.330000000000000000e+02 8.959765120333997857e-01
3.340000000000000000e+02 9.036097673414937859e-01
3.350000000000000000e+02 9.109597340797731535e-01
3.360000000000000000e+02 9.180248767679072275e-01
3.370000000000000000e+02 9.247914812156433628e-01
3.380000000000000000e+02 9.312592266317204492e-01
3.390000000000000000e+02 9.375327869839134021e-01
3.400000000000000568e+02 9.434274115394097882e-01
3.410000000000000000e+02 9.491207875903371338e-01
3.420000000000000000e+02 9.544219126839924572e-01
3.430000000000000000e+02 9.594987230828514457e-01
3.440000000000000000e+02 9.642734756423383402e-01
3.450000000000000000e+02 9.687545535333624835e-01
3.460000000000000000e+02 9.728990627623240739e-01
3.470000000000000000e+02 9.768204552041684918e-01
3.480000000000000000e+02 9.803794713601708954e-01
3.490000000000000568e+02 9.836776659486003993e-01
3.500000000000000000e+02 9.866450842434560942e-01
3.510000000000000000e+02 9.893673576101122968e-01
3.520000000000000000e+02 9.917651200810565504e-01
3.530000000000000000e+02 9.938531670851143973e-01
3.540000000000000000e+02 9.956505127237001984e-01
3.550000000000000000e+02 9.971013644534719722e-01
3.560000000000000000e+02 9.983220820519034255e-01
3.569999999999999432e+02 9.991624736935249551e-01
3.580000000000000000e+02 9.997547954283302341e-01
3.590000000000000000e+02 1.000000000000000000e+00
3.600000000000000000e+02 9.999771413994461566e-01
