0.000000000000000000e+00 1.000000000000000000e+00
1.000000000000000000e+00 9.997970226450113573e-01
2.000000000000000000e+00 9.992793529620463966e-01
3.000000000000000000e+00 9.985176407595508508e-01
4.000000000000000000e+00 9.974300580107077208e-01
5.000000000000000000e+00 9.960851214865863446e-01
6.000000000000000000e+00 9.943450232937525168e-01
7.000000000000000000e+00 9.923746718503937414e-01
8.000000000000000000e+00 9.900940770178953132e-01
9.000000000000000000e+00 9.874618026517142377e-01
1.000000000000000000e+01 9.845745848310627490e-01
1.100000000000000000e+01 9.813796680784312443e-01
1.200000000000000000e+01 9.778224626898530669e-01
1.300000000000000178e+01 9.740970876562381475e-01
1.400000000000000000e+01 9.699967225811992888e-01
1.500000000000000000e+01 9.655920557007352523e-01
1.600000000000000000e+01 9.608807720349823445e-01
1.700000000000000355e+01 9.559346358279005029e-01
1.800000000000000000e+01 9.506254799902349450e-01
1.900000000000000355e+01 9.450831400790321579e-01
2.000000000000000000e+01 9.392661454844781765e-01
2.100000000000000000e+01 9.331407891688159317e-01
2.200000000000000000e+01 9.266986099464590287e-01
2.300000000000000000e+01 9.199977883695049652e-01
2.400000000000000000e+01 9.130191394269332461e-01
2.500000000000000000e+01 9.057868470675164430e-01
2.600000000000000355e+01 8.982364851759712110e-01
2.700000000000000000e+01 8.904619287183833665e-01
2.800000000000000000e+01 8.823840103711264593e-01
2.900000000000000355e+01 8.739950612570882571e-01
3.000000000000000000e+01 8.653938996711136866e-01
3.100000000000000000e+01 8.565507795776508004e-01
3.200000000000000000e+01 8.474104898062465585e-01
3.300000000000000000e+01 8.379967383895371436e-01
3.400000000000000711e+01 8.283631621599257810e-01
3.500000000000000000e+01 8.184645856500505356e-01
3.600000000000000000e+01 8.082981062880126855e-01
3.700000000000000000e+01 7.979133772100690525e-01
3.800000000000000711e+01 7.872923965172827776e-01
3.899999999999999289e+01 7.763600560052195121e-01
4.000000000000000000e+01 7.652929068074363350e-01
4.100000000000000000e+01 7.539439068516098352e-01
4.200000000000000000e+01 7.423314585831607415e-01
4.300000000000000000e+01 7.305229617873163495e-01
4.400000000000000000e+01 7.185054866466143997e-01
4.500000000000000000e+01 7.062778941143901257e-01
4.600000000000000000e+01 6.938088546823000247e-01
4.700000000000000000e+01 6.811240066686642392e-01
4.800000000000000000e+01 6.682932388068250074e-01
4.899999999999999289e+01 6.552074693233920222e-01
5.000000000000000000e+01 6.418754089792284567e-01
5.100000000000000000e+01 6.284132529105871390e-01
5.200000000000000711e+01 6.147327034510331467e-01
5.300000000000000000e+01 6.009380989615624724e-01
5.400000000000000000e+01 5.868759448514269117e-01
5.500000000000000711e+01 5.726325296272991583e-01
5.600000000000000000e+01 5.582657937771080547e-01
5.700000000000000711e+01 5.436995893352055687e-01
5.800000000000000711e+01 5.289697782415001548e-01
5.900000000000000711e+01 5.140594215653901955e-01
6.000000000000000000e+01 4.990224837686898507e-01
6.099999999999999289e+01 4.838284211952736946e-01
6.200000000000000000e+01 4.684874716671711403e-01
6.299999999999999289e+01 4.529886770351294056e-01
6.400000000000000000e+01 4.373732066762976434e-01
6.500000000000000000e+01 4.216311691789225158e-01
6.600000000000000000e+01 4.057362928243056777e-01
6.700000000000000000e+01 3.897470422796492362e-01
6.800000000000001421e+01 3.736070807271496541e-01
6.900000000000000000e+01 3.573684976619589393e-01
7.000000000000000000e+01 3.410236735363043614e-01
7.100000000000000000e+01 3.245736070185264444e-01
7.200000000000000000e+01 3.080118153456796737e-01
7.300000000000000000e+01 2.913707068825211466e-01
7.400000000000000000e+01 2.746479924443204212e-01
7.500000000000000000e+01 2.578326282469984299e-01
7.600000000000001421e+01 2.409605183079001900e-01
7.700000000000000000e+01 2.239886588721621830e-01
7.799999999999998579e+01 2.069666961644657799e-01
7.900000000000000000e+01 1.898832379346895860e-01
8.000000000000000000e+01 1.727434992629505728e-01
8.100000000000000000e+01 1.555592160790680856e-01
8.200000000000000000e+01 1.383383584455391280e-01
8.300000000000000000e+01 1.210772812822347028e-01
8.400000000000000000e+01 1.037992433828065081e-01
8.500000000000001421e+01 8.652199878941320421e-02
8.600000000000000000e+01 6.926165118205480919e-02
8.700000000000000000e+01 5.206715025707404215e-02
8.800000000000000000e+01 3.509041760449097686e-02
8.900000000000000000e+01 1.894900131010963593e-02
9.000000000000000000e+01 9.776069913629841998e-03
9.100000000000000000e+01 2.100322759917861576e-02
9.200000000000000000e+01 3.735308447236016655e-02
9.300000000000001421e+01 5.437918022205725371e-02
9.400000000000000000e+01 7.158537511010210075e-02
9.500000000000000000e+01 8.885160653088344795e-02
9.600000000000000000e+01 1.061315506307370510e-01
9.700000000000000000e+01 1.234102743931157486e-01
9.799999999999998579e+01 1.406639611552460423e-01
9.900000000000001421e+01 1.578816619886903860e-01
1.000000000000000000e+02 1.750571757908226667e-01
1.010000000000000000e+02 1.921981141611313337e-01
1.020000000000000000e+02 2.092729931077962624e-01
1.030000000000000142e+02 2.262856365982844342e-01
1.040000000000000142e+02 2.432381408700714231e-01
1.050000000000000000e+02 2.601205003670272742e-01
1.060000000000000000e+02 2.769072208425795711e-01
1.070000000000000000e+02 2.936390613016014450e-01
1.080000000000000000e+02 3.102617485996606028e-01
1.089999999999999858e+02 3.267858340613324919e-01
1.100000000000000142e+02 3.432376614788466007e-01
1.110000000000000000e+02 3.595517814660788014e-01
1.120000000000000000e+02 3.757853366246670102e-01
1.130000000000000000e+02 3.918886176900270302e-01
1.140000000000000142e+02 4.078984531069262953e-01
1.149999999999999858e+02 4.237647039784293579e-01
1.160000000000000142e+02 4.394882692598316432e-01
1.170000000000000000e+02 4.550982594590657349e-01
1.180000000000000142e+02 4.705631508664587792e-01
1.190000000000000000e+02 4.858815658676676752e-01
1.200000000000000000e+02 5.010699139740499852e-01
1.210000000000000142e+02 5.161051802170757430e-01
1.219999999999999858e+02 5.309531242096550141e-01
1.230000000000000000e+02 5.456784296812330348e-01
1.240000000000000000e+02 5.602293264616959867e-01
1.250000000000000142e+02 5.745522482542947396e-01
1.259999999999999858e+02 5.887649264019299000e-01
1.270000000000000142e+02 6.027626619579066203e-01
1.280000000000000000e+02 6.165935412404455196e-01
1.290000000000000000e+02 6.302098913111208178e-01
1.300000000000000000e+02 6.437092736964771245e-01
1.310000000000000000e+02 6.569692321131487267e-01
1.320000000000000000e+02 6.700184415624785839e-01
1.330000000000000000e+02 6.828914049104657380e-01
1.340000000000000000e+02 6.955101412043226405e-01
1.350000000000000000e+02 7.079260441903642009e-01
1.360000000000000284e+02 7.201611833372282279e-01
1.370000000000000000e+02 7.321493663900470183e-01
1.380000000000000000e+02 7.439073292893932932e-01
1.390000000000000000e+02 7.554978134507314147e-01
1.400000000000000000e+02 7.668095141774005086e-01
1.410000000000000000e+02 7.778750050991818377e-01
1.420000000000000000e+02 7.887291669922797954e-01
1.430000000000000000e+02 7.993028455845628821e-01
1.440000000000000000e+02 8.096750477301646320e-01
1.450000000000000000e+02 8.198114339181110655e-01
1.460000000000000000e+02 8.296492349551825018e-01
1.470000000000000000e+02 8.392940564645495760e-01
1.480000000000000000e+02 8.486436526930558610e-01
1.490000000000000000e+02 8.577658656879217913e-01
1.500000000000000000e+02 8.665981218890124183e-01
1.510000000000000000e+02 8.751635343134313016e-01
1.520000000000000284e+02 8.834959708846648052e-01
1.530000000000000000e+02 8.914937070499828753e-01
1.540000000000000000e+02 8.992863187305414341e-01
1.550000000000000000e+02 9.067924492258743197e-01
1.559999999999999716e+02 9.140154232342020402e-01
1.570000000000000000e+02 9.209220963326097964e-01
1.580000000000000000e+02 9.276457615919659894e-01
1.590000000000000284e+02 9.339099131359306361e-01
1.600000000000000000e+02 9.400588141264734077e-01
1.610000000000000000e+02 9.458924275454275721e-01
1.620000000000000000e+02 9.513871120814653137e-01
1.630000000000000284e+02 9.565889160334194452e-01
1.640000000000000000e+02 9.615023614746754932e-01
1.650000000000000000e+02 9.661654529664640556e-01
1.660000000000000000e+02 9.705505826297688987e-01
1.670000000000000000e+02 9.746000628601879656e-01
1.680000000000000000e+02 9.783581983433655704e-01
1.690000000000000000e+02 9.818433175641800847e-01
1.700000000000000284e+02 9.849907460024904804e-01
1.710000000000000000e+02 9.878325458535006653e-01
1.720000000000000000e+02 9.903812648321518308e-01
1.730000000000000000e+02 9.926686412005155669e-01
1.740000000000000000e+02 9.946702414420836025e-01
1.750000000000000000e+02 9.962641981396042068e-01
1.760000000000000000e+02 9.975935066180479094e-01
1.770000000000000000e+02 9.986667075176742792e-01
1.780000000000000000e+02 9.993545277892166290e-01
1.790000000000000000e+02 9.998466732075386165e-01
1.800000000000000000e+02 1.000000000000000000e+00
1.810000000000000000e+02 9.997970226450113573e-01
1.820000000000000000e+02 9.992793529620463966e-01
1.830000000000000000e+02 9.985176407595508508e-01
1.840000000000000000e+02 9.974300580107077208e-01
1.849999999999999716e+02 9.960851214865863446e-01
1.860000000000000284e+02 9.943450232937525168e-01
1.870000000000000284e+02 9.923567075453115782e-01
1.880000000000000000e+02 9.900826292488573710e-01
1.890000000000000000e+02 9.874618026517142377e-01
1.900000000000000000e+02 9.845745848310627490e-01
1.910000000000000000e+02 9.813796680784312443e-01
1.920000000000000000e+02 9.778833855707015354e-01
1.930000000000000000e+02 9.740970876562381475e-01
1.940000000000000000e+02 9.699967225811992888e-01
1.950000000000000284e+02 9.655920557007352523e-01
1.959999999999999716e+02 9.608807720349823445e-01
1.970000000000000284e+02 9.559346358279005029e-01
1.980000000000000284e+02 9.506382877534511611e-01
1.990000000000000000e+02 9.450455949389238164e-01
2.000000000000000000e+02 9.392661454844781765e-01
2.010000000000000000e+02 9.331407891688159317e-01
2.020000000000000000e+02 9.266986099464590287e-01
2.030000000000000000e+02 9.199977883695049652e-01
2.040000000000000000e+02 9.130191394269332461e-01
2.050000000000000000e+02 9.057785187144865580e-01
2.060000000000000284e+02 8.982750989291623522e-01
2.069999999999999716e+02 8.904619287183833665e-01
2.080000000000000284e+02 8.823861515523242494e-01
2.090000000000000284e+02 8.740009877562887608e-01
2.100000000000000000e+02 8.653966118864526713e-01
2.110000000000000000e+02 8.565507795776508004e-01
2.120000000000000000e+02 8.473926143148318157e-01
2.130000000000000000e+02 8.379967383895371436e-01
2.140000000000000000e+02 8.283356450699534967e-01
2.150000000000000000e+02 8.184645856500505356e-01
2.160000000000000000e+02 8.083168726077575306e-01
2.170000000000000284e+02 7.979133772100690525e-01
2.179999999999999716e+02 7.872912657252877366e-01
2.190000000000000284e+02 7.763764114776187109e-01
2.200000000000000284e+02 7.652929068074363350e-01
2.210000000000000000e+02 7.539500947467218106e-01
2.220000000000000000e+02 7.423314585831607415e-01
2.230000000000000000e+02 7.305235156469553903e-01
2.240000000000000000e+02 7.185139082113696229e-01
2.250000000000000000e+02 7.062987053975414709e-01
2.260000000000000000e+02 6.938088546823000247e-01
2.270000000000000000e+02 6.811335339572994751e-01
2.280000000000000284e+02 6.682780462502492247e-01
2.290000000000000000e+02 6.552074693233920222e-01
2.299999999999999716e+02 6.418735720662472888e-01
2.309999999999999716e+02 6.284398767510399608e-01
2.320000000000000284e+02 6.147597619287203941e-01
2.330000000000000000e+02 6.009203879828884931e-01
2.340000000000000000e+02 5.868581499076398478e-01
2.350000000000000000e+02 5.726310944700245820e-01
2.360000000000000284e+02 5.582507581088297366e-01
2.370000000000000000e+02 5.437082166767960301e-01
2.380000000000000000e+02 5.289643443648570642e-01
2.390000000000000000e+02 5.140700106175771777e-01
2.400000000000000000e+02 4.990380854756591988e-01
2.410000000000000284e+02 4.838492354002064122e-01
2.420000000000000284e+02 4.684710240136291670e-01
2.430000000000000284e+02 4.529780882023589639e-01
2.439999999999999716e+02 4.373819135865277263e-01
2.450000000000000000e+02 4.216207124372644000e-01
2.460000000000000000e+02 4.057365783789241287e-01
2.470000000000000000e+02 3.897426844148312308e-01
2.480000000000000000e+02 3.735960944394736694e-01
2.490000000000000000e+02 3.573688653424047512e-01
2.500000000000000284e+02 3.410224703480097541e-01
2.510000000000000284e+02 3.245818909572039668e-01
2.519999999999999716e+02 3.080132777245819242e-01
2.529999999999999716e+02 2.913747409621455509e-01
2.540000000000000284e+02 2.746495644563244909e-01
2.550000000000000000e+02 2.578354247839537705e-01
2.560000000000000000e+02 2.409467436400898055e-01
2.570000000000000000e+02 2.239879534949213713e-01
2.580000000000000000e+02 2.069682848379641171e-01
2.590000000000000568e+02 1.898761957517174914e-01
2.600000000000000000e+02 1.727446983487575527e-01
2.610000000000000000e+02 1.555643796706418780e-01
2.620000000000000000e+02 1.383399439574538592e-01
2.630000000000000000e+02 1.210853294301376948e-01
2.640000000000000000e+02 1.038018684372769007e-01
2.650000000000000000e+02 8.652313052773412394e-02
2.660000000000000000e+02 6.925937694171280246e-02
2.669999999999999432e+02 5.206906830292938604e-02
2.680000000000000000e+02 3.509035277915998480e-02
2.690000000000000000e+02 1.894912785299784561e-02
2.700000000000000000e+02 9.776070231034625010e-03
2.710000000000000000e+02 2.100376189759795356e-02
2.720000000000000568e+02 3.735377535924658265e-02
2.730000000000000568e+02 5.437965596608108215e-02
2.740000000000000000e+02 7.158350340282040869e-02
2.750000000000000000e+02 8.884990253820444772e-02
2.760000000000000000e+02 1.061321956647251763e-01
2.770000000000000000e+02 1.234099529864679107e-01
2.780000000000000000e+02 1.406623838961049977e-01
2.790000000000000000e+02 1.578729455601549092e-01
2.800000000000000000e+02 1.750592357294963597e-01
2.810000000000000568e+02 1.921885028937194984e-01
2.820000000000000000e+02 2.092675029467634951e-01
2.830000000000000000e+02 2.262859919515820550e-01
2.840000000000000000e+02 2.432399105380957660e-01
2.850000000000000000e+02 2.601252369798909836e-01
2.860000000000000000e+02 2.769082993967241779e-01
2.870000000000000000e+02 2.936305032688727445e-01
2.880000000000000000e+02 3.102719011670134752e-01
2.890000000000000000e+02 3.267859110041117510e-01
2.900000000000000000e+02 3.432365770689223550e-01
2.910000000000000000e+02 3.595607491402909028e-01
2.920000000000000000e+02 3.757935002282229431e-01
2.930000000000000000e+02 3.919070482075892037e-01
2.940000000000000000e+02 4.078780579300488873e-01
2.950000000000000568e+02 4.237596702048159192e-01
2.960000000000000000e+02 4.394886158026649614e-01
2.970000000000000000e+02 4.550916456215659545e-01
2.980000000000000000e+02 4.705814091611928429e-01
2.990000000000000000e+02 4.858977583520912580e-01
3.000000000000000000e+02 5.010725426619484502e-01
3.010000000000000000e+02 5.161047536351324183e-01
3.020000000000000000e+02 5.309610662470142239e-01
3.030000000000000000e+02 5.456416249353800429e-01
3.040000000000000568e+02 5.602143461371998923e-01
3.050000000000000000e+02 5.745765923456521707e-01
3.060000000000000000e+02 5.887705111390783008e-01
3.070000000000000000e+02 6.027729651803225286e-01
3.080000000000000000e+02 6.166269158595842903e-01
3.090000000000000000e+02 6.302241344860334271e-01
3.100000000000000000e+02 6.437153411410111437e-01
3.110000000000000000e+02 6.569806171437870823e-01
3.119999999999999432e+02 6.700185810280465670e-01
3.130000000000000000e+02 6.828895855822827432e-01
3.140000000000000000e+02 6.955246790714685323e-01
3.150000000000000000e+02 7.079249131444065313e-01
3.160000000000000000e+02 7.201745205437013464e-01
3.170000000000000568e+02 7.321376008714640671e-01
3.180000000000000568e+02 7.439134010325435531e-01
3.190000000000000000e+02 7.554987984299472714e-01
3.200000000000000000e+02 7.668086978755142002e-01
3.210000000000000000e+02 7.778479231440692532e-01
3.220000000000000000e+02 7.887121233612364168e-01
3.230000000000000000e+02 7.993228471472426655e-01
3.240000000000000000e+02 8.096750477301646320e-01
3.250000000000000000e+02 8.197891688051197612e-01
3.260000000000000568e+02 8.296714845509913783e-01
3.270000000000000000e+02 8.392971658181196393e-01
3.280000000000000000e+02 8.486436526930558610e-01
3.290000000000000000e+02 8.577300788645294549e-01
3.300000000000000000e+02 8.665918748347315459e-01
3.310000000000000000e+02 8.751488200820662922e-01
3.320000000000000000e+02 8.834839098072730934e-01
3.330000000000000000e+02 8.914937070499828753e-01
3.340000000000000000e+02 8.992823057492449479e-01
3.350000000000000000e+02 9.067656598085233055e-01
3.360000000000000000e+02 9.139828168139514375e-01
3.370000000000000000e+02 9.209033865250273454e-01
3.380000000000000000e+02 9.276457615919659894e-01
3.390000000000000000e+02 9.339611714151346833e-01
3.400000000000000568e+02 9.401082168724553823e-01
3.410000000000000000e+02 9.458924275454275721e-01
3.420000000000000000e+02 9.513871120814653137e-01
3.430000000000000000e+02 9.566071687691087844e-01
3.440000000000000000e+02 9.615023614746754932e-01
3.450000000000000000e+02 9.661873791379904652e-01
3.460000000000000000e+02 9.705505826297688987e-01
3.470000000000000000e+02 9.746000628601879656e-01
3.480000000000000000e+02 9.783745761831621479e-01
3.490000000000000568e+02 9.818433175641800847e-01
3.500000000000000000e+02 9.849907460024904804e-01
3.510000000000000000e+02 9.878325458535006653e-01
3.520000000000000000e+02 9.903948532696846829e-01
3.530000000000000000e+02 9.926597934587758632e-01
3.540000000000000000e+02 9.946702414420836025e-01
3.550000000000000000e+02 9.962641981396042068e-01
3.560000000000000000e+02 9.975935066180479094e-01
3.569999999999999432e+02 9.986667075176742792e-01
3.580000000000000000e+02 9.993545277892166290e-01
3.590000000000000000e+02 9.998466732075386165e-01
3.600000000000000000e+02 1.000000000000000000e+00
