0.000000000000000000e+00 1.000000000000000000e+00
1.000000000000000000e+00 9.998981955400588761e-01
2.000000000000000000e+00 9.994832572559518846e-01
3.000000000000000000e+00 9.987830497683041209e-01
4.000000000000000000e+00 9.977404137387166916e-01
5.000000000000000000e+00 9.964096388575851559e-01
6.000000000000000000e+00 9.947915086375488380e-01
7.000000000000000000e+00 9.928705594987148331e-01
8.000000000000000000e+00 9.905846703660883268e-01
9.000000000000000000e+00 9.880824159030950904e-01
1.000000000000000000e+01 9.852478503032625623e-01
1.100000000000000000e+01 9.820980247402476548e-01
1.200000000000000000e+01 9.786723656125910775e-01
1.300000000000000178e+01 9.749294402947910054e-01
1.400000000000000000e+01 9.708818004273472857e-01
1.500000000000000000e+01 9.665804903984699381e-01
1.600000000000000000e+01 9.619489837211883110e-01
1.700000000000000355e+01 9.570385168609573112e-01
1.800000000000000000e+01 9.518129519966872509e-01
1.900000000000000355e+01 9.463285692879797040e-01
2.000000000000000000e+01 9.405310685160618300e-01
2.100000000000000000e+01 9.344610263550873208e-01
2.200000000000000000e+01 9.281052044561525216e-01
2.300000000000000000e+01 9.214704122243588813e-01
2.400000000000000000e+01 9.145418525303836699e-01
2.500000000000000000e+01 9.073449073886624694e-01
2.600000000000000355e+01 8.998727616063444401e-01
2.700000000000000000e+01 8.921193726981607730e-01
2.800000000000000000e+01 8.840967402267875253e-01
2.900000000000000355e+01 8.758051260000586646e-01
3.000000000000000000e+01 8.672414056224415635e-01
3.100000000000000000e+01 8.584333145840159496e-01
3.200000000000000000e+01 8.493441324914556834e-01
3.300000000000000000e+01 8.400045395105305568e-01
3.400000000000000711e+01 8.304027008552383737e-01
3.500000000000000000e+01 8.205544158593222059e-01
3.600000000000000000e+01 8.104453238304457630e-01
3.700000000000000000e+01 8.001126841944863344e-01
3.800000000000000711e+01 7.895123452455272695e-01
3.899999999999999289e+01 7.786820526305975321e-01
4.000000000000000000e+01 7.676179588034404144e-01
4.100000000000000000e+01 7.563120055813862264e-01
4.200000000000000000e+01 7.447855467199882007e-01
4.300000000000000000e+01 7.330219634545489527e-01
4.400000000000000000e+01 7.210456102620659280e-01
4.500000000000000000e+01 7.088324189896852978e-01
4.600000000000000000e+01 6.964072350488803576e-01
4.700000000000000000e+01 6.837853612996445118e-01
4.800000000000000000e+01 6.709508229320100270e-01
4.899999999999999289e+01 6.578944050353126016e-01
5.000000000000000000e+01 6.446585387292231850e-01
5.100000000000000000e+01 6.312103426017052765e-01
5.200000000000000711e+01 6.175762385251443165e-01
5.300000000000000000e+01 6.037666101700547294e-01
5.400000000000000000e+01 5.897563228809884484e-01
5.500000000000000711e+01 5.755757069822623473e-01
5.600000000000000000e+01 5.612127334625777175e-01
5.700000000000000711e+01 5.466987840470822757e-01
5.800000000000000711e+01 5.319881044070846610e-01
5.900000000000000711e+01 5.171220397772179345e-01
6.000000000000000000e+01 5.021121354203517129e-01
6.099999999999999289e+01 4.869510475678250905e-01
6.200000000000000000e+01 4.716250649465824063e-01
6.299999999999999289e+01 4.561725698638953719e-01
6.400000000000000000e+01 4.405699399084014312e-01
6.500000000000000000e+01 4.248334244510384994e-01
6.600000000000000000e+01 4.089701094896590061e-01
6.700000000000000000e+01 3.929846323749319192e-01
6.800000000000001421e+01 3.768770554588917188e-01
6.900000000000000000e+01 3.606576341639115002e-01
7.000000000000000000e+01 3.443200010878547102e-01
7.100000000000000000e+01 3.278852420466825679e-01
7.200000000000000000e+01 3.113512618454639114e-01
7.300000000000000000e+01 2.947222907001406655e-01
7.400000000000000000e+01 2.779987527482271070e-01
7.500000000000000000e+01 2.611976167896138956e-01
7.600000000000001421e+01 2.443126916107143110e-01
7.700000000000000000e+01 2.273508982991594984e-01
7.799999999999998579e+01 2.103247240568372756e-01
7.900000000000000000e+01 1.932348992922195141e-01
8.000000000000000000e+01 1.760895363593507346e-01
8.100000000000000000e+01 1.588886474538762361e-01
8.200000000000000000e+01 1.416426482129048703e-01
8.300000000000000000e+01 1.243537289132975870e-01
8.400000000000000000e+01 1.070308146280197492e-01
8.500000000000001421e+01 8.967881443758923821e-02
8.600000000000000000e+01 7.231276086218139942e-02
8.700000000000000000e+01 5.494063440657420000e-02
8.800000000000000000e+01 3.759495729637964134e-02
8.900000000000000000e+01 2.038927767176876987e-02
9.000000000000000000e+01 5.177022438195599471e-03
9.100000000000000000e+01 1.571765023057471525e-02
9.200000000000000000e+01 3.280619286206768598e-02
9.300000000000001421e+01 5.013195456368647884e-02
9.400000000000000000e+01 6.750164828485977209e-02
9.500000000000000000e+01 8.487294009314749754e-02
9.600000000000000000e+01 1.022279566673113121e-01
9.700000000000000000e+01 1.195595213633277032e-01
9.799999999999998579e+01 1.368583604368808215e-01
9.900000000000001421e+01 1.541173733556786829e-01
1.000000000000000000e+02 1.713323515179741019e-01
1.010000000000000000e+02 1.884946902482388387e-01
1.020000000000000000e+02 2.056011323841656357e-01
1.030000000000000142e+02 2.226472145980241679e-01
1.040000000000000142e+02 2.396217892672790617e-01
1.050000000000000000e+02 2.565259780310278903e-01
1.060000000000000000e+02 2.733537367493489301e-01
1.070000000000000000e+02 2.900993770795523008e-01
1.080000000000000000e+02 3.067550139255135755e-01
1.089999999999999858e+02 3.233189197447084440e-01
1.100000000000000142e+02 3.397907975335636155e-01
1.110000000000000000e+02 3.561417084044599668e-01
1.120000000000000000e+02 3.723958686864517476e-01
1.130000000000000000e+02 3.885335006457967255e-01
1.140000000000000142e+02 4.045548883631185921e-01
1.149999999999999858e+02 4.204578622651455322e-01
1.160000000000000142e+02 4.362266494658297855e-01
1.170000000000000000e+02 4.518627021436492086e-01
1.180000000000000142e+02 4.673624529493798918e-01
1.190000000000000000e+02 4.827263103373716224e-01
1.200000000000000000e+02 4.979275687343549528e-01
1.210000000000000142e+02 5.129972390727318698e-01
1.219999999999999858e+02 5.278934010365363694e-01
1.230000000000000000e+02 5.426417354862359543e-01
1.240000000000000000e+02 5.572009315093626736e-01
1.250000000000000142e+02 5.716218440322281547e-01
1.259999999999999858e+02 5.858481293930501987e-01
1.270000000000000142e+02 5.999113843781240796e-01
1.280000000000000000e+02 6.137715039319979748e-01
1.290000000000000000e+02 6.274705682901025039e-01
1.300000000000000000e+02 6.409427098987423577e-01
1.310000000000000000e+02 6.542514550246821825e-01
1.320000000000000000e+02 6.673502339771546499e-01
1.330000000000000000e+02 6.802506568102884010e-01
1.340000000000000000e+02 6.929424386770292044e-01
1.350000000000000000e+02 7.054182282957847105e-01
1.360000000000000284e+02 7.176860728119639488e-01
1.370000000000000000e+02 7.297172433261530644e-01
1.380000000000000000e+02 7.415586631199010403e-01
1.390000000000000000e+02 7.531502492610754329e-01
1.400000000000000000e+02 7.645087920854288788e-01
1.410000000000000000e+02 7.756462752493137325e-01
1.420000000000000000e+02 7.865309728996116023e-01
1.430000000000000000e+02 7.971993257179232906e-01
1.440000000000000000e+02 8.076095645849814542e-01
1.450000000000000000e+02 8.177803731156466638e-01
1.460000000000000000e+02 8.277061631905283656e-01
1.470000000000000000e+02 8.373704917886163335e-01
1.480000000000000000e+02 8.467722601119956893e-01
1.490000000000000000e+02 8.559494879532058009e-01
1.500000000000000000e+02 8.648359337143076697e-01
1.510000000000000000e+02 8.734503552608884336e-01
1.520000000000000284e+02 8.818345420347570851e-01
1.530000000000000000e+02 8.899263762321255600e-01
1.540000000000000000e+02 8.977658212568939700e-01
1.550000000000000000e+02 9.053061329210386754e-01
1.559999999999999716e+02 9.125932853382676679e-01
1.570000000000000000e+02 9.195688110453695829e-01
1.580000000000000000e+02 9.262888585948533260e-01
1.590000000000000284e+02 9.327366626320513499e-01
1.600000000000000000e+02 9.388607470530095922e-01
1.610000000000000000e+02 9.447508573449947544e-01
1.620000000000000000e+02 9.503218416978403971e-01
1.630000000000000284e+02 9.556003942230668624e-01
1.640000000000000000e+02 9.606083368586176841e-01
1.650000000000000000e+02 9.653176291441788459e-01
1.660000000000000000e+02 9.697309162341634092e-01
1.670000000000000000e+02 9.738265118477439364e-01
1.680000000000000000e+02 9.776390501990790405e-01
1.690000000000000000e+02 9.811732484130678555e-01
1.700000000000000284e+02 9.844089189941790385e-01
1.710000000000000000e+02 9.873543039153424017e-01
1.720000000000000000e+02 9.899357802294517228e-01
1.730000000000000000e+02 9.922596993447588831e-01
1.740000000000000000e+02 9.942804591244376322e-01
1.750000000000000000e+02 9.959853270759012611e-01
1.760000000000000000e+02 9.973981295614300357e-01
1.770000000000000000e+02 9.984903830597015029e-01
1.780000000000000000e+02 9.993532527815518485e-01
1.790000000000000000e+02 9.998183968151718171e-01
1.800000000000000000e+02 1.000000000000000000e+00
1.810000000000000000e+02 9.998981955400588761e-01
1.820000000000000000e+02 9.994832572559518846e-01
1.830000000000000000e+02 9.987830497683041209e-01
1.840000000000000000e+02 9.977404137387166916e-01
1.849999999999999716e+02 9.964096388575851559e-01
1.860000000000000284e+02 9.947915086375488380e-01
1.870000000000000284e+02 9.928858885996683092e-01
1.880000000000000000e+02 9.905859273436128376e-01
1.890000000000000000e+02 9.880824159030950904e-01
1.900000000000000000e+02 9.852478503032625623e-01
1.910000000000000000e+02 9.820980247402476548e-01
1.920000000000000000e+02 9.786736199376385725e-01
1.930000000000000000e+02 9.749294402947910054e-01
1.940000000000000000e+02 9.708818004273472857e-01
1.950000000000000284e+02 9.665804903984699381e-01
1.959999999999999716e+02 9.619489837211883110e-01
1.970000000000000284e+02 9.570385168609573112e-01
1.980000000000000284e+02 9.518239887223292062e-01
1.990000000000000000e+02 9.463175947921375064e-01
2.000000000000000000e+02 9.405310685160618300e-01
2.010000000000000000e+02 9.344610263550873208e-01
2.020000000000000000e+02 9.281052044561525216e-01
2.030000000000000000e+02 9.214704122243588813e-01
2.040000000000000000e+02 9.145418525303836699e-01
2.050000000000000000e+02 9.073493167694397510e-01
2.060000000000000284e+02 8.998771019837933371e-01
2.069999999999999716e+02 8.921193726981607730e-01
2.080000000000000284e+02 8.840995304700539625e-01
2.090000000000000284e+02 8.757965485023493368e-01
2.100000000000000000e+02 8.672480610878426921e-01
2.110000000000000000e+02 8.584333145840159496e-01
2.120000000000000000e+02 8.493482568543475608e-01
2.130000000000000000e+02 8.400045395105305568e-01
2.140000000000000000e+02 8.304035596713928991e-01
2.150000000000000000e+02 8.205544158593222059e-01
2.160000000000000000e+02 8.104573718465706289e-01
2.170000000000000284e+02 8.001126841944863344e-01
2.179999999999999716e+02 7.895150129046166754e-01
2.190000000000000284e+02 7.786695593649922698e-01
2.200000000000000284e+02 7.676179588034404144e-01
2.210000000000000000e+02 7.563104541905759648e-01
2.220000000000000000e+02 7.447855467199882007e-01
2.230000000000000000e+02 7.330295124615493485e-01
2.240000000000000000e+02 7.210425126902079151e-01
2.250000000000000000e+02 7.088397384528468681e-01
2.260000000000000000e+02 6.964072350488803576e-01
2.270000000000000000e+02 6.837865834478060734e-01
2.280000000000000284e+02 6.709483021462550045e-01
2.290000000000000000e+02 6.578944050353126016e-01
2.299999999999999716e+02 6.446540663726076925e-01
2.309999999999999716e+02 6.312103160000533952e-01
2.320000000000000284e+02 6.175859726582298981e-01
2.330000000000000000e+02 6.037676791176368463e-01
2.340000000000000000e+02 5.897639889993024909e-01
2.350000000000000000e+02 5.755663831574873157e-01
2.360000000000000284e+02 5.612174757354920773e-01
2.370000000000000000e+02 5.466842299844697495e-01
2.380000000000000000e+02 5.319873176699052575e-01
2.390000000000000000e+02 5.171263678530578778e-01
2.400000000000000000e+02 5.021165883963478738e-01
2.410000000000000284e+02 4.869438069290055182e-01
2.420000000000000284e+02 4.716327764018501401e-01
2.430000000000000284e+02 4.561658795472915973e-01
2.439999999999999716e+02 4.405685268245186914e-01
2.450000000000000000e+02 4.248355391395290392e-01
2.460000000000000000e+02 4.089773449775161995e-01
2.470000000000000000e+02 3.929910417209233620e-01
2.480000000000000000e+02 3.768725824427869298e-01
2.490000000000000000e+02 3.606587014994970808e-01
2.500000000000000284e+02 3.443241454262482848e-01
2.510000000000000284e+02 3.278873186108997584e-01
2.519999999999999716e+02 3.113523128319377054e-01
2.529999999999999716e+02 2.947179555125268302e-01
2.540000000000000284e+02 2.779988370189205860e-01
2.550000000000000000e+02 2.611959797880897272e-01
2.560000000000000000e+02 2.443127261539915496e-01
2.570000000000000000e+02 2.273497246795362636e-01
2.580000000000000000e+02 2.103231965234383383e-01
2.590000000000000568e+02 1.932377045156251638e-01
2.600000000000000000e+02 1.760877039587651072e-01
2.610000000000000000e+02 1.588895042957314541e-01
2.620000000000000000e+02 1.416412463095539920e-01
2.630000000000000000e+02 1.243546910225952901e-01
2.640000000000000000e+02 1.070315299643418011e-01
2.650000000000000000e+02 8.967854585926580968e-02
2.660000000000000000e+02 7.231204013283892840e-02
2.669999999999999432e+02 5.493949338011418909e-02
2.680000000000000000e+02 3.759458423168458158e-02
2.690000000000000000e+02 2.038951942860677338e-02
2.700000000000000000e+02 5.177022467410416669e-03
2.710000000000000000e+02 1.571792492397941152e-02
2.720000000000000568e+02 3.280535244622808516e-02
2.730000000000000568e+02 5.013171679272265119e-02
2.740000000000000000e+02 6.750158942197669043e-02
2.750000000000000000e+02 8.487308789682518340e-02
2.760000000000000000e+02 1.022284775513649518e-01
2.770000000000000000e+02 1.195594503821512666e-01
2.780000000000000000e+02 1.368598899718809214e-01
2.790000000000000000e+02 1.541152262427991637e-01
2.800000000000000000e+02 1.713311993339619033e-01
2.810000000000000568e+02 1.884929488786921681e-01
2.820000000000000000e+02 2.055989573381930280e-01
2.830000000000000000e+02 2.226438044162842023e-01
2.840000000000000000e+02 2.396212721395659107e-01
2.850000000000000000e+02 2.565273233182241985e-01
2.860000000000000000e+02 2.733553446506884477e-01
2.870000000000000000e+02 2.901047166684846412e-01
2.880000000000000000e+02 3.067550489547736237e-01
2.890000000000000000e+02 3.233178498737002693e-01
2.900000000000000000e+02 3.397865804338471296e-01
2.910000000000000000e+02 3.561438632199674381e-01
2.920000000000000000e+02 3.723914471074005195e-01
2.930000000000000000e+02 3.885316366706163538e-01
2.940000000000000000e+02 4.045610997567094524e-01
2.950000000000000568e+02 4.204506472036000364e-01
2.960000000000000000e+02 4.362229825633630598e-01
2.970000000000000000e+02 4.518604273702063190e-01
2.980000000000000000e+02 4.673624706503193282e-01
2.990000000000000000e+02 4.827261274207799713e-01
3.000000000000000000e+02 4.979348581058463119e-01
3.010000000000000000e+02 5.129956138010713929e-01
3.020000000000000000e+02 5.278934355723128302e-01
3.030000000000000000e+02 5.426324666334345626e-01
3.040000000000000568e+02 5.571944795727138411e-01
3.050000000000000000e+02 5.716261732111408422e-01
3.060000000000000000e+02 5.858524733894805436e-01
3.070000000000000000e+02 5.999070499331812245e-01
3.080000000000000000e+02 6.137787817104320975e-01
3.090000000000000000e+02 6.274720036126710809e-01
3.100000000000000000e+02 6.409489158325818448e-01
3.110000000000000000e+02 6.542542145522861619e-01
3.119999999999999432e+02 6.673578966606451557e-01
3.130000000000000000e+02 6.802572716601474889e-01
3.140000000000000000e+02 6.929361942850880141e-01
3.150000000000000000e+02 7.054210043337069136e-01
3.160000000000000000e+02 7.176816480483999561e-01
3.170000000000000568e+02 7.297269993072644789e-01
3.180000000000000568e+02 7.415460297833159631e-01
3.190000000000000000e+02 7.531572661484636777e-01
3.200000000000000000e+02 7.645025299910405137e-01
3.210000000000000000e+02 7.756429773585477028e-01
3.220000000000000000e+02 7.865505540859984990e-01
3.230000000000000000e+02 7.971988148346565994e-01
3.240000000000000000e+02 8.076095645849814542e-01
3.250000000000000000e+02 8.177780369528591109e-01
3.260000000000000568e+02 8.277001890817450303e-01
3.270000000000000000e+02 8.373697160123515504e-01
3.280000000000000000e+02 8.467722601119956893e-01
3.290000000000000000e+02 8.559593936008036419e-01
3.300000000000000000e+02 8.648395187105474280e-01
3.310000000000000000e+02 8.734497159072367456e-01
3.320000000000000000e+02 8.818344984824615373e-01
3.330000000000000000e+02 8.899263762321255600e-01
3.340000000000000000e+02 8.977596138877836918e-01
3.350000000000000000e+02 9.053049484130472058e-01
3.360000000000000000e+02 9.125944289013553368e-01
3.370000000000000000e+02 9.195830272156623186e-01
3.380000000000000000e+02 9.262888585948533260e-01
3.390000000000000000e+02 9.327365248670316245e-01
3.400000000000000568e+02 9.388658468507196098e-01
3.410000000000000000e+02 9.447508573449947544e-01
3.420000000000000000e+02 9.503218416978403971e-01
3.430000000000000000e+02 9.556087871367268116e-01
3.440000000000000000e+02 9.606083368586176841e-01
3.450000000000000000e+02 9.653177650421016498e-01
3.460000000000000000e+02 9.697309162341634092e-01
3.470000000000000000e+02 9.738265118477439364e-01
3.480000000000000000e+02 9.776534195175600184e-01
3.490000000000000568e+02 9.811732484130678555e-01
3.500000000000000000e+02 9.844089189941790385e-01
3.510000000000000000e+02 9.873543039153424017e-01
3.520000000000000000e+02 9.899382410350398009e-01
3.530000000000000000e+02 9.922654665944320440e-01
3.540000000000000000e+02 9.942804591244376322e-01
3.550000000000000000e+02 9.959853270759012611e-01
3.560000000000000000e+02 9.973981295614300357e-01
3.569999999999999432e+02 9.984903830597015029e-01
3.580000000000000000e+02 9.993532527815518485e-01
3.590000000000000000e+02 9.998183968151718171e-01
3.600000000000000000e+02 1.000000000000000000e+00
