0.000000000000000000e+00 1.000000000000000000e+00
1.000000000000000000e+00 9.998008448425015349e-01
2.000000000000000000e+00 9.993106340170907487e-01
3.000000000000000000e+00 9.984749127226488774e-01
4.000000000000000000e+00 9.973624450151719056e-01
5.000000000000000000e+00 9.959620340779753445e-01
6.000000000000000000e+00 9.942319321468039428e-01
7.000000000000000000e+00 9.922131133800295988e-01
8.000000000000000000e+00 9.898839510603875125e-01
9.000000000000000000e+00 9.872408654834071706e-01
1.000000000000000000e+01 9.843178116332327310e-01
1.100000000000000000e+01 9.810885770308185316e-01
1.200000000000000000e+01 9.775567259709694312e-01
1.300000000000000178e+01 9.737419084206136999e-01
1.400000000000000000e+01 9.696008600680063871e-01
1.500000000000000000e+01 9.652032593512438474e-01
1.600000000000000000e+01 9.604720361370178150e-01
1.700000000000000355e+01 9.554808677797357319e-01
1.800000000000000000e+01 9.501683364998482206e-01
1.900000000000000355e+01 9.446044344490535094e-01
2.000000000000000000e+01 9.387232069523752109e-01
2.100000000000000000e+01 9.325648986303205490e-01
2.200000000000000000e+01 9.261151811321300942e-01
2.300000000000000000e+01 9.193813667549350921e-01
2.400000000000000000e+01 9.123984347005966722e-01
2.500000000000000000e+01 9.051092491405005047e-01
2.600000000000000355e+01 8.975473252478600727e-01
2.700000000000000000e+01 8.897053708147912854e-01
2.800000000000000000e+01 8.816168296395580084e-01
2.900000000000000355e+01 8.732450687273364265e-01
3.000000000000000000e+01 8.646050958331594760e-01
3.100000000000000000e+01 8.557098413917302304e-01
3.200000000000000000e+01 8.465374616160310506e-01
3.300000000000000000e+01 8.371188695277435032e-01
3.400000000000000711e+01 8.274449099469445290e-01
3.500000000000000000e+01 8.175120961375896833e-01
3.600000000000000000e+01 8.073448866022572279e-01
3.700000000000000000e+01 7.969178359208100026e-01
3.800000000000000711e+01 7.862667751779064407e-01
3.899999999999999289e+01 7.753557176179197707e-01
4.000000000000000000e+01 7.642102815691659279e-01
4.100000000000000000e+01 7.528438630315550384e-01
4.200000000000000000e+01 7.412515305174735003e-01
4.300000000000000000e+01 7.294115765731583600e-01
4.400000000000000000e+01 7.173674642862981621e-01
4.500000000000000000e+01 7.050969754493074948e-01
4.600000000000000000e+01 6.926063760207921138e-01
4.700000000000000000e+01 6.799253963781468624e-01
4.800000000000000000e+01 6.670127785839734536e-01
4.899999999999999289e+01 6.539134460967253037e-01
5.000000000000000000e+01 6.406119619737631332e-01
5.100000000000000000e+01 6.271045974810279811e-01
5.200000000000000711e+01 6.134235560537907306e-01
5.300000000000000000e+01 5.995430059380626453e-01
5.400000000000000000e+01 5.854831502935781140e-01
5.500000000000000711e+01 5.712464180526786173e-01
5.600000000000000000e+01 5.568281625454822859e-01
5.700000000000000711e+01 5.422541311268909148e-01
5.800000000000000711e+01 5.275059428247032001e-01
5.900000000000000711e+01 5.125951071560104211e-01
6.000000000000000000e+01 4.975422119912704111e-01
6.099999999999999289e+01 4.823260750575333322e-01
6.200000000000000000e+01 4.669559577362091818e-01
6.299999999999999289e+01 4.514542334674433444e-01
6.400000000000000000e+01 4.358156404694445984e-01
6.500000000000000000e+01 4.200443584389582097e-01
6.600000000000000000e+01 4.041359327249779421e-01
6.700000000000000000e+01 3.881180158862642671e-01
6.800000000000001421e+01 3.719722642992221440e-01
6.900000000000000000e+01 3.557169630782034964e-01
7.000000000000000000e+01 3.393511811579615345e-01
7.100000000000000000e+01 3.228824477954914673e-01
7.200000000000000000e+01 3.063184073850286904e-01
7.300000000000000000e+01 2.896582695081630909e-01
7.400000000000000000e+01 2.729119554310904250e-01
7.500000000000000000e+01 2.560801528320978959e-01
7.600000000000001421e+01 2.391718605437501421e-01
7.700000000000000000e+01 2.221889079134224954e-01
7.799999999999998579e+01 2.051417111373229907e-01
7.900000000000000000e+01 1.880280473103091154e-01
8.000000000000000000e+01 1.708622284892588605e-01
8.100000000000000000e+01 1.536426675947591136e-01
8.200000000000000000e+01 1.363770570278639016e-01
8.300000000000000000e+01 1.190700256140479613e-01
8.400000000000000000e+01 1.017316109985850064e-01
8.500000000000001421e+01 8.436296264890437435e-02
8.600000000000000000e+01 6.697208578599475604e-02
8.700000000000000000e+01 4.957128175350904165e-02
8.800000000000000000e+01 3.217979356745315211e-02
8.900000000000000000e+01 1.488910874994401994e-02
9.000000000000000000e+01 4.091441520795275309e-03
9.100000000000000000e+01 2.051746150001066554e-02
9.200000000000000000e+01 3.786622899163118172e-02
9.300000000000001421e+01 5.526452420248872260e-02
9.400000000000000000e+01 7.266382298252882510e-02
9.500000000000000000e+01 9.004734694164860664e-02
9.600000000000000000e+01 1.074084481612761904e-01
9.700000000000000000e+01 1.247381564786708558e-01
9.799999999999998579e+01 1.420326073754498708e-01
9.900000000000001421e+01 1.592815314699482232e-01
1.000000000000000000e+02 1.764859016719970142e-01
1.010000000000000000e+02 1.936344893207428974e-01
1.020000000000000000e+02 2.107241000039827006e-01
1.030000000000000142e+02 2.277527002037081361e-01
1.040000000000000142e+02 2.447112979085149242e-01
1.050000000000000000e+02 2.615928245448637668e-01
1.060000000000000000e+02 2.784000841797816261e-01
1.070000000000000000e+02 2.951152710805589607e-01
1.080000000000000000e+02 3.117474841331038804e-01
1.089999999999999858e+02 3.282791913815642504e-01
1.100000000000000142e+02 3.447162033242038293e-01
1.110000000000000000e+02 3.610430890182215746e-01
1.120000000000000000e+02 3.772615454375028432e-01
1.130000000000000000e+02 3.933772527200376512e-01
1.140000000000000142e+02 4.093559901046989746e-01
1.149999999999999858e+02 4.252119523375703092e-01
1.160000000000000142e+02 4.409478772955172099e-01
1.170000000000000000e+02 4.565438154089837552e-01
1.180000000000000142e+02 4.720050804128898547e-01
1.190000000000000000e+02 4.873169411277408769e-01
1.200000000000000000e+02 5.024751116900069148e-01
1.210000000000000142e+02 5.174953247268598844e-01
1.219999999999999858e+02 5.323522809831089386e-01
1.230000000000000000e+02 5.470495316055334900e-01
1.240000000000000000e+02 5.615647812245834203e-01
1.250000000000000142e+02 5.759212984890976772e-01
1.259999999999999858e+02 5.901057230438122581e-01
1.270000000000000142e+02 6.041010803630033621e-01
1.280000000000000000e+02 6.179180097792152937e-01
1.290000000000000000e+02 6.315492842033266774e-01
1.300000000000000000e+02 6.449845238704687844e-01
1.310000000000000000e+02 6.582217516628262599e-01
1.320000000000000000e+02 6.712655528211961542e-01
1.330000000000000000e+02 6.840904717125535495e-01
1.340000000000000000e+02 6.967228165491254899e-01
1.350000000000000000e+02 7.091399339108911404e-01
1.360000000000000284e+02 7.213371223131517240e-01
1.370000000000000000e+02 7.333079458549233154e-01
1.380000000000000000e+02 7.450646733495388530e-01
1.390000000000000000e+02 7.565818569522534398e-01
1.400000000000000000e+02 7.678962625772889350e-01
1.410000000000000000e+02 7.789581368283630125e-01
1.420000000000000000e+02 7.897803799596383456e-01
1.430000000000000000e+02 8.003661073851711105e-01
1.440000000000000000e+02 8.107043902369609478e-01
1.450000000000000000e+02 8.207962658083722829e-01
1.460000000000000000e+02 8.306385089924525067e-01
1.470000000000000000e+02 8.402293479784619379e-01
1.480000000000000000e+02 8.495794581480670127e-01
1.490000000000000000e+02 8.586472400799287641e-01
1.500000000000000000e+02 8.674605957112914156e-01
1.510000000000000000e+02 8.760076218893131372e-01
1.520000000000000284e+02 8.842952002510501286e-01
1.530000000000000000e+02 8.923020446545923967e-01
1.540000000000000000e+02 9.000466706570077191e-01
1.550000000000000000e+02 9.075298394215625120e-01
1.559999999999999716e+02 9.147074388629617969e-01
1.570000000000000000e+02 9.216197695101105980e-01
1.580000000000000000e+02 9.282558708230927991e-01
1.590000000000000284e+02 9.346032100729998460e-01
1.600000000000000000e+02 9.406714343806378276e-01
1.610000000000000000e+02 9.464533075058401135e-01
1.620000000000000000e+02 9.519558779165205875e-01
1.630000000000000284e+02 9.571397295084335122e-01
1.640000000000000000e+02 9.620538567827993104e-01
1.650000000000000000e+02 9.666842992866890860e-01
1.660000000000000000e+02 9.709916691214056650e-01
1.670000000000000000e+02 9.750260790417326628e-01
1.680000000000000000e+02 9.787511364844551087e-01
1.690000000000000000e+02 9.821853943407838905e-01
1.700000000000000284e+02 9.853183520468395962e-01
1.710000000000000000e+02 9.881473689426644169e-01
1.720000000000000000e+02 9.906823292479554066e-01
1.730000000000000000e+02 9.928967892432345455e-01
1.740000000000000000e+02 9.948260791566285732e-01
1.750000000000000000e+02 9.964397198577882309e-01
1.760000000000000000e+02 9.977749729660472244e-01
1.770000000000000000e+02 9.987863855744253394e-01
1.780000000000000000e+02 9.994782892693002685e-01
1.790000000000000000e+02 9.998947698862636901e-01
1.800000000000000000e+02 1.000000000000000000e+00
1.810000000000000000e+02 9.998008448425015349e-01
1.820000000000000000e+02 9.993106340170907487e-01
1.830000000000000000e+02 9.984749127226488774e-01
1.840000000000000000e+02 9.973624450151719056e-01
1.849999999999999716e+02 9.959620340779753445e-01
1.860000000000000284e+02 9.942319321468039428e-01
1.870000000000000284e+02 9.922075594285738598e-01
1.880000000000000000e+02 9.898788939297146205e-01
1.890000000000000000e+02 9.872408654834071706e-01
1.900000000000000000e+02 9.843178116332327310e-01
1.910000000000000000e+02 9.810885770308185316e-01
1.920000000000000000e+02 9.775430521183352539e-01
1.930000000000000000e+02 9.737419084206136999e-01
1.940000000000000000e+02 9.696008600680063871e-01
1.950000000000000284e+02 9.652032593512438474e-01
1.959999999999999716e+02 9.604720361370178150e-01
1.970000000000000284e+02 9.554808677797357319e-01
1.980000000000000284e+02 9.501704380027800045e-01
1.990000000000000000e+02 9.446089000061206331e-01
2.000000000000000000e+02 9.387232069523752109e-01
2.010000000000000000e+02 9.325648986303205490e-01
2.020000000000000000e+02 9.261151811321300942e-01
2.030000000000000000e+02 9.193813667549350921e-01
2.040000000000000000e+02 9.123984347005966722e-01
2.050000000000000000e+02 9.051114783256800633e-01
2.060000000000000284e+02 8.975423262663091428e-01
2.069999999999999716e+02 8.897053708147912854e-01
2.080000000000000284e+02 8.816145207829408914e-01
2.090000000000000284e+02 8.732449551340504268e-01
2.100000000000000000e+02 8.646110690048959269e-01
2.110000000000000000e+02 8.557098413917302304e-01
2.120000000000000000e+02 8.465388447145634210e-01
2.130000000000000000e+02 8.371188695277435032e-01
2.140000000000000000e+02 8.274577873669007877e-01
2.150000000000000000e+02 8.175120961375896833e-01
2.160000000000000000e+02 8.073526929160604881e-01
2.170000000000000284e+02 7.969178359208100026e-01
2.179999999999999716e+02 7.862640049916934659e-01
2.190000000000000284e+02 7.753528166843610681e-01
2.200000000000000284e+02 7.642102815691659279e-01
2.210000000000000000e+02 7.528406996783331140e-01
2.220000000000000000e+02 7.412515305174735003e-01
2.230000000000000000e+02 7.294186998136160671e-01
2.240000000000000000e+02 7.173624807436915773e-01
2.250000000000000000e+02 7.050928163136397364e-01
2.260000000000000000e+02 6.926063760207921138e-01
2.270000000000000000e+02 6.799211724203190199e-01
2.280000000000000284e+02 6.670200399105298272e-01
2.290000000000000000e+02 6.539134460967253037e-01
2.299999999999999716e+02 6.406164709293803439e-01
2.309999999999999716e+02 6.271065502543833325e-01
2.320000000000000284e+02 6.134267174879054485e-01
2.330000000000000000e+02 5.995411694305710082e-01
2.340000000000000000e+02 5.854738673489059408e-01
2.350000000000000000e+02 5.712455267494987998e-01
2.360000000000000284e+02 5.568349958778777697e-01
2.370000000000000000e+02 5.422519009548941726e-01
2.380000000000000000e+02 5.275054133213108454e-01
2.390000000000000000e+02 5.125923098950377899e-01
2.400000000000000000e+02 4.975333954456577779e-01
2.410000000000000284e+02 4.823179563725762953e-01
2.420000000000000284e+02 4.669642189596712734e-01
2.430000000000000284e+02 4.514585774954088526e-01
2.439999999999999716e+02 4.358167560556298059e-01
2.450000000000000000e+02 4.200435334362529471e-01
2.460000000000000000e+02 4.041368719135549625e-01
2.470000000000000000e+02 3.881141959203978642e-01
2.480000000000000000e+02 3.719740348793462714e-01
2.490000000000000000e+02 3.557199224427050610e-01
2.500000000000000284e+02 3.393543706562289208e-01
2.510000000000000284e+02 3.228771556197662096e-01
2.519999999999999716e+02 3.063191144870214822e-01
2.529999999999999716e+02 2.896549593993681393e-01
2.540000000000000284e+02 2.729100168517702985e-01
2.550000000000000000e+02 2.560819804822344059e-01
2.560000000000000000e+02 2.391698846306379855e-01
2.570000000000000000e+02 2.221879736020378748e-01
2.580000000000000000e+02 2.051429574897661035e-01
2.590000000000000568e+02 1.880296679272999150e-01
2.600000000000000000e+02 1.708605550211507451e-01
2.610000000000000000e+02 1.536438013282638571e-01
2.620000000000000000e+02 1.363778657126989147e-01
2.630000000000000000e+02 1.190722536800532666e-01
2.640000000000000000e+02 1.017306556028004516e-01
2.650000000000000000e+02 8.436181829915938291e-02
2.660000000000000000e+02 6.697165632126676760e-02
2.669999999999999432e+02 4.957186563489144465e-02
2.680000000000000000e+02 3.218021413622931121e-02
2.690000000000000000e+02 1.488920556784020278e-02
2.700000000000000000e+02 4.091441555093579957e-03
2.710000000000000000e+02 2.051736877639142795e-02
2.720000000000000568e+02 3.786637090449978399e-02
2.730000000000000568e+02 5.526486405743620545e-02
2.740000000000000000e+02 7.266322347946238547e-02
2.750000000000000000e+02 9.004720694071013942e-02
2.760000000000000000e+02 1.074084895776207943e-01
2.770000000000000000e+02 1.247400538777357487e-01
2.780000000000000000e+02 1.420330525734843641e-01
2.790000000000000000e+02 1.592812802556755336e-01
2.800000000000000000e+02 1.764850969173215878e-01
2.810000000000000568e+02 1.936322529059691655e-01
2.820000000000000000e+02 2.107247535700123298e-01
2.830000000000000000e+02 2.277505777795671427e-01
2.840000000000000000e+02 2.447085424663745512e-01
2.850000000000000000e+02 2.615939365911865711e-01
2.860000000000000000e+02 2.783981794765404971e-01
2.870000000000000000e+02 2.951166868433341417e-01
2.880000000000000000e+02 3.117458309991243404e-01
2.890000000000000000e+02 3.282819521676144103e-01
2.900000000000000000e+02 3.447131644401750239e-01
2.910000000000000000e+02 3.610443402315118844e-01
2.920000000000000000e+02 3.772647671951617210e-01
2.930000000000000000e+02 3.933750345186918240e-01
2.940000000000000000e+02 4.093563488154343122e-01
2.950000000000000568e+02 4.252207273883515382e-01
2.960000000000000000e+02 4.409466094426926497e-01
2.970000000000000000e+02 4.565460190780608052e-01
2.980000000000000000e+02 4.720026985965972699e-01
2.990000000000000000e+02 4.873160665571291128e-01
3.000000000000000000e+02 5.024753158541506171e-01
3.010000000000000000e+02 5.175039968211250230e-01
3.020000000000000000e+02 5.323502865954969909e-01
3.030000000000000000e+02 5.470448037634790817e-01
3.040000000000000568e+02 5.615694106050437284e-01
3.050000000000000000e+02 5.759224137560187140e-01
3.060000000000000000e+02 5.901040772992210970e-01
3.070000000000000000e+02 6.041109902973779144e-01
3.080000000000000000e+02 6.179163754500296424e-01
3.090000000000000000e+02 6.315497210956921847e-01
3.100000000000000000e+02 6.449860413711577811e-01
3.110000000000000000e+02 6.582261173826307044e-01
3.119999999999999432e+02 6.712538268187413504e-01
3.130000000000000000e+02 6.841016388573994966e-01
3.140000000000000000e+02 6.967161103649900378e-01
3.150000000000000000e+02 7.091373010966887103e-01
3.160000000000000000e+02 7.213264787374983333e-01
3.170000000000000568e+02 7.333109416412341153e-01
3.180000000000000568e+02 7.450698861973052978e-01
3.190000000000000000e+02 7.565859889043652364e-01
3.200000000000000000e+02 7.678892946514657147e-01
3.210000000000000000e+02 7.789490143289193869e-01
3.220000000000000000e+02 7.897757413645731805e-01
3.230000000000000000e+02 8.003567118329937280e-01
3.240000000000000000e+02 8.107043902369609478e-01
3.250000000000000000e+02 8.207990030643652624e-01
3.260000000000000568e+02 8.306344720621428035e-01
3.270000000000000000e+02 8.402248772111821085e-01
3.280000000000000000e+02 8.495794581480670127e-01
3.290000000000000000e+02 8.586371772845603489e-01
3.300000000000000000e+02 8.674631934820875578e-01
3.310000000000000000e+02 8.760153163722012026e-01
3.320000000000000000e+02 8.842919234993481536e-01
3.330000000000000000e+02 8.923020446545923967e-01
3.340000000000000000e+02 9.000499348638105745e-01
3.350000000000000000e+02 9.075203534216366164e-01
3.360000000000000000e+02 9.147112463562153684e-01
3.370000000000000000e+02 9.216279450075042234e-01
3.380000000000000000e+02 9.282558708230927991e-01
3.390000000000000000e+02 9.346074368223410422e-01
3.400000000000000568e+02 9.406708542109398774e-01
3.410000000000000000e+02 9.464533075058401135e-01
3.420000000000000000e+02 9.519558779165205875e-01
3.430000000000000000e+02 9.571510489740655547e-01
3.440000000000000000e+02 9.620538567827993104e-01
3.450000000000000000e+02 9.666766713424136404e-01
3.460000000000000000e+02 9.709916691214056650e-01
3.470000000000000000e+02 9.750260790417326628e-01
3.480000000000000000e+02 9.787374156654837787e-01
3.490000000000000568e+02 9.821853943407838905e-01
3.500000000000000000e+02 9.853183520468395962e-01
3.510000000000000000e+02 9.881473689426644169e-01
3.520000000000000000e+02 9.906839792102024589e-01
3.530000000000000000e+02 9.929082943882170387e-01
3.540000000000000000e+02 9.948260791566285732e-01
3.550000000000000000e+02 9.964397198577882309e-01
3.560000000000000000e+02 9.977749729660472244e-01
3.569999999999999432e+02 9.987863855744253394e-01
3.580000000000000000e+02 9.994782892693002685e-01
3.590000000000000000e+02 9.998947698862636901e-01
3.600000000000000000e+02 1.000000000000000000e+00
