0.000000000000000000e+00 1.000000000000000000e+00
1.000000000000000000e+00 9.997198291373184942e-01
2.000000000000000000e+00 9.992049121030954772e-01
3.000000000000000000e+00 9.984405260940130145e-01
4.000000000000000000e+00 9.973645447808319187e-01
5.000000000000000000e+00 9.960308541060988174e-01
6.000000000000000000e+00 9.942439051123389548e-01
7.000000000000000000e+00 9.922762710021635346e-01
8.000000000000000000e+00 9.898647569259094725e-01
9.000000000000000000e+00 9.873174589187513339e-01
1.000000000000000000e+01 9.843896743478142142e-01
1.100000000000000000e+01 9.811627928415732613e-01
1.200000000000000000e+01 9.776566643045830896e-01
1.300000000000000178e+01 9.738390852169490630e-01
1.400000000000000000e+01 9.697707849215838616e-01
1.500000000000000000e+01 9.653244975403465489e-01
1.600000000000000000e+01 9.606148901653386307e-01
1.700000000000000355e+01 9.556207699707949255e-01
1.800000000000000000e+01 9.503586737578089139e-01
1.900000000000000355e+01 9.447259585415254124e-01
2.000000000000000000e+01 9.389854966688472304e-01
2.100000000000000000e+01 9.327318715708107222e-01
2.200000000000000000e+01 9.263345803726849015e-01
2.300000000000000000e+01 9.196417923512834047e-01
2.400000000000000000e+01 9.126645233837836768e-01
2.500000000000000000e+01 9.053600187207534455e-01
2.600000000000000355e+01 8.978078229252119957e-01
2.700000000000000000e+01 8.899780097263974010e-01
2.800000000000000000e+01 8.819115728427309175e-01
2.900000000000000355e+01 8.735064717589791083e-01
3.000000000000000000e+01 8.649220356906037743e-01
3.100000000000000000e+01 8.559755553347259127e-01
3.200000000000000000e+01 8.468562139093547270e-01
3.300000000000000000e+01 8.374189695634031150e-01
3.400000000000000711e+01 8.277850991279991355e-01
3.500000000000000000e+01 8.178583589911659901e-01
3.600000000000000000e+01 8.076887454128920396e-01
3.700000000000000000e+01 7.972702681387290324e-01
3.800000000000000711e+01 7.866649630740536470e-01
3.899999999999999289e+01 7.756879723123678572e-01
4.000000000000000000e+01 7.646664572439291208e-01
4.100000000000000000e+01 7.532861394466755511e-01
4.200000000000000000e+01 7.416685949370158681e-01
4.300000000000000000e+01 7.298861037148913766e-01
4.400000000000000000e+01 7.178333191420928072e-01
4.500000000000000000e+01 7.055547053434919613e-01
4.600000000000000000e+01 6.930832080629869552e-01
4.700000000000000000e+01 6.804333980553566308e-01
4.800000000000000000e+01 6.674979942649983400e-01
4.899999999999999289e+01 6.544128657871378651e-01
5.000000000000000000e+01 6.411152630060686919e-01
5.100000000000000000e+01 6.276051878332187250e-01
5.200000000000000711e+01 6.139126691364921173e-01
5.300000000000000000e+01 6.000836561028454197e-01
5.400000000000000000e+01 5.859982645779191479e-01
5.500000000000000711e+01 5.718339769876400469e-01
5.600000000000000000e+01 5.574151331344137095e-01
5.700000000000000711e+01 5.428362488490745541e-01
5.800000000000000711e+01 5.281120114029670409e-01
5.900000000000000711e+01 5.131859886142942084e-01
6.000000000000000000e+01 4.981380406316152643e-01
6.099999999999999289e+01 4.829010656698562998e-01
6.200000000000000000e+01 4.675608273246101287e-01
6.299999999999999289e+01 4.520675797307550092e-01
6.400000000000000000e+01 4.363946570050828422e-01
6.500000000000000000e+01 4.206688292198595414e-01
6.600000000000000000e+01 4.047624422305823866e-01
6.700000000000000000e+01 3.887434966494339172e-01
6.800000000000001421e+01 3.726017496133693374e-01
6.900000000000000000e+01 3.563655749986098797e-01
7.000000000000000000e+01 3.400131898856571522e-01
7.100000000000000000e+01 3.235533062261672366e-01
7.200000000000000000e+01 3.069880126983729474e-01
7.300000000000000000e+01 2.903311300981529786e-01
7.400000000000000000e+01 2.735691341007568944e-01
7.500000000000000000e+01 2.567659433168644201e-01
7.600000000000001421e+01 2.398649726720631370e-01
7.700000000000000000e+01 2.228722213095486182e-01
7.799999999999998579e+01 2.058393694888989989e-01
7.900000000000000000e+01 1.887344806364438243e-01
8.000000000000000000e+01 1.715677512203302724e-01
8.100000000000000000e+01 1.543518963166667368e-01
8.200000000000000000e+01 1.370878148158472809e-01
8.300000000000000000e+01 1.198050136173638425e-01
8.400000000000000000e+01 1.024675751949444130e-01
8.500000000000001421e+01 8.510063933928757596e-02
8.600000000000000000e+01 6.772761516679953742e-02
8.700000000000000000e+01 5.034356388588232672e-02
8.800000000000000000e+01 3.299040933465119396e-02
8.900000000000000000e+01 1.581734295910822499e-02
9.000000000000000000e+01 4.566447602572055141e-03
9.100000000000000000e+01 2.001360385610536155e-02
9.200000000000000000e+01 3.726766884440953914e-02
9.300000000000001421e+01 5.463172200422571761e-02
9.400000000000000000e+01 7.201263332327720312e-02
9.500000000000000000e+01 8.938500832424813025e-02
9.600000000000000000e+01 1.067400925837478781e-01
9.700000000000000000e+01 1.240689396924187782e-01
9.799999999999998579e+01 1.413603491767077558e-01
9.900000000000001421e+01 1.585967436877293579e-01
1.000000000000000000e+02 1.758048662971064269e-01
1.010000000000000000e+02 1.929544575939670659e-01
1.020000000000000000e+02 2.100384242962496650e-01
1.030000000000000142e+02 2.270603754964616305e-01
1.040000000000000142e+02 2.440175693727372475e-01
1.050000000000000000e+02 2.609152823268058308e-01
1.060000000000000000e+02 2.777113931806759473e-01
1.070000000000000000e+02 2.944517668130997023e-01
1.080000000000000000e+02 3.110754181903016002e-01
1.089999999999999858e+02 3.276028384609543376e-01
1.100000000000000142e+02 3.440244921415528956e-01
1.110000000000000000e+02 3.603728110628822146e-01
1.120000000000000000e+02 3.765981052509201343e-01
1.130000000000000000e+02 3.927112516576776735e-01
1.140000000000000142e+02 4.087051413021774993e-01
1.149999999999999858e+02 4.245309338948539679e-01
1.160000000000000142e+02 4.403077114957800742e-01
1.170000000000000000e+02 4.558834199882239591e-01
1.180000000000000142e+02 4.713533734531647479e-01
1.190000000000000000e+02 4.866973236922162993e-01
1.200000000000000000e+02 5.018324273785167433e-01
1.210000000000000142e+02 5.168526887653962509e-01
1.219999999999999858e+02 5.317424681382922902e-01
1.230000000000000000e+02 5.464290555333767285e-01
1.240000000000000000e+02 5.609694941571128357e-01
1.250000000000000142e+02 5.752839151184223621e-01
1.259999999999999858e+02 5.895250578326537427e-01
1.270000000000000142e+02 6.034894686775843509e-01
1.280000000000000000e+02 6.173655651279635892e-01
1.290000000000000000e+02 6.309666342579520748e-01
1.300000000000000000e+02 6.444429015425445773e-01
1.310000000000000000e+02 6.576749122786600399e-01
1.320000000000000000e+02 6.707437633685244815e-01
1.330000000000000000e+02 6.835785543238590556e-01
1.340000000000000000e+02 6.962322378580974025e-01
1.350000000000000000e+02 7.086147546202760106e-01
1.360000000000000284e+02 7.207968629994317977e-01
1.370000000000000000e+02 7.327769634756615691e-01
1.380000000000000000e+02 7.445491045885066494e-01
1.390000000000000000e+02 7.561111220057320503e-01
1.400000000000000000e+02 7.673982323245199799e-01
1.410000000000000000e+02 7.784397443947154160e-01
1.420000000000000000e+02 7.893012161682743111e-01
1.430000000000000000e+02 7.998914185490474393e-01
1.440000000000000000e+02 8.102452458371562916e-01
1.450000000000000000e+02 8.203253302419677429e-01
1.460000000000000000e+02 8.302006256879220780e-01
1.470000000000000000e+02 8.398052415260885972e-01
1.480000000000000000e+02 8.491803620618483261e-01
1.490000000000000000e+02 8.582241607525445959e-01
1.500000000000000000e+02 8.670627064744941270e-01
1.510000000000000000e+02 8.756273341378850716e-01
1.520000000000000284e+02 8.839269702377755555e-01
1.530000000000000000e+02 8.919217639757851535e-01
1.540000000000000000e+02 8.996669129302652390e-01
1.550000000000000000e+02 9.072155897624629706e-01
1.559999999999999716e+02 9.143972746585525835e-01
1.570000000000000000e+02 9.213348703388054561e-01
1.580000000000000000e+02 9.280185669787388569e-01
1.590000000000000284e+02 9.343509030568466489e-01
1.600000000000000000e+02 9.403350219025791157e-01
1.610000000000000000e+02 9.461427683814042089e-01
1.620000000000000000e+02 9.516932548871147590e-01
1.630000000000000284e+02 9.568723756435572048e-01
1.640000000000000000e+02 9.617878135762797376e-01
1.650000000000000000e+02 9.665319742317881602e-01
1.660000000000000000e+02 9.707296094026979238e-01
1.670000000000000000e+02 9.747787755095239648e-01
1.680000000000000000e+02 9.785825474789172640e-01
1.690000000000000000e+02 9.819269932212483232e-01
1.700000000000000284e+02 9.851063422749581910e-01
1.710000000000000000e+02 9.880450211880994482e-01
1.720000000000000000e+02 9.904197971048548377e-01
1.730000000000000000e+02 9.927719571786547403e-01
1.740000000000000000e+02 9.947421473496190769e-01
1.750000000000000000e+02 9.963712161537146006e-01
1.760000000000000000e+02 9.976626739993841309e-01
1.770000000000000000e+02 9.986441070966176614e-01
1.780000000000000000e+02 9.993660481901129877e-01
1.790000000000000000e+02 9.998429705675413448e-01
1.800000000000000000e+02 1.000000000000000000e+00
1.810000000000000000e+02 9.997198291373184942e-01
1.820000000000000000e+02 9.992049121030954772e-01
1.830000000000000000e+02 9.984405260940130145e-01
1.840000000000000000e+02 9.973645447808319187e-01
1.849999999999999716e+02 9.960308541060988174e-01
1.860000000000000284e+02 9.942439051123389548e-01
1.870000000000000284e+02 9.922575179865086303e-01
1.880000000000000000e+02 9.899094071039986620e-01
1.890000000000000000e+02 9.873174589187513339e-01
1.900000000000000000e+02 9.843896743478142142e-01
1.910000000000000000e+02 9.811627928415732613e-01
1.920000000000000000e+02 9.776524429581324727e-01
1.930000000000000000e+02 9.738390852169490630e-01
1.940000000000000000e+02 9.697707849215838616e-01
1.950000000000000284e+02 9.653244975403465489e-01
1.959999999999999716e+02 9.606148901653386307e-01
1.970000000000000284e+02 9.556207699707949255e-01
1.980000000000000284e+02 9.503800469737341272e-01
1.990000000000000000e+02 9.448083217450122806e-01
2.000000000000000000e+02 9.389854966688472304e-01
2.010000000000000000e+02 9.327318715708107222e-01
2.020000000000000000e+02 9.263345803726849015e-01
2.030000000000000000e+02 9.196417923512834047e-01
2.040000000000000000e+02 9.126645233837836768e-01
2.050000000000000000e+02 9.053443565956857952e-01
2.060000000000000284e+02 8.978495990465729104e-01
2.069999999999999716e+02 8.899780097263974010e-01
2.080000000000000284e+02 8.818877849768373967e-01
2.090000000000000284e+02 8.735101669844859140e-01
2.100000000000000000e+02 8.649452454535058177e-01
2.110000000000000000e+02 8.559755553347259127e-01
2.120000000000000000e+02 8.468582944117680755e-01
2.130000000000000000e+02 8.374189695634031150e-01
2.140000000000000000e+02 8.277842521031197887e-01
2.150000000000000000e+02 8.178583589911659901e-01
2.160000000000000000e+02 8.076604947952832347e-01
2.170000000000000284e+02 7.972702681387290324e-01
2.179999999999999716e+02 7.866255781010181858e-01
2.190000000000000284e+02 7.757179169794116147e-01
2.200000000000000284e+02 7.646664572439291208e-01
2.210000000000000000e+02 7.532842770928227516e-01
2.220000000000000000e+02 7.416685949370158681e-01
2.230000000000000000e+02 7.298753866168781190e-01
2.240000000000000000e+02 7.178069814185720210e-01
2.250000000000000000e+02 7.055686346516352181e-01
2.260000000000000000e+02 6.930832080629869552e-01
2.270000000000000000e+02 6.803757232396966392e-01
2.280000000000000284e+02 6.674693834173246465e-01
2.290000000000000000e+02 6.544128657871378651e-01
2.299999999999999716e+02 6.410810071855502779e-01
2.309999999999999716e+02 6.276375281945014706e-01
2.320000000000000284e+02 6.139060792530357524e-01
2.330000000000000000e+02 6.001025473708562208e-01
2.340000000000000000e+02 5.860715526973880873e-01
2.350000000000000000e+02 5.718065335813159455e-01
2.360000000000000284e+02 5.573792796482216483e-01
2.370000000000000000e+02 5.427834256289788550e-01
2.380000000000000000e+02 5.281111854017139784e-01
2.390000000000000000e+02 5.131680852466448117e-01
2.400000000000000000e+02 4.981398193473037250e-01
2.410000000000000284e+02 4.829159400455279028e-01
2.420000000000000284e+02 4.675708730245377032e-01
2.430000000000000284e+02 4.520687010742159839e-01
2.439999999999999716e+02 4.364233152726861298e-01
2.450000000000000000e+02 4.206443484923333975e-01
2.460000000000000000e+02 4.047505488139925833e-01
2.470000000000000000e+02 3.887386754239200437e-01
2.480000000000000000e+02 3.725964906035219570e-01
2.490000000000000000e+02 3.563563468151972891e-01
2.500000000000000284e+02 3.400178002448173697e-01
2.510000000000000284e+02 3.235374076203776372e-01
2.519999999999999716e+02 3.069902451148840972e-01
2.529999999999999716e+02 2.903146225876911402e-01
2.540000000000000284e+02 2.735621442544959869e-01
2.550000000000000000e+02 2.567535452482424541e-01
2.560000000000000000e+02 2.398534764988398404e-01
2.570000000000000000e+02 2.228596186072879515e-01
2.580000000000000000e+02 2.058213532655912004e-01
2.590000000000000568e+02 1.887268415698269142e-01
2.600000000000000000e+02 1.715596270491070718e-01
2.610000000000000000e+02 1.543479364611963223e-01
2.620000000000000000e+02 1.370899898169391229e-01
2.630000000000000000e+02 1.197977459134641209e-01
2.640000000000000000e+02 1.024585322015789390e-01
2.650000000000000000e+02 8.510238610696786721e-02
2.660000000000000000e+02 6.772281708008914825e-02
2.669999999999999432e+02 5.034523454992400476e-02
2.680000000000000000e+02 3.298980394651301190e-02
2.690000000000000000e+02 1.581902288803586909e-02
2.700000000000000000e+02 4.566447305819956552e-03
2.710000000000000000e+02 2.001410319520269959e-02
2.720000000000000568e+02 3.726637883811673851e-02
2.730000000000000568e+02 5.463300939863716121e-02
2.740000000000000000e+02 7.201172013223114399e-02
2.750000000000000000e+02 8.938665768243059251e-02
2.760000000000000000e+02 1.067407091127417773e-01
2.770000000000000000e+02 1.240665964537616267e-01
2.780000000000000000e+02 1.413563990378530755e-01
2.790000000000000000e+02 1.586049975426766512e-01
2.800000000000000000e+02 1.758083715188763219e-01
2.810000000000000568e+02 1.929593810100451168e-01
2.820000000000000000e+02 2.100412203128304289e-01
2.830000000000000000e+02 2.270754910306144181e-01
2.840000000000000000e+02 2.440295337762410921e-01
2.850000000000000000e+02 2.609053365039719075e-01
2.860000000000000000e+02 2.777010488011679712e-01
2.870000000000000000e+02 2.944336982480850184e-01
2.880000000000000000e+02 3.110752031222778213e-01
2.890000000000000000e+02 3.276331646824867105e-01
2.900000000000000000e+02 3.440447751106487373e-01
2.910000000000000000e+02 3.603823494186115806e-01
2.920000000000000000e+02 3.766128900818009884e-01
2.930000000000000000e+02 3.927152789537371458e-01
2.940000000000000000e+02 4.087205361268624326e-01
2.950000000000000568e+02 4.245643465601292577e-01
2.960000000000000000e+02 4.402869147644525305e-01
2.970000000000000000e+02 4.558620030364256004e-01
2.980000000000000000e+02 4.713478532412391231e-01
2.990000000000000000e+02 4.866776601239092281e-01
3.000000000000000000e+02 5.018606188869240148e-01
3.010000000000000000e+02 5.168587617652646848e-01
3.020000000000000000e+02 5.317257056269993898e-01
3.030000000000000000e+02 5.464241015936981416e-01
3.040000000000000568e+02 5.609716154003780986e-01
3.050000000000000000e+02 5.752925663076322582e-01
3.060000000000000000e+02 5.895608339402406139e-01
3.070000000000000000e+02 6.034863032238725333e-01
3.080000000000000000e+02 6.173039092649631465e-01
3.090000000000000000e+02 6.309842293437364358e-01
3.100000000000000000e+02 6.444108135927028025e-01
3.110000000000000000e+02 6.576483039931849683e-01
3.119999999999999432e+02 6.707585027722868798e-01
3.130000000000000000e+02 6.835605820230847840e-01
3.140000000000000000e+02 6.961517073647452980e-01
3.150000000000000000e+02 7.085907468598278136e-01
3.160000000000000000e+02 7.207535767579763553e-01
3.170000000000000568e+02 7.328132122399403370e-01
3.180000000000000568e+02 7.445553613805206972e-01
3.190000000000000000e+02 7.561224323373174627e-01
3.200000000000000000e+02 7.674082116484757243e-01
3.210000000000000000e+02 7.784325676005879879e-01
3.220000000000000000e+02 7.892530112169162670e-01
3.230000000000000000e+02 7.999127274032132862e-01
3.240000000000000000e+02 8.102452458371562916e-01
3.250000000000000000e+02 8.203463590792313687e-01
3.260000000000000568e+02 8.302184051729295522e-01
3.270000000000000000e+02 8.397931264519652439e-01
3.280000000000000000e+02 8.491803620618483261e-01
3.290000000000000000e+02 8.582432069463372670e-01
3.300000000000000000e+02 8.670673927954811733e-01
3.310000000000000000e+02 8.756483852951661984e-01
3.320000000000000000e+02 8.839557719206742048e-01
3.330000000000000000e+02 8.919217639757851535e-01
3.340000000000000000e+02 8.997042883944339486e-01
3.350000000000000000e+02 9.071926807936701032e-01
3.360000000000000000e+02 9.143680818610714356e-01
3.370000000000000000e+02 9.212786889161010961e-01
3.380000000000000000e+02 9.280185669787388569e-01
3.390000000000000000e+02 9.343697079048990384e-01
3.400000000000000568e+02 9.403860533439833969e-01
3.410000000000000000e+02 9.461427683814042089e-01
3.420000000000000000e+02 9.516932548871147590e-01
3.430000000000000000e+02 9.568847369167562400e-01
3.440000000000000000e+02 9.617878135762797376e-01
3.450000000000000000e+02 9.664852215506675170e-01
3.460000000000000000e+02 9.707296094026979238e-01
3.470000000000000000e+02 9.747787755095239648e-01
3.480000000000000000e+02 9.785955513882829138e-01
3.490000000000000568e+02 9.819269932212483232e-01
3.500000000000000000e+02 9.851063422749581910e-01
3.510000000000000000e+02 9.880450211880994482e-01
3.520000000000000000e+02 9.904461897087635247e-01
3.530000000000000000e+02 9.927130649805786522e-01
3.540000000000000000e+02 9.947421473496190769e-01
3.550000000000000000e+02 9.963712161537146006e-01
3.560000000000000000e+02 9.976626739993841309e-01
3.569999999999999432e+02 9.986441070966176614e-01
3.580000000000000000e+02 9.993660481901129877e-01
3.590000000000000000e+02 9.998429705675413448e-01
3.600000000000000000e+02 1.000000000000000000e+00
