0.000000000000000000e+00 1.000000000000000000e+00
1.000000000000000000e+00 9.999914032062322544e-01
2.000000000000000000e+00 9.996491683363843972e-01
3.000000000000000000e+00 9.989744523461752124e-01
4.000000000000000000e+00 9.980795439529746016e-01
5.000000000000000000e+00 9.968184762925792475e-01
6.000000000000000000e+00 9.953387869122527487e-01
7.000000000000000000e+00 9.935030813220432355e-01
8.000000000000000000e+00 9.913302361861910939e-01
9.000000000000000000e+00 9.888700381592118172e-01
1.000000000000000000e+01 9.862268409597158003e-01
1.100000000000000000e+01 9.830904506457808223e-01
1.200000000000000000e+01 9.797318044987204377e-01
1.300000000000000178e+01 9.760347054931151067e-01
1.400000000000000000e+01 9.721893443250710920e-01
1.500000000000000000e+01 9.678811214102406302e-01
1.600000000000000000e+01 9.633608336810497441e-01
1.700000000000000355e+01 9.585274875174707443e-01
1.800000000000000000e+01 9.534303624008086953e-01
1.900000000000000355e+01 9.480151478324477798e-01
2.000000000000000000e+01 9.423940425598499315e-01
2.100000000000000000e+01 9.363771770483699797e-01
2.200000000000000000e+01 9.301609055938090398e-01
2.300000000000000000e+01 9.235530293912564970e-01
2.400000000000000000e+01 9.167747210806443947e-01
2.500000000000000000e+01 9.096074403942724373e-01
2.600000000000000355e+01 9.022845822302819618e-01
2.700000000000000000e+01 8.945852245887266907e-01
2.800000000000000000e+01 8.867115740224227327e-01
2.900000000000000355e+01 8.783831266862694997e-01
3.000000000000000000e+01 8.699634654933652289e-01
3.100000000000000000e+01 8.612183581425255641e-01
3.200000000000000000e+01 8.523029437416669296e-01
3.300000000000000000e+01 8.429973444190533849e-01
3.400000000000000711e+01 8.334065998677659959e-01
3.500000000000000000e+01 8.237074744579696572e-01
3.600000000000000000e+01 8.136985678202620642e-01
3.700000000000000000e+01 8.034466767346416516e-01
3.800000000000000711e+01 7.928844663649394775e-01
3.899999999999999289e+01 7.821494038660287140e-01
4.000000000000000000e+01 7.711239732263812652e-01
4.100000000000000000e+01 7.599387305643598989e-01
4.200000000000000000e+01 7.484181396667658470e-01
4.300000000000000000e+01 7.367728697106137314e-01
4.400000000000000000e+01 7.248704028497300333e-01
4.500000000000000000e+01 7.127086848896659887e-01
4.600000000000000000e+01 7.004293811093749156e-01
4.700000000000000000e+01 6.878286370327170163e-01
4.800000000000000000e+01 6.750659201395959874e-01
4.899999999999999289e+01 6.620579484709366858e-01
5.000000000000000000e+01 6.489050306279698921e-01
5.100000000000000000e+01 6.355074103986230183e-01
5.200000000000000711e+01 6.219122432186622307e-01
5.300000000000000000e+01 6.081531096472888587e-01
5.400000000000000000e+01 5.942444502200273648e-01
5.500000000000000711e+01 5.800780419997654258e-01
5.600000000000000000e+01 5.658115676416948236e-01
5.700000000000000711e+01 5.512901293477350251e-01
5.800000000000000711e+01 5.366650518630033950e-01
5.900000000000000711e+01 5.218914808586241350e-01
6.000000000000000000e+01 5.068896408246477137e-01
6.099999999999999289e+01 4.917495405370260197e-01
6.200000000000000000e+01 4.764873204704651588e-01
6.299999999999999289e+01 4.610995513959306735e-01
6.400000000000000000e+01 4.455366780710753871e-01
6.500000000000000000e+01 4.298491695881211938e-01
6.600000000000000000e+01 4.140201086408922260e-01
6.700000000000000000e+01 3.980821835071554071e-01
6.800000000000001421e+01 3.820180815476428293e-01
6.900000000000000000e+01 3.658015741527945175e-01
7.000000000000000000e+01 3.495245209487580218e-01
7.100000000000000000e+01 3.331248717181459762e-01
7.200000000000000000e+01 3.166311303122704701e-01
7.300000000000000000e+01 3.000041014355048219e-01
7.400000000000000000e+01 2.833307743589110750e-01
7.500000000000000000e+01 2.665381402502797203e-01
7.600000000000001421e+01 2.496989109590448119e-01
7.700000000000000000e+01 2.327600443208417968e-01
7.799999999999998579e+01 2.157239960022027947e-01
7.900000000000000000e+01 1.986638727545479710e-01
8.000000000000000000e+01 1.815416814071333373e-01
8.100000000000000000e+01 1.643469846494779174e-01
8.200000000000000000e+01 1.471091358851321362e-01
8.300000000000000000e+01 1.298294075403733649e-01
8.400000000000000000e+01 1.125060384487165666e-01
8.500000000000001421e+01 9.516139790060065828e-02
8.600000000000000000e+01 7.778312562823447296e-02
8.700000000000000000e+01 6.039154385899337535e-02
8.800000000000000000e+01 4.299692151344460672e-02
8.900000000000000000e+01 2.563549327548773904e-02
9.000000000000000000e+01 8.604388740365039381e-03
9.100000000000000000e+01 9.996777390738330674e-03
9.200000000000000000e+01 2.711143819730955570e-02
9.300000000000001421e+01 4.447507414027867395e-02
9.400000000000000000e+01 6.186983081652879662e-02
9.500000000000000000e+01 7.926985049913698456e-02
9.600000000000000000e+01 9.663506535578454681e-02
9.700000000000000000e+01 1.139856549759742932e-01
9.799999999999998579e+01 1.312934012178947896e-01
9.900000000000001421e+01 1.485813427706118572e-01
1.000000000000000000e+02 1.658098311455067919e-01
1.010000000000000000e+02 1.829909467073804197e-01
1.020000000000000000e+02 2.001123519711407173e-01
1.030000000000000142e+02 2.171838766614106464e-01
1.040000000000000142e+02 2.341815995160919928e-01
1.050000000000000000e+02 2.511178429273223656e-01
1.060000000000000000e+02 2.679562391315689629e-01
1.070000000000000000e+02 2.847633321812558793e-01
1.080000000000000000e+02 3.014257748647310442e-01
1.089999999999999858e+02 3.180275377699144368e-01
1.100000000000000142e+02 3.345173361202966600e-01
1.110000000000000000e+02 3.509143589289070997e-01
1.120000000000000000e+02 3.671726837251780839e-01
1.130000000000000000e+02 3.833763111250251820e-01
1.140000000000000142e+02 3.994379747717884954e-01
1.149999999999999858e+02 4.153696212812788002e-01
1.160000000000000142e+02 4.311992271368753626e-01
1.170000000000000000e+02 4.468589363439387507e-01
1.180000000000000142e+02 4.624406099747855325e-01
1.190000000000000000e+02 4.777625679964040417e-01
1.200000000000000000e+02 4.930691081778009743e-01
1.210000000000000142e+02 5.081882387069136531e-01
1.219999999999999858e+02 5.231490066686605989e-01
1.230000000000000000e+02 5.378781353280835953e-01
1.240000000000000000e+02 5.525698768770540559e-01
1.250000000000000142e+02 5.670225016883326807e-01
1.259999999999999858e+02 5.813130531746825147e-01
1.270000000000000142e+02 5.954323420644439535e-01
1.280000000000000000e+02 6.093328994837169388e-01
1.290000000000000000e+02 6.230866470866317508e-01
1.300000000000000000e+02 6.366532914149978239e-01
1.310000000000000000e+02 6.500335937474717163e-01
1.320000000000000000e+02 6.631701786401940080e-01
1.330000000000000000e+02 6.761356368815897300e-01
1.340000000000000000e+02 6.889221134397935931e-01
1.350000000000000000e+02 7.014356473007509196e-01
1.360000000000000284e+02 7.137875117237245659e-01
1.370000000000000000e+02 7.258885304555121598e-01
1.380000000000000000e+02 7.378241924304504984e-01
1.390000000000000000e+02 7.494133256638016993e-01
1.400000000000000000e+02 7.608917868357085723e-01
1.410000000000000000e+02 7.720416996180361480e-01
1.420000000000000000e+02 7.831211845696077756e-01
1.430000000000000000e+02 7.938232833268438204e-01
1.440000000000000000e+02 8.042732512093664354e-01
1.450000000000000000e+02 8.145733793874393447e-01
1.460000000000000000e+02 8.245198592608672383e-01
1.470000000000000000e+02 8.342457076656470960e-01
1.480000000000000000e+02 8.437858412927580209e-01
1.490000000000000000e+02 8.529602742448887387e-01
1.500000000000000000e+02 8.619892130264995567e-01
1.510000000000000000e+02 8.707335760716917727e-01
1.520000000000000284e+02 8.791022277395669215e-01
1.530000000000000000e+02 8.872999319227159454e-01
1.540000000000000000e+02 8.952983164264398663e-01
1.550000000000000000e+02 9.029201396470931673e-01
1.559999999999999716e+02 9.102834841889060336e-01
1.570000000000000000e+02 9.174091014255046916e-01
1.580000000000000000e+02 9.241459619573104689e-01
1.590000000000000284e+02 9.306213017511066887e-01
1.600000000000000000e+02 9.369763001247438661e-01
1.610000000000000000e+02 9.429313617000856240e-01
1.620000000000000000e+02 9.485064963944502825e-01
1.630000000000000284e+02 9.539504967235203914e-01
1.640000000000000000e+02 9.590281209586430933e-01
1.650000000000000000e+02 9.638315189633028801e-01
1.660000000000000000e+02 9.683407406460613487e-01
1.670000000000000000e+02 9.725318968690557231e-01
1.680000000000000000e+02 9.763848276801447845e-01
1.690000000000000000e+02 9.801312521654564902e-01
1.700000000000000284e+02 9.833959746435804172e-01
1.710000000000000000e+02 9.863533773771671065e-01
1.720000000000000000e+02 9.890833106303394962e-01
1.730000000000000000e+02 9.914889037996682530e-01
1.740000000000000000e+02 9.936320522726134197e-01
1.750000000000000000e+02 9.954367615937704805e-01
1.760000000000000000e+02 9.969547798826937646e-01
1.770000000000000000e+02 9.981333190697552205e-01
1.780000000000000000e+02 9.990765593195968242e-01
1.790000000000000000e+02 9.996832495710110678e-01
1.800000000000000000e+02 1.000000000000000000e+00
1.810000000000000000e+02 9.999914032062322544e-01
1.820000000000000000e+02 9.996491683363843972e-01
1.830000000000000000e+02 9.989744523461752124e-01
1.840000000000000000e+02 9.980795439529746016e-01
1.849999999999999716e+02 9.968184762925792475e-01
1.860000000000000284e+02 9.953387869122527487e-01
1.870000000000000284e+02 9.934787938670817109e-01
1.880000000000000000e+02 9.913054401386254266e-01
1.890000000000000000e+02 9.888700381592118172e-01
1.900000000000000000e+02 9.862268409597158003e-01
1.910000000000000000e+02 9.830904506457808223e-01
1.920000000000000000e+02 9.797078827045583305e-01
1.930000000000000000e+02 9.760347054931151067e-01
1.940000000000000000e+02 9.721893443250710920e-01
1.950000000000000284e+02 9.678811214102406302e-01
1.959999999999999716e+02 9.633608336810497441e-01
1.970000000000000284e+02 9.585274875174707443e-01
1.980000000000000284e+02 9.534211272695212180e-01
1.990000000000000000e+02 9.481142061652266806e-01
2.000000000000000000e+02 9.423940425598499315e-01
2.010000000000000000e+02 9.363771770483699797e-01
2.020000000000000000e+02 9.301609055938090398e-01
2.030000000000000000e+02 9.235530293912564970e-01
2.040000000000000000e+02 9.167747210806443947e-01
2.050000000000000000e+02 9.096729370286357197e-01
2.060000000000000284e+02 9.021948794231153812e-01
2.069999999999999716e+02 8.945852245887266907e-01
2.080000000000000284e+02 8.866325133360730693e-01
2.090000000000000284e+02 8.784229387319221205e-01
2.100000000000000000e+02 8.700029778984492701e-01
2.110000000000000000e+02 8.612183581425255641e-01
2.120000000000000000e+02 8.522783819474976097e-01
2.130000000000000000e+02 8.429973444190533849e-01
2.140000000000000000e+02 8.335206151251908224e-01
2.150000000000000000e+02 8.237074744579696572e-01
2.160000000000000000e+02 8.136913134396734915e-01
2.170000000000000284e+02 8.034466767346416516e-01
2.179999999999999716e+02 7.929098067486853862e-01
2.190000000000000284e+02 7.821365940402522643e-01
2.200000000000000284e+02 7.711239732263812652e-01
2.210000000000000000e+02 7.598818256930393034e-01
2.220000000000000000e+02 7.484181396667658470e-01
2.230000000000000000e+02 7.367842366194496950e-01
2.240000000000000000e+02 7.248329922833663952e-01
2.250000000000000000e+02 7.127419551316082069e-01
2.260000000000000000e+02 7.004293811093749156e-01
2.270000000000000000e+02 6.878083527094647209e-01
2.280000000000000284e+02 6.750007094983990763e-01
2.290000000000000000e+02 6.620579484709366858e-01
2.299999999999999716e+02 6.488597758890933820e-01
2.309999999999999716e+02 6.354750045675817693e-01
2.320000000000000284e+02 6.219190472332856157e-01
2.330000000000000000e+02 6.081979195045291720e-01
2.340000000000000000e+02 5.942203334368409973e-01
2.350000000000000000e+02 5.800852959139592979e-01
2.360000000000000284e+02 5.658169234603862563e-01
2.370000000000000000e+02 5.513048622124699927e-01
2.380000000000000000e+02 5.366525106707700221e-01
2.390000000000000000e+02 5.218590401205426277e-01
2.400000000000000000e+02 5.069339856743146910e-01
2.410000000000000284e+02 4.917941566362573069e-01
2.420000000000000284e+02 4.764992110961661087e-01
2.430000000000000284e+02 4.610673020176861980e-01
2.439999999999999716e+02 4.455616820761885144e-01
2.450000000000000000e+02 4.298437181499578652e-01
2.460000000000000000e+02 4.140197512519990242e-01
2.470000000000000000e+02 3.980733452347031687e-01
2.480000000000000000e+02 3.820118576015098522e-01
2.490000000000000000e+02 3.658275556519815508e-01
2.500000000000000284e+02 3.495246009260993270e-01
2.510000000000000284e+02 3.331313920725674782e-01
2.519999999999999716e+02 3.166052856493064560e-01
2.529999999999999716e+02 3.000104372579797118e-01
2.540000000000000284e+02 2.833146387433465030e-01
2.550000000000000000e+02 2.665441859960205884e-01
2.560000000000000000e+02 2.496763579196389915e-01
2.570000000000000000e+02 2.327372897260818474e-01
2.580000000000000000e+02 2.157361911122900600e-01
2.590000000000000568e+02 1.986703066209208890e-01
2.600000000000000000e+02 1.815383805233070913e-01
2.610000000000000000e+02 1.643531234002618968e-01
2.620000000000000000e+02 1.471074094775367547e-01
2.630000000000000000e+02 1.298278127420245120e-01
2.640000000000000000e+02 1.124998074562507666e-01
2.650000000000000000e+02 9.516388073294961003e-02
2.660000000000000000e+02 7.778074492915111604e-02
2.669999999999999432e+02 6.039561201207974822e-02
2.680000000000000000e+02 4.299871311731938428e-02
2.690000000000000000e+02 2.563607568630917738e-02
2.700000000000000000e+02 8.604389684289188295e-03
2.710000000000000000e+02 9.997230013239405411e-03
2.720000000000000568e+02 2.710714123964222746e-02
2.730000000000000568e+02 4.447619590326341160e-02
2.740000000000000000e+02 6.187137766038647291e-02
2.750000000000000000e+02 7.926317314517820900e-02
2.760000000000000000e+02 9.663801960194502716e-02
2.770000000000000000e+02 1.139826107607712635e-01
2.780000000000000000e+02 1.312994372124007270e-01
2.790000000000000000e+02 1.485812848056117796e-01
2.800000000000000000e+02 1.658101176347362704e-01
2.810000000000000568e+02 1.829959681989153375e-01
2.820000000000000000e+02 2.001124838401636130e-01
2.830000000000000000e+02 2.171902960358809143e-01
2.840000000000000000e+02 2.341915760256784718e-01
2.850000000000000000e+02 2.511237826788974004e-01
2.860000000000000000e+02 2.679548464829857868e-01
2.870000000000000000e+02 2.847369717107464671e-01
2.880000000000000000e+02 3.014194976212385413e-01
2.890000000000000000e+02 3.180091450982436285e-01
2.900000000000000000e+02 3.345075600030890106e-01
2.910000000000000000e+02 3.509043818063509734e-01
2.920000000000000000e+02 3.671726243435910475e-01
2.930000000000000000e+02 3.833641637390790557e-01
2.940000000000000000e+02 3.994503103792100829e-01
2.950000000000000568e+02 4.153616171593751960e-01
2.960000000000000000e+02 4.312114273270915565e-01
2.970000000000000000e+02 4.468789976501869043e-01
2.980000000000000000e+02 4.623961553953423453e-01
2.990000000000000000e+02 4.778322434983752198e-01
3.000000000000000000e+02 4.930895145400880364e-01
3.010000000000000000e+02 5.081556861938765213e-01
3.020000000000000000e+02 5.231120072348028893e-01
3.030000000000000000e+02 5.379223092172582543e-01
3.040000000000000568e+02 5.525666365234684907e-01
3.050000000000000000e+02 5.670058324027519303e-01
3.060000000000000000e+02 5.813330586200955441e-01
3.070000000000000000e+02 5.954327312137023265e-01
3.080000000000000000e+02 6.093324879673633898e-01
3.090000000000000000e+02 6.230946064744465884e-01
3.100000000000000000e+02 6.366534109728331225e-01
3.110000000000000000e+02 6.499844368617010426e-01
3.119999999999999432e+02 6.631528581165049285e-01
3.130000000000000000e+02 6.761551465717987597e-01
3.140000000000000000e+02 6.888676227346269831e-01
3.150000000000000000e+02 7.014522564094742840e-01
3.160000000000000000e+02 7.137678657720654130e-01
3.170000000000000568e+02 7.258956321665902545e-01
3.180000000000000568e+02 7.377889334349354566e-01
3.190000000000000000e+02 7.494905638992568342e-01
3.200000000000000000e+02 7.608842294214535062e-01
3.210000000000000000e+02 7.720818710254819806e-01
3.220000000000000000e+02 7.830394596084768732e-01
3.230000000000000000e+02 7.937838006396183976e-01
3.240000000000000000e+02 8.042732512093664354e-01
3.250000000000000000e+02 8.145166956689375848e-01
3.260000000000000568e+02 8.245351020056389535e-01
3.270000000000000000e+02 8.343196257003712146e-01
3.280000000000000000e+02 8.437858412927580209e-01
3.290000000000000000e+02 8.531395657250788744e-01
3.300000000000000000e+02 8.620049996356674571e-01
3.310000000000000000e+02 8.707485214044057287e-01
3.320000000000000000e+02 8.791659953956700857e-01
3.330000000000000000e+02 8.872999319227159454e-01
3.340000000000000000e+02 8.951843352662497422e-01
3.350000000000000000e+02 9.029704177999792192e-01
3.360000000000000000e+02 9.102582804875015698e-01
3.370000000000000000e+02 9.172948842996251351e-01
3.380000000000000000e+02 9.241459619573104689e-01
3.390000000000000000e+02 9.307108028071561234e-01
3.400000000000000568e+02 9.369402921711998955e-01
3.410000000000000000e+02 9.429313617000856240e-01
3.420000000000000000e+02 9.485064963944502825e-01
3.430000000000000000e+02 9.539497692831457876e-01
3.440000000000000000e+02 9.590281209586430933e-01
3.450000000000000000e+02 9.637825772074100072e-01
3.460000000000000000e+02 9.683407406460613487e-01
3.470000000000000000e+02 9.725318968690557231e-01
3.480000000000000000e+02 9.764503265169428570e-01
3.490000000000000568e+02 9.801312521654564902e-01
3.500000000000000000e+02 9.833959746435804172e-01
3.510000000000000000e+02 9.863533773771671065e-01
3.520000000000000000e+02 9.891478613037012479e-01
3.530000000000000000e+02 9.916036702325888852e-01
3.540000000000000000e+02 9.936320522726134197e-01
3.550000000000000000e+02 9.954367615937704805e-01
3.560000000000000000e+02 9.969547798826937646e-01
3.569999999999999432e+02 9.981333190697552205e-01
3.580000000000000000e+02 9.990765593195968242e-01
3.590000000000000000e+02 9.996832495710110678e-01
3.600000000000000000e+02 1.000000000000000000e+00
