0.000000000000000000e+00 9.996274351205850506e-01
1.000000000000000000e+00 9.991523301983816774e-01
2.000000000000000000e+00 9.983721062630716014e-01
3.000000000000000000e+00 9.969618649454904391e-01
4.000000000000000000e+00 9.956536466234862104e-01
5.000000000000000000e+00 9.938125267233713922e-01
6.000000000000000000e+00 9.917250240076660450e-01
7.000000000000000000e+00 9.894064075007260595e-01
8.000000000000000000e+00 9.868285131602035909e-01
9.000000000000000000e+00 9.837235923140591476e-01
1.000000000000000000e+01 9.805279737773421322e-01
1.100000000000000000e+01 9.769960677682071326e-01
1.200000000000000000e+01 9.731356964970913070e-01
1.300000000000000178e+01 9.687658062000867876e-01
1.400000000000000000e+01 9.643867372865658760e-01
1.500000000000000000e+01 9.596083476841466009e-01
1.600000000000000000e+01 9.545062040743574894e-01
1.700000000000000355e+01 9.492683716920403691e-01
1.800000000000000000e+01 9.436462400979314102e-01
1.900000000000000355e+01 9.378080772013732691e-01
2.000000000000000000e+01 9.313521250462147849e-01
2.100000000000000000e+01 9.250353445166189514e-01
2.200000000000000000e+01 9.181310251293949287e-01
2.300000000000000000e+01 9.111638949047343727e-01
2.400000000000000000e+01 9.038669707930430119e-01
2.500000000000000000e+01 8.963520910707206690e-01
2.600000000000000355e+01 8.883808778394601813e-01
2.700000000000000000e+01 8.802737500156150308e-01
2.800000000000000000e+01 8.717644656380552082e-01
2.900000000000000355e+01 8.631462066714724601e-01
3.000000000000000000e+01 8.541083800504171153e-01
3.100000000000000000e+01 8.449764252640667994e-01
3.200000000000000000e+01 8.354433702390020589e-01
3.300000000000000000e+01 8.258096118770404948e-01
3.400000000000000711e+01 8.158931928279977708e-01
3.500000000000000000e+01 8.056292121700375786e-01
3.600000000000000000e+01 7.951673727498237421e-01
3.700000000000000000e+01 7.844993098783861196e-01
3.800000000000000711e+01 7.735910156604237642e-01
3.899999999999999289e+01 7.624477165354318631e-01
4.000000000000000000e+01 7.510830140945332634e-01
4.100000000000000000e+01 7.394419456859818718e-01
4.200000000000000000e+01 7.275857587685923278e-01
4.300000000000000000e+01 7.154870419754316702e-01
4.400000000000000000e+01 7.031757671134878374e-01
4.500000000000000000e+01 6.907372566091600774e-01
4.600000000000000000e+01 6.780518760037221870e-01
4.700000000000000000e+01 6.651345256896860070e-01
4.800000000000000000e+01 6.519545225203111638e-01
4.899999999999999289e+01 6.386403213651843380e-01
5.000000000000000000e+01 6.252324935101959413e-01
5.100000000000000000e+01 6.115449148193495832e-01
5.200000000000000711e+01 5.976133702302010020e-01
5.300000000000000000e+01 5.834820962223931096e-01
5.400000000000000000e+01 5.693098640454277160e-01
5.500000000000000711e+01 5.549257478869157323e-01
5.600000000000000000e+01 5.403300534785868692e-01
5.700000000000000711e+01 5.256337296048512187e-01
5.800000000000000711e+01 5.107534416680020728e-01
5.900000000000000711e+01 4.956815426483646703e-01
6.000000000000000000e+01 4.805175171849045967e-01
6.099999999999999289e+01 4.651075607863939254e-01
6.200000000000000000e+01 4.496546079309021171e-01
6.299999999999999289e+01 4.341018028153558195e-01
6.400000000000000000e+01 4.183365778380295774e-01
6.500000000000000000e+01 4.024913248285099110e-01
6.600000000000000000e+01 3.865167882851556769e-01
6.700000000000000000e+01 3.704328940852802954e-01
6.800000000000001421e+01 3.542238703040213599e-01
6.900000000000000000e+01 3.379016007151380285e-01
7.000000000000000000e+01 3.215640092654064031e-01
7.100000000000000000e+01 3.050956296656226474e-01
7.200000000000000000e+01 2.885400760617928828e-01
7.300000000000000000e+01 2.719099719421103067e-01
7.400000000000000000e+01 2.552143411283211982e-01
7.500000000000000000e+01 2.385338163531796896e-01
7.600000000000001421e+01 2.217079830700389442e-01
7.700000000000000000e+01 2.048889645660653402e-01
7.799999999999998579e+01 1.880849009624222246e-01
7.900000000000000000e+01 1.712388798071284024e-01
8.000000000000000000e+01 1.544248139763229055e-01
8.100000000000000000e+01 1.376673894079475935e-01
8.200000000000000000e+01 1.210368085429402302e-01
8.300000000000000000e+01 1.045512089937863931e-01
8.400000000000000000e+01 8.840698325572192429e-02
8.500000000000001421e+01 7.279599493898601670e-02
8.600000000000000000e+01 5.818140825119056531e-02
8.700000000000000000e+01 4.557010142746800024e-02
8.800000000000000000e+01 3.709638728035975080e-02
8.900000000000000000e+01 3.582703300033956290e-02
9.000000000000000000e+01 4.241793546537679649e-02
9.100000000000000000e+01 5.406183878269753273e-02
9.200000000000000000e+01 6.821036903961551212e-02
9.300000000000001421e+01 8.358600581985368982e-02
9.400000000000000000e+01 9.960986648046622760e-02
9.500000000000000000e+01 1.159982729714274796e-01
9.600000000000000000e+01 1.326003689456796142e-01
9.700000000000000000e+01 1.493397812695090310e-01
9.799999999999998579e+01 1.661186668303348823e-01
9.900000000000001421e+01 1.829637248462162857e-01
1.000000000000000000e+02 1.997845474678739686e-01
1.010000000000000000e+02 2.166112280149994074e-01
1.020000000000000000e+02 2.333879389429086293e-01
1.030000000000000142e+02 2.501716437093760570e-01
1.040000000000000142e+02 2.668642415002164814e-01
1.050000000000000000e+02 2.834608532498969491e-01
1.060000000000000000e+02 3.000617900400747717e-01
1.070000000000000000e+02 3.165455732521451626e-01
1.080000000000000000e+02 3.329875490155340678e-01
1.089999999999999858e+02 3.492506121005845010e-01
1.100000000000000142e+02 3.655217513549909314e-01
1.110000000000000000e+02 3.815990675186984871e-01
1.120000000000000000e+02 3.976253732836310117e-01
1.130000000000000000e+02 4.135272308654385776e-01
1.140000000000000142e+02 4.292773603594288168e-01
1.149999999999999858e+02 4.449178895065789563e-01
1.160000000000000142e+02 4.604258503883262854e-01
1.170000000000000000e+02 4.758731315201645273e-01
1.180000000000000142e+02 4.911044321959690540e-01
1.190000000000000000e+02 5.061610853980055280e-01
1.200000000000000000e+02 5.211219030705593891e-01
1.210000000000000142e+02 5.358933865071989766e-01
1.219999999999999858e+02 5.504866662958900481e-01
1.230000000000000000e+02 5.649229635271154626e-01
1.240000000000000000e+02 5.792313877001806777e-01
1.250000000000000142e+02 5.933746597392239863e-01
1.259999999999999858e+02 6.072716532540141099e-01
1.270000000000000142e+02 6.209889782360581423e-01
1.280000000000000000e+02 6.345944137732698609e-01
1.290000000000000000e+02 6.480371522115834226e-01
1.300000000000000000e+02 6.611348205409689482e-01
1.310000000000000000e+02 6.741178345376345193e-01
1.320000000000000000e+02 6.868587669903182258e-01
1.330000000000000000e+02 6.994035651457631841e-01
1.340000000000000000e+02 7.118217582963604073e-01
1.350000000000000000e+02 7.239191988575099934e-01
1.360000000000000284e+02 7.358112770283136150e-01
1.370000000000000000e+02 7.474487061480722394e-01
1.380000000000000000e+02 7.590345135193642401e-01
1.390000000000000000e+02 7.702679698996900415e-01
1.400000000000000000e+02 7.812440013681946072e-01
1.410000000000000000e+02 7.920751466070058422e-01
1.420000000000000000e+02 8.025495122610210030e-01
1.430000000000000000e+02 8.127552580287410455e-01
1.440000000000000000e+02 8.228207956848534455e-01
1.450000000000000000e+02 8.326416763987575242e-01
1.460000000000000000e+02 8.421704939029185377e-01
1.470000000000000000e+02 8.513704623625246715e-01
1.480000000000000000e+02 8.603666809419064920e-01
1.490000000000000000e+02 8.692531371798021267e-01
1.500000000000000000e+02 8.777811005095802477e-01
1.510000000000000000e+02 8.859635780877619382e-01
1.520000000000000284e+02 8.940068728688055355e-01
1.530000000000000000e+02 9.015116203391811966e-01
1.540000000000000000e+02 9.089955301264442955e-01
1.550000000000000000e+02 9.161067213680547106e-01
1.559999999999999716e+02 9.228882755849073805e-01
1.570000000000000000e+02 9.293898662978473668e-01
1.580000000000000000e+02 9.357114968429890434e-01
1.590000000000000284e+02 9.417069312749121179e-01
1.600000000000000000e+02 9.475703397794096317e-01
1.610000000000000000e+02 9.530076413641354049e-01
1.620000000000000000e+02 9.581172152929312569e-01
1.630000000000000284e+02 9.629662478440875750e-01
1.640000000000000000e+02 9.674063043470875201e-01
1.650000000000000000e+02 9.717561265307251839e-01
1.660000000000000000e+02 9.756237045932558694e-01
1.670000000000000000e+02 9.793621123937580331e-01
1.680000000000000000e+02 9.826894889008929157e-01
1.690000000000000000e+02 9.857347562413565356e-01
1.700000000000000284e+02 9.886824600265681218e-01
1.710000000000000000e+02 9.910801241147160212e-01
1.720000000000000000e+02 9.932308062702459583e-01
1.730000000000000000e+02 9.950875557084485346e-01
1.740000000000000000e+02 9.966028329036665800e-01
1.750000000000000000e+02 9.980493638083821617e-01
1.760000000000000000e+02 9.988280051163666018e-01
1.770000000000000000e+02 9.995842015417989446e-01
1.780000000000000000e+02 1.000000000000000000e+00
1.790000000000000000e+02 9.999143471301349395e-01
1.800000000000000000e+02 9.996274351205850506e-01
1.810000000000000000e+02 9.991523301983816774e-01
1.820000000000000000e+02 9.983721062630716014e-01
1.830000000000000000e+02 9.969618649454904391e-01
1.840000000000000000e+02 9.956536466234862104e-01
1.849999999999999716e+02 9.938125267233713922e-01
1.860000000000000284e+02 9.917250240076660450e-01
1.870000000000000284e+02 9.893507345495690108e-01
1.880000000000000000e+02 9.866717021943252064e-01
1.890000000000000000e+02 9.837235923140591476e-01
1.900000000000000000e+02 9.805279737773421322e-01
1.910000000000000000e+02 9.769960677682071326e-01
1.920000000000000000e+02 9.730351523936726643e-01
1.930000000000000000e+02 9.687658062000867876e-01
1.940000000000000000e+02 9.643867372865658760e-01
1.950000000000000284e+02 9.596083476841466009e-01
1.959999999999999716e+02 9.545062040743574894e-01
1.970000000000000284e+02 9.492683716920403691e-01
1.980000000000000284e+02 9.436317024298959133e-01
1.990000000000000000e+02 9.376809050354474318e-01
2.000000000000000000e+02 9.313521250462147849e-01
2.010000000000000000e+02 9.250353445166189514e-01
2.020000000000000000e+02 9.181310251293949287e-01
2.030000000000000000e+02 9.111638949047343727e-01
2.040000000000000000e+02 9.038669707930430119e-01
2.050000000000000000e+02 8.962761275162790531e-01
2.060000000000000284e+02 8.884797944174801509e-01
2.069999999999999716e+02 8.802737500156150308e-01
2.080000000000000284e+02 8.717767773910751750e-01
2.090000000000000284e+02 8.631398165179049453e-01
2.100000000000000000e+02 8.541567696555355527e-01
2.110000000000000000e+02 8.449764252640667994e-01
2.120000000000000000e+02 8.354916618639207648e-01
2.130000000000000000e+02 8.258096118770404948e-01
2.140000000000000000e+02 8.159675587768500105e-01
2.150000000000000000e+02 8.056292121700375786e-01
2.160000000000000000e+02 7.951360425451420300e-01
2.170000000000000284e+02 7.844993098783861196e-01
2.179999999999999716e+02 7.735931961778124144e-01
2.190000000000000284e+02 7.624908008170158125e-01
2.200000000000000284e+02 7.510830140945332634e-01
2.210000000000000000e+02 7.394511413148597834e-01
2.220000000000000000e+02 7.275857587685923278e-01
2.230000000000000000e+02 7.154594728805768744e-01
2.240000000000000000e+02 7.032210362364381684e-01
2.250000000000000000e+02 6.907581695012882106e-01
2.260000000000000000e+02 6.780518760037221870e-01
2.270000000000000000e+02 6.651568385408465067e-01
2.280000000000000284e+02 6.519234073859003775e-01
2.290000000000000000e+02 6.386403213651843380e-01
2.299999999999999716e+02 6.252031698273206040e-01
2.309999999999999716e+02 6.115392527547165447e-01
2.320000000000000284e+02 5.976474081279504746e-01
2.330000000000000000e+02 5.835768072140188334e-01
2.340000000000000000e+02 5.693213936633539918e-01
2.350000000000000000e+02 5.548971098304199545e-01
2.360000000000000284e+02 5.403149018228935452e-01
2.370000000000000000e+02 5.256304540606129283e-01
2.380000000000000000e+02 5.107370874479043588e-01
2.390000000000000000e+02 4.956485101146293482e-01
2.400000000000000000e+02 4.804960137408667009e-01
2.410000000000000284e+02 4.651639832593789103e-01
2.420000000000000284e+02 4.496413496360549544e-01
2.430000000000000284e+02 4.340745220897334611e-01
2.439999999999999716e+02 4.183278192848090549e-01
2.450000000000000000e+02 4.025026270695566954e-01
2.460000000000000000e+02 3.865150747035571155e-01
2.470000000000000000e+02 3.704237190168368499e-01
2.480000000000000000e+02 3.542210280775624498e-01
2.490000000000000000e+02 3.379198555187716835e-01
2.500000000000000284e+02 3.215750488180438849e-01
2.510000000000000284e+02 3.051065128952924477e-01
2.519999999999999716e+02 2.885331762721782267e-01
2.529999999999999716e+02 2.719507906276213971e-01
2.540000000000000284e+02 2.552339663328644925e-01
2.550000000000000000e+02 2.385174655340057126e-01
2.560000000000000000e+02 2.217000327311552388e-01
2.570000000000000000e+02 2.049117197432943349e-01
2.580000000000000000e+02 1.880636264936039470e-01
2.590000000000000568e+02 1.712189720696070672e-01
2.600000000000000000e+02 1.544373915645856910e-01
2.610000000000000000e+02 1.376802159557831695e-01
2.620000000000000000e+02 1.210240686532317450e-01
2.630000000000000000e+02 1.045743344071036196e-01
2.640000000000000000e+02 8.841473163232430044e-02
2.650000000000000000e+02 7.280158244911198728e-02
2.660000000000000000e+02 5.818156963823836042e-02
2.669999999999999432e+02 4.556773724715285079e-02
2.680000000000000000e+02 3.709778586684407686e-02
2.690000000000000000e+02 3.582627681105050865e-02
2.700000000000000000e+02 4.241793457013652568e-02
2.710000000000000000e+02 5.406124682684445432e-02
2.720000000000000568e+02 6.821039400702738620e-02
2.730000000000000568e+02 8.358775106188107151e-02
2.740000000000000000e+02 9.961502297820466756e-02
2.750000000000000000e+02 1.160024593078176763e-01
2.760000000000000000e+02 1.325880757646294428e-01
2.770000000000000000e+02 1.493282531207661412e-01
2.780000000000000000e+02 1.661217229196169376e-01
2.790000000000000000e+02 1.829595467089669969e-01
2.800000000000000000e+02 1.997571019412994198e-01
2.810000000000000568e+02 2.166117667297016713e-01
2.820000000000000000e+02 2.334139278203335444e-01
2.830000000000000000e+02 2.501571823171129250e-01
2.840000000000000000e+02 2.668765173261462009e-01
2.850000000000000000e+02 2.835010764366078795e-01
2.860000000000000000e+02 3.000801854349285369e-01
2.870000000000000000e+02 3.165290381744076953e-01
2.880000000000000000e+02 3.329876107455597145e-01
2.890000000000000000e+02 3.493180003693411861e-01
2.900000000000000000e+02 3.655233316001348376e-01
2.910000000000000000e+02 3.816311691063823397e-01
2.920000000000000000e+02 3.976330020710843738e-01
2.930000000000000000e+02 4.134913342527627433e-01
2.940000000000000000e+02 4.293029872883877829e-01
2.950000000000000568e+02 4.449160156674429878e-01
2.960000000000000000e+02 4.604531075254269523e-01
2.970000000000000000e+02 4.758848296313686888e-01
2.980000000000000000e+02 4.910874377377049682e-01
2.990000000000000000e+02 5.061414402720721961e-01
3.000000000000000000e+02 5.210555238441613168e-01
3.010000000000000000e+02 5.358366224311721382e-01
3.020000000000000000e+02 5.504789340020509458e-01
3.030000000000000000e+02 5.649534091317767182e-01
3.040000000000000568e+02 5.792469374122503067e-01
3.050000000000000000e+02 5.933748685042402604e-01
3.060000000000000000e+02 6.072843761158175369e-01
3.070000000000000000e+02 6.210208250152849940e-01
3.080000000000000000e+02 6.346126555232840527e-01
3.090000000000000000e+02 6.480182273832875151e-01
3.100000000000000000e+02 6.611545860250844786e-01
3.110000000000000000e+02 6.741238973359315878e-01
3.119999999999999432e+02 6.869263444224478210e-01
3.130000000000000000e+02 6.994526333316931632e-01
3.140000000000000000e+02 7.117799204476580321e-01
3.150000000000000000e+02 7.239333526795507234e-01
3.160000000000000000e+02 7.358534249248169790e-01
3.170000000000000568e+02 7.475164728514414048e-01
3.180000000000000568e+02 7.590406815953025799e-01
3.190000000000000000e+02 7.703057448217615066e-01
3.200000000000000000e+02 7.812800495061359429e-01
3.210000000000000000e+02 7.919865753878829739e-01
3.220000000000000000e+02 8.025716435103402713e-01
3.230000000000000000e+02 8.127769134995683764e-01
3.240000000000000000e+02 8.228207956848534455e-01
3.250000000000000000e+02 8.326321951911921371e-01
3.260000000000000568e+02 8.421552128467066911e-01
3.270000000000000000e+02 8.514280035880561481e-01
3.280000000000000000e+02 8.603666809419064920e-01
3.290000000000000000e+02 8.692623068105927997e-01
3.300000000000000000e+02 8.778252738586282966e-01
3.310000000000000000e+02 8.859722118034011329e-01
3.320000000000000000e+02 8.938321636375002877e-01
3.330000000000000000e+02 9.015116203391811966e-01
3.340000000000000000e+02 9.090198359538791406e-01
3.350000000000000000e+02 9.160350388548476053e-01
3.360000000000000000e+02 9.228706069013582480e-01
3.370000000000000000e+02 9.295529302122650384e-01
3.380000000000000000e+02 9.357114968429890434e-01
3.390000000000000000e+02 9.416882242840241002e-01
3.400000000000000568e+02 9.475389938032054982e-01
3.410000000000000000e+02 9.530076413641354049e-01
3.420000000000000000e+02 9.581172152929312569e-01
3.430000000000000000e+02 9.629437884870299946e-01
3.440000000000000000e+02 9.674063043470875201e-01
3.450000000000000000e+02 9.717767463910671477e-01
3.460000000000000000e+02 9.756237045932558694e-01
3.470000000000000000e+02 9.793621123937580331e-01
3.480000000000000000e+02 9.826832368486031477e-01
3.490000000000000568e+02 9.857347562413565356e-01
3.500000000000000000e+02 9.886824600265681218e-01
3.510000000000000000e+02 9.910801241147160212e-01
3.520000000000000000e+02 9.932658773162807986e-01
3.530000000000000000e+02 9.950056575493284594e-01
3.540000000000000000e+02 9.966028329036665800e-01
3.550000000000000000e+02 9.980493638083821617e-01
3.560000000000000000e+02 9.988280051163666018e-01
3.569999999999999432e+02 9.995842015417989446e-01
3.580000000000000000e+02 1.000000000000000000e+00
3.590000000000000000e+02 9.999143471301349395e-01
3.600000000000000000e+02 9.996274351205850506e-01
