0.000000000000000000e+00 1.000000000000000000e+00
1.000000000000000000e+00 9.997550349653728796e-01
2.000000000000000000e+00 9.992192072260582814e-01
3.000000000000000000e+00 9.983570339631968604e-01
4.000000000000000000e+00 9.972130877906675295e-01
5.000000000000000000e+00 9.957613927695685430e-01
6.000000000000000000e+00 9.940071597036784778e-01
7.000000000000000000e+00 9.919379527676128738e-01
8.000000000000000000e+00 9.895747267356600485e-01
9.000000000000000000e+00 9.869124316425327281e-01
1.000000000000000000e+01 9.839481907435646546e-01
1.100000000000000000e+01 9.806670552230357663e-01
1.200000000000000000e+01 9.771174663694790485e-01
1.300000000000000178e+01 9.732443348356898394e-01
1.400000000000000000e+01 9.690702402938006221e-01
1.500000000000000000e+01 9.646298201668451755e-01
1.600000000000000000e+01 9.598967244419113198e-01
1.700000000000000355e+01 9.548483881806733020e-01
1.800000000000000000e+01 9.495188602816629908e-01
1.900000000000000355e+01 9.439103833212897365e-01
2.000000000000000000e+01 9.379742498453869093e-01
2.100000000000000000e+01 9.317891372100121083e-01
2.200000000000000000e+01 9.253151651929236721e-01
2.300000000000000000e+01 9.185634641608309003e-01
2.400000000000000000e+01 9.115117018749869793e-01
2.500000000000000000e+01 9.041985996456244346e-01
2.600000000000000355e+01 8.966145146709973979e-01
2.700000000000000000e+01 8.887467902970221934e-01
2.800000000000000000e+01 8.806037898424127208e-01
2.900000000000000355e+01 8.722006158936171927e-01
3.000000000000000000e+01 8.635388269276947915e-01
3.100000000000000000e+01 8.545977174932786191e-01
3.200000000000000000e+01 8.454175340181235843e-01
3.300000000000000000e+01 8.359465277686658480e-01
3.400000000000000711e+01 8.262486898157685999e-01
3.500000000000000000e+01 8.162917376588942897e-01
3.600000000000000000e+01 8.060826888997630890e-01
3.700000000000000000e+01 7.956345947830958387e-01
3.800000000000000711e+01 7.849434733309326173e-01
3.899999999999999289e+01 7.740054037030327239e-01
4.000000000000000000e+01 7.628411443237418377e-01
4.100000000000000000e+01 7.514431240068646378e-01
4.200000000000000000e+01 7.398107598322332112e-01
4.300000000000000000e+01 7.279601334161610593e-01
4.400000000000000000e+01 7.158814807307083417e-01
4.500000000000000000e+01 7.035925652795301799e-01
4.600000000000000000e+01 6.910803572284455187e-01
4.700000000000000000e+01 6.783566607974954588e-01
4.800000000000000000e+01 6.654305258802165612e-01
4.899999999999999289e+01 6.522957505714684912e-01
5.000000000000000000e+01 6.389745621174125478e-01
5.100000000000000000e+01 6.254578871339779855e-01
5.200000000000000711e+01 6.117298213449076094e-01
5.300000000000000000e+01 5.978298935774947198e-01
5.400000000000000000e+01 5.837523500264664156e-01
5.500000000000000711e+01 5.694920546627527669e-01
5.600000000000000000e+01 5.550600165035347588e-01
5.700000000000000711e+01 5.404678647690774884e-01
5.800000000000000711e+01 5.256954837118184010e-01
5.900000000000000711e+01 5.107681990849501918e-01
6.000000000000000000e+01 4.956827223755480571e-01
6.099999999999999289e+01 4.804565206282831458e-01
6.200000000000000000e+01 4.650794872276889369e-01
6.299999999999999289e+01 4.495620205666165381e-01
6.400000000000000000e+01 4.338915275946208516e-01
6.500000000000000000e+01 4.181083666633760298e-01
6.600000000000000000e+01 4.021900935611315564e-01
6.700000000000000000e+01 3.861484432466100736e-01
6.800000000000001421e+01 3.699930630733843095e-01
6.900000000000000000e+01 3.537196530571273811e-01
7.000000000000000000e+01 3.373429100013508597e-01
7.100000000000000000e+01 3.208620041773157516e-01
7.200000000000000000e+01 3.042828943319243473e-01
7.300000000000000000e+01 2.876149722528476560e-01
7.400000000000000000e+01 2.708537311700450201e-01
7.500000000000000000e+01 2.540137058453290630e-01
7.600000000000001421e+01 2.370921283366839993e-01
7.700000000000000000e+01 2.201043935742586222e-01
7.799999999999998579e+01 2.030471962776583816e-01
7.900000000000000000e+01 1.859298259085481742e-01
8.000000000000000000e+01 1.687497855302129701e-01
8.100000000000000000e+01 1.515253536459871542e-01
8.200000000000000000e+01 1.342513849340084275e-01
8.300000000000000000e+01 1.169409648481293112e-01
8.400000000000000000e+01 9.958895515544000099e-02
8.500000000000001421e+01 8.221160756350494314e-02
8.600000000000000000e+01 6.481052631847673828e-02
8.700000000000000000e+01 4.739331425031386574e-02
8.800000000000000000e+01 2.997197963254610853e-02
8.900000000000000000e+01 1.259078761141779051e-02
9.000000000000000000e+01 5.269569403088922473e-03
9.100000000000000000e+01 2.249787040402471613e-02
9.200000000000000000e+01 3.991335153079000886e-02
9.300000000000001421e+01 5.733520951502408397e-02
9.400000000000000000e+01 7.474495189174751308e-02
9.500000000000000000e+01 9.213448128768964018e-02
9.600000000000000000e+01 1.094946812706161926e-01
9.700000000000000000e+01 1.268242947542891907e-01
9.799999999999998579e+01 1.441169302546198572e-01
9.900000000000001421e+01 1.613616522440889656e-01
1.000000000000000000e+02 1.785594636902748389e-01
1.010000000000000000e+02 1.957033661586881079e-01
1.020000000000000000e+02 2.127892734959677679e-01
1.030000000000000142e+02 2.298109311603448723e-01
1.040000000000000142e+02 2.467560888806263897e-01
1.050000000000000000e+02 2.636365677905643801e-01
1.060000000000000000e+02 2.804299324917023939e-01
1.070000000000000000e+02 2.971411440043004171e-01
1.080000000000000000e+02 3.137610039204464241e-01
1.089999999999999858e+02 3.302787459611031262e-01
1.100000000000000142e+02 3.467017219978384412e-01
1.110000000000000000e+02 3.630220870143009426e-01
1.120000000000000000e+02 3.792319775124441406e-01
1.130000000000000000e+02 3.953163025160221222e-01
1.140000000000000142e+02 4.112897131980317589e-01
1.149999999999999858e+02 4.271385308510870504e-01
1.160000000000000142e+02 4.428453757927267032e-01
1.170000000000000000e+02 4.584246418835880577e-01
1.180000000000000142e+02 4.738740846655866701e-01
1.190000000000000000e+02 4.891713411230984021e-01
1.200000000000000000e+02 5.043186649888284911e-01
1.210000000000000142e+02 5.193121670444732496e-01
1.219999999999999858e+02 5.341367050486359735e-01
1.230000000000000000e+02 5.488155165461985341e-01
1.240000000000000000e+02 5.633222641894998217e-01
1.250000000000000142e+02 5.776495369602958618e-01
1.259999999999999858e+02 5.918166370103279394e-01
1.270000000000000142e+02 6.057946833664432651e-01
1.280000000000000000e+02 6.195821653358550840e-01
1.290000000000000000e+02 6.331902439255160386e-01
1.300000000000000000e+02 6.465995246130009644e-01
1.310000000000000000e+02 6.598087597384089120e-01
1.320000000000000000e+02 6.728357158555579032e-01
1.330000000000000000e+02 6.856512946995684255e-01
1.340000000000000000e+02 6.982397182079723708e-01
1.350000000000000000e+02 7.106298669334703000e-01
1.360000000000000284e+02 7.228103301022278382e-01
1.370000000000000000e+02 7.347561208116192288e-01
1.380000000000000000e+02 7.464737290729973607e-01
1.390000000000000000e+02 7.579835671228198901e-01
1.400000000000000000e+02 7.692547164458778397e-01
1.410000000000000000e+02 7.802766777268209664e-01
1.420000000000000000e+02 7.910868383712491569e-01
1.430000000000000000e+02 8.016223553850663208e-01
1.440000000000000000e+02 8.119414403605553776e-01
1.450000000000000000e+02 8.220051334384704811e-01
1.460000000000000000e+02 8.318269346113347229e-01
1.470000000000000000e+02 8.413886907478277388e-01
1.480000000000000000e+02 8.506957058815767247e-01
1.490000000000000000e+02 8.597260631629272121e-01
1.500000000000000000e+02 8.685238112989897008e-01
1.510000000000000000e+02 8.770315587886796660e-01
1.520000000000000284e+02 8.852759391679746459e-01
1.530000000000000000e+02 8.932628512805271814e-01
1.540000000000000000e+02 9.009693598482618748e-01
1.550000000000000000e+02 9.084123942715803812e-01
1.559999999999999716e+02 9.155620176126371135e-01
1.570000000000000000e+02 9.224504646428428600e-01
1.580000000000000000e+02 9.290512060891827906e-01
1.590000000000000284e+02 9.353527257583100774e-01
1.600000000000000000e+02 9.413930365994575000e-01
1.610000000000000000e+02 9.471344983619275348e-01
1.620000000000000000e+02 9.526144588805315339e-01
1.630000000000000284e+02 9.577537463764999037e-01
1.640000000000000000e+02 9.626202359293851707e-01
1.650000000000000000e+02 9.672149544001813481e-01
1.660000000000000000e+02 9.714929747830208795e-01
1.670000000000000000e+02 9.754886406535853149e-01
1.680000000000000000e+02 9.791739082611301548e-01
1.690000000000000000e+02 9.825650444480726886e-01
1.700000000000000284e+02 9.856760535203002993e-01
1.710000000000000000e+02 9.884675580876901568e-01
1.720000000000000000e+02 9.909531364597473635e-01
1.730000000000000000e+02 9.931497675097772371e-01
1.740000000000000000e+02 9.950343421518533793e-01
1.750000000000000000e+02 9.966184938686951655e-01
1.760000000000000000e+02 9.979002844968105634e-01
1.770000000000000000e+02 9.988849141896267714e-01
1.780000000000000000e+02 9.995578206270019361e-01
1.790000000000000000e+02 9.999284500256794272e-01
1.800000000000000000e+02 1.000000000000000000e+00
1.810000000000000000e+02 9.997550349653728796e-01
1.820000000000000000e+02 9.992192072260582814e-01
1.830000000000000000e+02 9.983570339631968604e-01
1.840000000000000000e+02 9.972130877906675295e-01
1.849999999999999716e+02 9.957613927695685430e-01
1.860000000000000284e+02 9.940071597036784778e-01
1.870000000000000284e+02 9.919391076445011057e-01
1.880000000000000000e+02 9.895702793400723563e-01
1.890000000000000000e+02 9.869124316425327281e-01
1.900000000000000000e+02 9.839481907435646546e-01
1.910000000000000000e+02 9.806670552230357663e-01
1.920000000000000000e+02 9.771106015433457248e-01
1.930000000000000000e+02 9.732443348356898394e-01
1.940000000000000000e+02 9.690702402938006221e-01
1.950000000000000284e+02 9.646298201668451755e-01
1.959999999999999716e+02 9.598967244419113198e-01
1.970000000000000284e+02 9.548483881806733020e-01
1.980000000000000284e+02 9.495160523149261955e-01
1.990000000000000000e+02 9.439079624168562610e-01
2.000000000000000000e+02 9.379742498453869093e-01
2.010000000000000000e+02 9.317891372100121083e-01
2.020000000000000000e+02 9.253151651929236721e-01
2.030000000000000000e+02 9.185634641608309003e-01
2.040000000000000000e+02 9.115117018749869793e-01
2.050000000000000000e+02 9.042006935605233497e-01
2.060000000000000284e+02 8.966092968946229869e-01
2.069999999999999716e+02 8.887467902970221934e-01
2.080000000000000284e+02 8.805998052375728635e-01
2.090000000000000284e+02 8.722016852909305618e-01
2.100000000000000000e+02 8.635372639907790138e-01
2.110000000000000000e+02 8.545977174932786191e-01
2.120000000000000000e+02 8.454094500079600838e-01
2.130000000000000000e+02 8.359465277686658480e-01
2.140000000000000000e+02 8.262504760265360071e-01
2.150000000000000000e+02 8.162917376588942897e-01
2.160000000000000000e+02 8.060822676759928918e-01
2.170000000000000284e+02 7.956345947830958387e-01
2.179999999999999716e+02 7.849401517805636441e-01
2.190000000000000284e+02 7.739979733215031077e-01
2.200000000000000284e+02 7.628411443237418377e-01
2.210000000000000000e+02 7.514441116105169405e-01
2.220000000000000000e+02 7.398107598322332112e-01
2.230000000000000000e+02 7.279519684150774772e-01
2.240000000000000000e+02 7.158904846009241929e-01
2.250000000000000000e+02 7.035908186610104753e-01
2.260000000000000000e+02 6.910803572284455187e-01
2.270000000000000000e+02 6.783573289826054786e-01
2.280000000000000284e+02 6.654333132199868883e-01
2.290000000000000000e+02 6.522957505714684912e-01
2.299999999999999716e+02 6.389734560663817842e-01
2.309999999999999716e+02 6.254491160035836606e-01
2.320000000000000284e+02 6.117308035679633882e-01
2.330000000000000000e+02 5.978341290366941951e-01
2.340000000000000000e+02 5.837525161087517844e-01
2.350000000000000000e+02 5.694884542229823321e-01
2.360000000000000284e+02 5.550631110547642466e-01
2.370000000000000000e+02 5.404632296542326575e-01
2.380000000000000000e+02 5.256957890923834587e-01
2.390000000000000000e+02 5.107673652442483725e-01
2.400000000000000000e+02 4.956761123449106576e-01
2.410000000000000284e+02 4.804533153312740001e-01
2.420000000000000284e+02 4.650791549409310499e-01
2.430000000000000284e+02 4.495595153440961611e-01
2.439999999999999716e+02 4.338945732945772016e-01
2.450000000000000000e+02 4.181115388148136658e-01
2.460000000000000000e+02 4.021894377128955589e-01
2.470000000000000000e+02 3.861490219893575215e-01
2.480000000000000000e+02 3.699909785949578866e-01
2.490000000000000000e+02 3.537194723828694931e-01
2.500000000000000284e+02 3.373454980733410769e-01
2.510000000000000284e+02 3.208623039623590412e-01
2.519999999999999716e+02 3.042823034684575823e-01
2.529999999999999716e+02 2.876155141500878476e-01
2.540000000000000284e+02 2.708527924291753153e-01
2.550000000000000000e+02 2.540150741332780071e-01
2.560000000000000000e+02 2.370905821653638557e-01
2.570000000000000000e+02 2.201028921478153377e-01
2.580000000000000000e+02 2.030487706446115759e-01
2.590000000000000568e+02 1.859268249118994076e-01
2.600000000000000000e+02 1.687512338512129340e-01
2.610000000000000000e+02 1.515247659298459837e-01
2.620000000000000000e+02 1.342523436807399884e-01
2.630000000000000000e+02 1.169400971195069111e-01
2.640000000000000000e+02 9.958952822852569498e-02
2.650000000000000000e+02 8.221198300845553031e-02
2.660000000000000000e+02 6.481112209633718702e-02
2.669999999999999432e+02 4.739363520573677130e-02
2.680000000000000000e+02 2.997130389012940196e-02
2.690000000000000000e+02 1.259090167577635658e-02
2.700000000000000000e+02 5.269569340699049691e-03
2.710000000000000000e+02 2.249807878612504822e-02
2.720000000000000568e+02 3.991376473635532829e-02
2.730000000000000568e+02 5.733555992736864837e-02
2.740000000000000000e+02 7.474392549566240274e-02
2.750000000000000000e+02 9.213374737551863203e-02
2.760000000000000000e+02 1.094936377331560545e-01
2.770000000000000000e+02 1.268229593067999872e-01
2.780000000000000000e+02 1.441154288864716082e-01
2.790000000000000000e+02 1.613607882011750816e-01
2.800000000000000000e+02 1.785593500195203354e-01
2.810000000000000568e+02 1.957029873357979399e-01
2.820000000000000000e+02 2.127904397229856415e-01
2.830000000000000000e+02 2.298102809814929204e-01
2.840000000000000000e+02 2.467643315408372118e-01
2.850000000000000000e+02 2.636368797979278256e-01
2.860000000000000000e+02 2.804309221299026156e-01
2.870000000000000000e+02 2.971411245492588948e-01
2.880000000000000000e+02 3.137592315560278067e-01
2.890000000000000000e+02 3.302818212391137598e-01
2.900000000000000000e+02 3.467041012243124998e-01
2.910000000000000000e+02 3.630233142094740351e-01
2.920000000000000000e+02 3.792290461410920965e-01
2.930000000000000000e+02 3.953149269439550362e-01
2.940000000000000000e+02 4.112884488848254083e-01
2.950000000000000568e+02 4.271337230600910639e-01
2.960000000000000000e+02 4.428446496904334673e-01
2.970000000000000000e+02 4.584269288308316370e-01
2.980000000000000000e+02 4.738728784545893080e-01
2.990000000000000000e+02 4.891661661136652572e-01
3.000000000000000000e+02 5.043168232290691222e-01
3.010000000000000000e+02 5.193151470554721039e-01
3.020000000000000000e+02 5.341373177033663655e-01
3.030000000000000000e+02 5.488188401429719976e-01
3.040000000000000568e+02 5.633190401248536761e-01
3.050000000000000000e+02 5.776517207928698605e-01
3.060000000000000000e+02 5.918225842612129250e-01
3.070000000000000000e+02 6.057974888176465011e-01
3.080000000000000000e+02 6.195830883590212057e-01
3.090000000000000000e+02 6.331877954113781515e-01
3.100000000000000000e+02 6.466094547422006622e-01
3.110000000000000000e+02 6.598143878470988932e-01
3.119999999999999432e+02 6.728371559415908809e-01
3.130000000000000000e+02 6.856432062252357795e-01
3.140000000000000000e+02 6.982435426280029223e-01
3.150000000000000000e+02 7.106260703020916836e-01
3.160000000000000000e+02 7.228061511996703992e-01
3.170000000000000568e+02 7.347504001417414221e-01
3.180000000000000568e+02 7.464734895940797754e-01
3.190000000000000000e+02 7.579769077475290162e-01
3.200000000000000000e+02 7.692495191430820389e-01
3.210000000000000000e+02 7.802836152783332313e-01
3.220000000000000000e+02 7.910801205991078167e-01
3.230000000000000000e+02 8.016237574057119009e-01
3.240000000000000000e+02 8.119414403605553776e-01
3.250000000000000000e+02 8.219996748425330013e-01
3.260000000000000568e+02 8.318287577842377045e-01
3.270000000000000000e+02 8.413816591909586418e-01
3.280000000000000000e+02 8.506957058815767247e-01
3.290000000000000000e+02 8.597279240766253494e-01
3.300000000000000000e+02 8.685157258730270557e-01
3.310000000000000000e+02 8.770310015809298365e-01
3.320000000000000000e+02 8.852780780370775870e-01
3.330000000000000000e+02 8.932628512805271814e-01
3.340000000000000000e+02 9.009803090080934496e-01
3.350000000000000000e+02 9.084133071257270986e-01
3.360000000000000000e+02 9.155617930454056363e-01
3.370000000000000000e+02 9.224489225330785303e-01
3.380000000000000000e+02 9.290512060891827906e-01
3.390000000000000000e+02 9.353606724113106008e-01
3.400000000000000568e+02 9.413887466186218189e-01
3.410000000000000000e+02 9.471344983619275348e-01
3.420000000000000000e+02 9.526144588805315339e-01
3.430000000000000000e+02 9.577594815119337968e-01
3.440000000000000000e+02 9.626202359293851707e-01
3.450000000000000000e+02 9.672142555561383803e-01
3.460000000000000000e+02 9.714929747830208795e-01
3.470000000000000000e+02 9.754886406535853149e-01
3.480000000000000000e+02 9.791707644606458816e-01
3.490000000000000568e+02 9.825650444480726886e-01
3.500000000000000000e+02 9.856760535203002993e-01
3.510000000000000000e+02 9.884675580876901568e-01
3.520000000000000000e+02 9.909485350386695313e-01
3.530000000000000000e+02 9.931520904386378357e-01
3.540000000000000000e+02 9.950343421518533793e-01
3.550000000000000000e+02 9.966184938686951655e-01
3.560000000000000000e+02 9.979002844968105634e-01
3.569999999999999432e+02 9.988849141896267714e-01
3.580000000000000000e+02 9.995578206270019361e-01
3.590000000000000000e+02 9.999284500256794272e-01
3.600000000000000000e+02 1.000000000000000000e+00
