0.000000000000000000e+00 1.000000000000000000e+00
1.000000000000000000e+00 9.997428849940386275e-01
2.000000000000000000e+00 9.991823320324492164e-01
3.000000000000000000e+00 9.983274005470254009e-01
4.000000000000000000e+00 9.971378942587943994e-01
5.000000000000000000e+00 9.956872977053382590e-01
6.000000000000000000e+00 9.938844893011246073e-01
7.000000000000000000e+00 9.918130828397878629e-01
8.000000000000000000e+00 9.894302231779231738e-01
9.000000000000000000e+00 9.867544482079109169e-01
1.000000000000000000e+01 9.837550320352224098e-01
1.100000000000000000e+01 9.804788644821860188e-01
1.200000000000000000e+01 9.768968918144912417e-01
1.300000000000000178e+01 9.730174617839423279e-01
1.400000000000000000e+01 9.688337612957127476e-01
1.500000000000000000e+01 9.643492786094921554e-01
1.600000000000000000e+01 9.595880022660666642e-01
1.700000000000000355e+01 9.545358002012434007e-01
1.800000000000000000e+01 9.491848171751460228e-01
1.900000000000000355e+01 9.435404650180790886e-01
2.000000000000000000e+01 9.376326452026871872e-01
2.100000000000000000e+01 9.314072839077058852e-01
2.200000000000000000e+01 9.249178825574175811e-01
2.300000000000000000e+01 9.181411197808816427e-01
2.400000000000000000e+01 9.110774824686895812e-01
2.500000000000000000e+01 9.037450990133503170e-01
2.600000000000000355e+01 8.961472383440144407e-01
2.700000000000000000e+01 8.882559538085912365e-01
2.800000000000000000e+01 8.801113284366708367e-01
2.900000000000000355e+01 8.716741365630179539e-01
3.000000000000000000e+01 8.629945624630878109e-01
3.100000000000000000e+01 8.540446017985992011e-01
3.200000000000000000e+01 8.448343944485710022e-01
3.300000000000000000e+01 8.353781921228442542e-01
3.400000000000000711e+01 8.256737008358857599e-01
3.500000000000000000e+01 8.156768291055606079e-01
3.600000000000000000e+01 8.054671672966002838e-01
3.700000000000000000e+01 7.949881851049870329e-01
3.800000000000000711e+01 7.842707016140524345e-01
3.899999999999999289e+01 7.733210309425768703e-01
4.000000000000000000e+01 7.621575354364692467e-01
4.100000000000000000e+01 7.507361443514662946e-01
4.200000000000000000e+01 7.390906096808471659e-01
4.300000000000000000e+01 7.272249899333036449e-01
4.400000000000000000e+01 7.151362765764652796e-01
4.500000000000000000e+01 7.028205583426722081e-01
4.600000000000000000e+01 6.903100662444481284e-01
4.700000000000000000e+01 6.775728461599191954e-01
4.800000000000000000e+01 6.646336519678426313e-01
4.899999999999999289e+01 6.514878030393473907e-01
5.000000000000000000e+01 6.381564539432782457e-01
5.100000000000000000e+01 6.246125780274828232e-01
5.200000000000000711e+01 6.108958650968773219e-01
5.300000000000000000e+01 5.969794883545643804e-01
5.400000000000000000e+01 5.828944764531754918e-01
5.500000000000000711e+01 5.686230868734801769e-01
5.600000000000000000e+01 5.541804854023093529e-01
5.700000000000000711e+01 5.395711174398744037e-01
5.800000000000000711e+01 5.247904247578372150e-01
5.900000000000000711e+01 5.098518972653666159e-01
6.000000000000000000e+01 4.947656139005608411e-01
6.099999999999999289e+01 4.795309289031725597e-01
6.200000000000000000e+01 4.641383509776654259e-01
6.299999999999999289e+01 4.486077129848860534e-01
6.400000000000000000e+01 4.329377027710118453e-01
6.500000000000000000e+01 4.171476947082702891e-01
6.600000000000000000e+01 4.012232744827167186e-01
6.700000000000000000e+01 3.851784727104783923e-01
6.800000000000001421e+01 3.690175824809084903e-01
6.900000000000000000e+01 3.527428417655074644e-01
7.000000000000000000e+01 3.363575905198090688e-01
7.100000000000000000e+01 3.198738058957404928e-01
7.200000000000000000e+01 3.032929755635099256e-01
7.300000000000000000e+01 2.866113954021775045e-01
7.400000000000000000e+01 2.698556015892570326e-01
7.500000000000000000e+01 2.530106107102950697e-01
7.600000000000001421e+01 2.360918713861137330e-01
7.700000000000000000e+01 2.190987007307116652e-01
7.799999999999998579e+01 2.020467840600132237e-01
7.900000000000000000e+01 1.849295490791305063e-01
8.000000000000000000e+01 1.677602168856686671e-01
8.100000000000000000e+01 1.505389423490264555e-01
8.200000000000000000e+01 1.332785747231504392e-01
8.300000000000000000e+01 1.159772766608321570e-01
8.400000000000000000e+01 9.864864831877888374e-02
8.500000000000001421e+01 8.130140494899319725e-02
8.600000000000000000e+01 6.394776106645295999e-02
8.700000000000000000e+01 4.661644871591984901e-02
8.800000000000000000e+01 2.938141687057208018e-02
8.900000000000000000e+01 1.271591274307001980e-02
9.000000000000000000e+01 8.314143205688255892e-03
9.100000000000000000e+01 2.420121126671090708e-02
9.200000000000000000e+01 4.136114997562551771e-02
9.300000000000001421e+01 5.867710102738191158e-02
9.400000000000000000e+01 7.602730225282836041e-02
9.500000000000000000e+01 9.337980099367930442e-02
9.600000000000000000e+01 1.107145838913396879e-01
9.700000000000000000e+01 1.280247065960133102e-01
9.799999999999998579e+01 1.452984067183264727e-01
9.900000000000001421e+01 1.625328619977651767e-01
1.000000000000000000e+02 1.797174111566795796e-01
1.010000000000000000e+02 1.968491391595252604e-01
1.020000000000000000e+02 2.139285658760584630e-01
1.030000000000000142e+02 2.309366374186046789e-01
1.040000000000000142e+02 2.478781029033116090e-01
1.050000000000000000e+02 2.647469932570495899e-01
1.060000000000000000e+02 2.815308262936304651e-01
1.070000000000000000e+02 2.982296427860610111e-01
1.080000000000000000e+02 3.148419557965871918e-01
1.089999999999999858e+02 3.313538298537058724e-01
1.100000000000000142e+02 3.477703281754119247e-01
1.110000000000000000e+02 3.640805434003067664e-01
1.120000000000000000e+02 3.802798432222894709e-01
1.130000000000000000e+02 3.963612669071294170e-01
1.140000000000000142e+02 4.123194357508912500e-01
1.149999999999999858e+02 4.281568359370201970e-01
1.160000000000000142e+02 4.438705433928834543e-01
1.170000000000000000e+02 4.594379798229893952e-01
1.180000000000000142e+02 4.748604007672798666e-01
1.190000000000000000e+02 4.901463258329325501e-01
1.200000000000000000e+02 5.052888498186091093e-01
1.210000000000000142e+02 5.202713988378676602e-01
1.219999999999999858e+02 5.350966032515295234e-01
1.230000000000000000e+02 5.497555119172280458e-01
1.240000000000000000e+02 5.642443157849436064e-01
1.250000000000000142e+02 5.785671430865280129e-01
1.259999999999999858e+02 5.927164385889760467e-01
1.270000000000000142e+02 6.066860935554093670e-01
1.280000000000000000e+02 6.204746524049885581e-01
1.290000000000000000e+02 6.340525901562995559e-01
1.300000000000000000e+02 6.474583842408166978e-01
1.310000000000000000e+02 6.606640003019380591e-01
1.320000000000000000e+02 6.736545485370675213e-01
1.330000000000000000e+02 6.864629506884816212e-01
1.340000000000000000e+02 6.990438085394838907e-01
1.350000000000000000e+02 7.114172464910719640e-01
1.360000000000000284e+02 7.235736525472772351e-01
1.370000000000000000e+02 7.354987055804611540e-01
1.380000000000000000e+02 7.472260128508423360e-01
1.390000000000000000e+02 7.587072338596423382e-01
1.400000000000000000e+02 7.699555870216759912e-01
1.410000000000000000e+02 7.809884124885880796e-01
1.420000000000000000e+02 7.917663903852012464e-01
1.430000000000000000e+02 8.023030411605781564e-01
1.440000000000000000e+02 8.125988357005066165e-01
1.450000000000000000e+02 8.226391602328820829e-01
1.460000000000000000e+02 8.324601576377046452e-01
1.470000000000000000e+02 8.419893679702497025e-01
1.480000000000000000e+02 8.512786008342081434e-01
1.490000000000000000e+02 8.603069334063127016e-01
1.500000000000000000e+02 8.690663075475493216e-01
1.510000000000000000e+02 8.775758103754994766e-01
1.520000000000000284e+02 8.858006954053875281e-01
1.530000000000000000e+02 8.937836890316998018e-01
1.540000000000000000e+02 9.014637410718417954e-01
1.550000000000000000e+02 9.088957126586251212e-01
1.559999999999999716e+02 9.160240565160131521e-01
1.570000000000000000e+02 9.228888574127065425e-01
1.580000000000000000e+02 9.294741211891526245e-01
1.590000000000000284e+02 9.357665063618244572e-01
1.600000000000000000e+02 9.417943677003816072e-01
1.610000000000000000e+02 9.475114339370780403e-01
1.620000000000000000e+02 9.529378936278933843e-01
1.630000000000000284e+02 9.580793010674590882e-01
1.640000000000000000e+02 9.629316584692856340e-01
1.650000000000000000e+02 9.675046777247058305e-01
1.660000000000000000e+02 9.717770539781811490e-01
1.670000000000000000e+02 9.757590601595647062e-01
1.680000000000000000e+02 9.794201146180123718e-01
1.690000000000000000e+02 9.828090980724616399e-01
1.700000000000000284e+02 9.858692392975173524e-01
1.710000000000000000e+02 9.886350395152819770e-01
1.720000000000000000e+02 9.911208823106488763e-01
1.730000000000000000e+02 9.933021244923269100e-01
1.740000000000000000e+02 9.951706844824180775e-01
1.750000000000000000e+02 9.967421235098152810e-01
1.760000000000000000e+02 9.979859324012561039e-01
1.770000000000000000e+02 9.989576047743273790e-01
1.780000000000000000e+02 9.996108242295840274e-01
1.790000000000000000e+02 9.999741105012804887e-01
1.800000000000000000e+02 1.000000000000000000e+00
1.810000000000000000e+02 9.997428849940386275e-01
1.820000000000000000e+02 9.991823320324492164e-01
1.830000000000000000e+02 9.983274005470254009e-01
1.840000000000000000e+02 9.971378942587943994e-01
1.849999999999999716e+02 9.956872977053382590e-01
1.860000000000000284e+02 9.938844893011246073e-01
1.870000000000000284e+02 9.918197359787260803e-01
1.880000000000000000e+02 9.894357246893235036e-01
1.890000000000000000e+02 9.867544482079109169e-01
1.900000000000000000e+02 9.837550320352224098e-01
1.910000000000000000e+02 9.804788644821860188e-01
1.920000000000000000e+02 9.769067820278783953e-01
1.930000000000000000e+02 9.730174617839423279e-01
1.940000000000000000e+02 9.688337612957127476e-01
1.950000000000000284e+02 9.643492786094921554e-01
1.959999999999999716e+02 9.595880022660666642e-01
1.970000000000000284e+02 9.545358002012434007e-01
1.980000000000000284e+02 9.491831955933509590e-01
1.990000000000000000e+02 9.435406001116448671e-01
2.000000000000000000e+02 9.376326452026871872e-01
2.010000000000000000e+02 9.314072839077058852e-01
2.020000000000000000e+02 9.249178825574175811e-01
2.030000000000000000e+02 9.181411197808816427e-01
2.040000000000000000e+02 9.110774824686895812e-01
2.050000000000000000e+02 9.037468523237918161e-01
2.060000000000000284e+02 8.961464729815292740e-01
2.069999999999999716e+02 8.882559538085912365e-01
2.080000000000000284e+02 8.801051265702063420e-01
2.090000000000000284e+02 8.716775961175662335e-01
2.100000000000000000e+02 8.630037706615120152e-01
2.110000000000000000e+02 8.540446017985992011e-01
2.120000000000000000e+02 8.448334524014482483e-01
2.130000000000000000e+02 8.353781921228442542e-01
2.140000000000000000e+02 8.256598359141811283e-01
2.150000000000000000e+02 8.156768291055606079e-01
2.160000000000000000e+02 8.054519220338728358e-01
2.170000000000000284e+02 7.949881851049870329e-01
2.179999999999999716e+02 7.842824869552232903e-01
2.190000000000000284e+02 7.733215328273348455e-01
2.200000000000000284e+02 7.621575354364692467e-01
2.210000000000000000e+02 7.507334619586798485e-01
2.220000000000000000e+02 7.390906096808471659e-01
2.230000000000000000e+02 7.272273351071629754e-01
2.240000000000000000e+02 7.151439276313112936e-01
2.250000000000000000e+02 7.028228532461198164e-01
2.260000000000000000e+02 6.903100662444481284e-01
2.270000000000000000e+02 6.775712621058429530e-01
2.280000000000000284e+02 6.646426172292854151e-01
2.290000000000000000e+02 6.514878030393473907e-01
2.299999999999999716e+02 6.381527819247065914e-01
2.309999999999999716e+02 6.246182881112255503e-01
2.320000000000000284e+02 6.108834442707546941e-01
2.330000000000000000e+02 5.969817539946552509e-01
2.340000000000000000e+02 5.828911549298400052e-01
2.350000000000000000e+02 5.686210299161026382e-01
2.360000000000000284e+02 5.541833078001394686e-01
2.370000000000000000e+02 5.395713820592044074e-01
2.380000000000000000e+02 5.247914868712042491e-01
2.390000000000000000e+02 5.098548570541492353e-01
2.400000000000000000e+02 4.947633539714390571e-01
2.410000000000000284e+02 4.795274767756005363e-01
2.420000000000000284e+02 4.641346018135546481e-01
2.430000000000000284e+02 4.486112546774007059e-01
2.439999999999999716e+02 4.329383397709060666e-01
2.450000000000000000e+02 4.171475959063052907e-01
2.460000000000000000e+02 4.012177897682053240e-01
2.470000000000000000e+02 3.851776507701314411e-01
2.480000000000000000e+02 3.690149211503214177e-01
2.490000000000000000e+02 3.527384338495934135e-01
2.500000000000000284e+02 3.363604817974414907e-01
2.510000000000000284e+02 3.198727021483605548e-01
2.519999999999999716e+02 3.032933005866929599e-01
2.529999999999999716e+02 2.866140814234480194e-01
2.540000000000000284e+02 2.698544551449377771e-01
2.550000000000000000e+02 2.530127154539374423e-01
2.560000000000000000e+02 2.360911399879248307e-01
2.570000000000000000e+02 2.191007957824033792e-01
2.580000000000000000e+02 2.020466572510019043e-01
2.590000000000000568e+02 1.849308948033321354e-01
2.600000000000000000e+02 1.677617431157464312e-01
2.610000000000000000e+02 1.505374492471955317e-01
2.620000000000000000e+02 1.332753785383754830e-01
2.630000000000000000e+02 1.159762078867521279e-01
2.640000000000000000e+02 9.864873673172645796e-02
2.650000000000000000e+02 8.130179265769210684e-02
2.660000000000000000e+02 6.394706101362490624e-02
2.669999999999999432e+02 4.661610132300091081e-02
2.680000000000000000e+02 2.938125770137268999e-02
2.690000000000000000e+02 1.271592857627574027e-02
2.700000000000000000e+02 8.314142862928591490e-03
2.710000000000000000e+02 2.420139847213666900e-02
2.720000000000000568e+02 4.136145460908229043e-02
2.730000000000000568e+02 5.867710952637069516e-02
2.740000000000000000e+02 7.602745942460240047e-02
2.750000000000000000e+02 9.337939780504726783e-02
2.760000000000000000e+02 1.107146598920372427e-01
2.770000000000000000e+02 1.280247814905599857e-01
2.780000000000000000e+02 1.453000405893717928e-01
2.790000000000000000e+02 1.625311759956349078e-01
2.800000000000000000e+02 1.797219933284771309e-01
2.810000000000000568e+02 1.968513802260538903e-01
2.820000000000000000e+02 2.139262637426741775e-01
2.830000000000000000e+02 2.309344173122162280e-01
2.840000000000000000e+02 2.478804343905150476e-01
2.850000000000000000e+02 2.647503133884769322e-01
2.860000000000000000e+02 2.815284111652551768e-01
2.870000000000000000e+02 2.982273715730128782e-01
2.880000000000000000e+02 3.148418755653919487e-01
2.890000000000000000e+02 3.313584136925091239e-01
2.900000000000000000e+02 3.477778272615398292e-01
2.910000000000000000e+02 3.640818090482507707e-01
2.920000000000000000e+02 3.802812309910788002e-01
2.930000000000000000e+02 3.963579310720088955e-01
2.940000000000000000e+02 4.123192356678171966e-01
2.950000000000000568e+02 4.281510306455278414e-01
2.960000000000000000e+02 4.438657212802169516e-01
2.970000000000000000e+02 4.594328777522718177e-01
2.980000000000000000e+02 4.748573400009152290e-01
2.990000000000000000e+02 4.901417072736399816e-01
3.000000000000000000e+02 5.052927041385474327e-01
3.010000000000000000e+02 5.202663312761658387e-01
3.020000000000000000e+02 5.350971292104724775e-01
3.030000000000000000e+02 5.497560053081761433e-01
3.040000000000000568e+02 5.642530573152724216e-01
3.050000000000000000e+02 5.785683316901252260e-01
3.060000000000000000e+02 5.927146267452245709e-01
3.070000000000000000e+02 6.066799297426562765e-01
3.080000000000000000e+02 6.204785898410436484e-01
3.090000000000000000e+02 6.340530870107549122e-01
3.100000000000000000e+02 6.474604403570484168e-01
3.110000000000000000e+02 6.606600726438008886e-01
3.119999999999999432e+02 6.736586374239330599e-01
3.130000000000000000e+02 6.864561776942378346e-01
3.140000000000000000e+02 6.990424324649360255e-01
3.150000000000000000e+02 7.114169714065368133e-01
3.160000000000000000e+02 7.235797641149541715e-01
3.170000000000000568e+02 7.355050557361072494e-01
3.180000000000000568e+02 7.472230594809382564e-01
3.190000000000000000e+02 7.587125552515820992e-01
3.200000000000000000e+02 7.699625220787151836e-01
3.210000000000000000e+02 7.809869345193578560e-01
3.220000000000000000e+02 7.917632660566826797e-01
3.230000000000000000e+02 8.023014644830422926e-01
3.240000000000000000e+02 8.125988357005066165e-01
3.250000000000000000e+02 8.226440655212529096e-01
3.260000000000000568e+02 8.324514272323250141e-01
3.270000000000000000e+02 8.419966619443326472e-01
3.280000000000000000e+02 8.512786008342081434e-01
3.290000000000000000e+02 8.602981995725644815e-01
3.300000000000000000e+02 8.690745637465214779e-01
3.310000000000000000e+02 8.775761103184372969e-01
3.320000000000000000e+02 8.857971129005195454e-01
3.330000000000000000e+02 8.937836890316998018e-01
3.340000000000000000e+02 9.014610269153706668e-01
3.350000000000000000e+02 9.088934253974196853e-01
3.360000000000000000e+02 9.160120035351972945e-01
3.370000000000000000e+02 9.228865681180770109e-01
3.380000000000000000e+02 9.294741211891526245e-01
3.390000000000000000e+02 9.357771879621413769e-01
3.400000000000000568e+02 9.417891979838520777e-01
3.410000000000000000e+02 9.475114339370780403e-01
3.420000000000000000e+02 9.529378936278933843e-01
3.430000000000000000e+02 9.580820268098303449e-01
3.440000000000000000e+02 9.629316584692856340e-01
3.450000000000000000e+02 9.674976129027368366e-01
3.460000000000000000e+02 9.717770539781811490e-01
3.470000000000000000e+02 9.757590601595647062e-01
3.480000000000000000e+02 9.794323441673340458e-01
3.490000000000000568e+02 9.828090980724616399e-01
3.500000000000000000e+02 9.858692392975173524e-01
3.510000000000000000e+02 9.886350395152819770e-01
3.520000000000000000e+02 9.911255697881891091e-01
3.530000000000000000e+02 9.932957347796242953e-01
3.540000000000000000e+02 9.951706844824180775e-01
3.550000000000000000e+02 9.967421235098152810e-01
3.560000000000000000e+02 9.979859324012561039e-01
3.569999999999999432e+02 9.989576047743273790e-01
3.580000000000000000e+02 9.996108242295840274e-01
3.590000000000000000e+02 9.999741105012804887e-01
3.600000000000000000e+02 1.000000000000000000e+00
