  -2.0000000e-13  -3.6873199e+06
  -1.9980459e-13  -8.0251611e+06
  -1.9960918e-13  -8.8998033e+06
  -1.9941378e-13  -6.3559588e+06
  -1.9921837e-13  -2.4678005e+06
  -1.9902296e-13   3.2201013e+05
  -1.9882755e-13   1.0242570e+06
  -1.9863214e-13   6.3957271e+05
  -1.9843674e-13   1.0295574e+06
  -1.9824133e-13   3.1072018e+06
  -1.9804592e-13   5.8790136e+06
  -1.9785051e-13   7.1573541e+06
  -1.9765511e-13   5.3728940e+06
  -1.9745970e-13   9.9299143e+05
  -1.9726429e-13  -3.6476062e+06
  -1.9706888e-13  -6.0129622e+06
  -1.9687347e-13  -5.2167701e+06
  -1.9667807e-13  -2.5851678e+06
  -1.9648266e-13  -4.9417385e+05
  -1.9628725e-13  -4.3463891e+05
  -1.9609184e-13  -1.8721347e+06
  -1.9589643e-13  -2.8091911e+06
  -1.9570103e-13  -1.5628150e+06
  -1.9550562e-13   1.7204769e+06
  -1.9531021e-13   5.0692962e+06
  -1.9511480e-13   6.2191891e+06
  -1.9491939e-13   4.4230808e+06
  -1.9472399e-13   1.0573627e+06
  -1.9452858e-13  -1.4792220e+06
  -1.9433317e-13  -1.6820091e+06
  -1.9413776e-13  -1.1112288e+05
  -1.9394235e-13   1.1392400e+06
  -1.9374695e-13   2.4051512e+05
  -1.9355154e-13  -2.7729144e+06
  -1.9335613e-13  -5.9211236e+06
  -1.9316072e-13  -6.7937120e+06
  -1.9296532e-13  -4.4465071e+06
  -1.9276991e-13  -1.5328085e+05
  -1.9257450e-13   3.5842239e+06
  -1.9237909e-13   4.9534253e+06
  -1.9218368e-13   4.1188310e+06
  -1.9198828e-13   2.8549256e+06
  -1.9179287e-13   2.8641826e+06
  -1.9159746e-13   4.2024029e+06
  -1.9140205e-13   5.1445342e+06
  -1.9120664e-13   3.6348149e+06
  -1.9101124e-13  -8.5243879e+05
  -1.9081583e-13  -6.5807943e+06
  -1.9062042e-13  -1.0596265e+07
  -1.9042501e-13  -1.0767844e+07
  -1.9022960e-13  -7.2380341e+06
  -1.9003420e-13  -2.1695359e+06
  -1.8983879e-13   1.9607706e+06
  -1.8964338e-13   4.1217264e+06
  -1.8944797e-13   5.1420312e+06
  -1.8925256e-13   6.5169199e+06
  -1.8905716e-13   8.6843387e+06
  -1.8886175e-13   1.0286902e+07
  -1.8866634e-13   9.1136942e+06
  -1.8847093e-13   4.0051182e+06
  -1.8827553e-13  -3.8366238e+06
  -1.8808012e-13  -1.1261508e+07
  -1.8788471e-13  -1.5080800e+07
  -1.8768930e-13  -1.4048664e+07
  -1.8749389e-13  -9.4335402e+06
  -1.8729849e-13  -3.8175461e+06
  -1.8710308e-13   8.4559986e+05
  -1.8690767e-13   4.3463733e+06
  -1.8671226e-13   7.6836632e+06
  -1.8651685e-13   1.1453718e+07
  -1.8632145e-13   1.4644227e+07
  -1.8612604e-13   1.4975052e+07
  -1.8593063e-13   1.0621644e+07
  -1.8573522e-13   1.9584124e+06
  -1.8553981e-13  -8.1397435e+06
  -1.8534441e-13  -1.5800124e+07
  -1.8514900e-13  -1.8403733e+07
  -1.8495359e-13  -1.5938702e+07
  -1.8475818e-13  -1.0521215e+07
  -1.8456277e-13  -4.5877784e+06
  -1.8436737e-13   7.3610621e+05
  -1.8417196e-13   5.8220108e+06
  -1.8397655e-13   1.1272123e+07
  -1.8378114e-13   1.6432191e+07
  -1.8358574e-13   1.9108481e+07
  -1.8339033e-13   1.6897931e+07
  -1.8319492e-13   9.1517368e+06
  -1.8299951e-13  -2.0213886e+06
  -1.8280410e-13  -1.2623005e+07
  -1.8260870e-13  -1.8970043e+07
  -1.8241329e-13  -1.9658325e+07
  -1.8221788e-13  -1.5902639e+07
  -1.8202247e-13  -1.0149457e+07
  -1.8182706e-13  -4.1836532e+06
  -1.8163166e-13   1.7411260e+06
  -1.8143625e-13   8.1573132e+06
  -1.8124084e-13   1.4829640e+07
  -1.8104543e-13   1.9896880e+07
  -1.8085002e-13   2.0633238e+07
  -1.8065462e-13   1.5370696e+07
  -1.8045921e-13   5.0795022e+06
  -1.8026380e-13  -6.7283636e+06
  -1.8006839e-13  -1.5840916e+07
  -1.7987298e-13  -1.9647005e+07
  -1.7967758e-13  -1.8259078e+07
  -1.7948217e-13  -1.3754466e+07
  -1.7928676e-13  -8.2945396e+06
  -1.7909135e-13  -2.6943787e+06
  -1.7889595e-13   3.4626042e+06
  -1.7870054e-13   1.0426537e+07
  -1.7850513e-13   1.6967323e+07
  -1.7830972e-13   2.0454076e+07
  -1.7811431e-13   1.8458019e+07
  -1.7791891e-13   1.0682110e+07
  -1.7772350e-13  -3.5299409e+05
  -1.7752809e-13  -1.0528548e+07
  -1.7733268e-13  -1.6442380e+07
  -1.7713727e-13  -1.7155884e+07
  -1.7694187e-13  -1.4166154e+07
  -1.7674646e-13  -9.7902133e+06
  -1.7655105e-13  -5.3556696e+06
  -1.7635564e-13  -6.4676031e+05
  -1.7616023e-13   5.0655638e+06
  -1.7596483e-13   1.1441191e+07
  -1.7576942e-13   1.6443250e+07
  -1.7557401e-13   1.7370245e+07
  -1.7537860e-13   1.2833266e+07
  -1.7518319e-13   4.1007503e+06
  -1.7498779e-13  -5.3474538e+06
  -1.7479238e-13  -1.1833928e+07
  -1.7459697e-13  -1.3609645e+07
  -1.7440156e-13  -1.1548569e+07
  -1.7420616e-13  -7.9973366e+06
  -1.7401075e-13  -4.8017618e+06
  -1.7381534e-13  -2.1174467e+06
  -1.7361993e-13   1.1107998e+06
  -1.7342452e-13   5.5389602e+06
  -1.7322912e-13   1.0170147e+07
  -1.7303371e-13   1.2639339e+07
  -1.7283830e-13   1.0913145e+07
  -1.7264289e-13   5.0533107e+06
  -1.7244748e-13  -2.4376929e+06
  -1.7225208e-13  -8.0783683e+06
  -1.7205667e-13  -9.6284873e+06
  -1.7186126e-13  -7.4017139e+06
  -1.7166585e-13  -3.7126614e+06
  -1.7147044e-13  -9.6580377e+05
  -1.7127504e-13   6.5653154e+04
  -1.7107963e-13   4.3999876e+05
  -1.7088422e-13   1.6788368e+06
  -1.7068881e-13   4.0757473e+06
  -1.7049340e-13   6.1715849e+06
  -1.7029800e-13   5.8882331e+06
  -1.7010259e-13   2.3985433e+06
  -1.6990718e-13  -2.8502682e+06
  -1.6971177e-13  -6.8950000e+06
  -1.6951637e-13  -7.2940100e+06
  -1.6932096e-13  -3.8830543e+06
  -1.6912555e-13   1.1219985e+06
  -1.6893014e-13   4.7535002e+06
  -1.6873473e-13   5.3730667e+06
  -1.6853933e-13   3.6006451e+06
  -1.6834392e-13   1.4460527e+06
  -1.6814851e-13   4.5434443e+05
  -1.6795310e-13   4.4406179e+05
  -1.6775769e-13  -1.2187397e+05
  -1.6756229e-13  -2.4852785e+06
  -1.6736688e-13  -6.1081364e+06
  -1.6717147e-13  -8.6896537e+06
  -1.6697606e-13  -7.7877600e+06
  -1.6678065e-13  -2.8005522e+06
  -1.6658525e-13   4.2904835e+06
  -1.6638984e-13   1.0070167e+07
  -1.6619443e-13   1.1899540e+07
  -1.6599902e-13   9.5213274e+06
  -1.6580362e-13   4.8898421e+06
  -1.6560821e-13   4.6941110e+05
  -1.6541280e-13  -2.5659755e+06
  -1.6521739e-13  -4.7935722e+06
  -1.6502198e-13  -7.3897958e+06
  -1.6482658e-13  -1.0458421e+07
  -1.6463117e-13  -1.2372361e+07
  -1.6443576e-13  -1.0810800e+07
  -1.6424035e-13  -4.7293772e+06
  -1.6404494e-13   4.3437393e+06
  -1.6384954e-13   1.2829713e+07
  -1.6365413e-13   1.7168675e+07
  -1.6345872e-13   1.5939258e+07
  -1.6326331e-13   1.0481633e+07
  -1.6306790e-13   3.6485855e+06
  -1.6287250e-13  -2.2456415e+06
  -1.6267709e-13  -6.6512321e+06
  -1.6248168e-13  -1.0319124e+07
  -1.6228627e-13  -1.3724083e+07
  -1.6209086e-13  -1.5877840e+07
  -1.6189546e-13  -1.4686627e+07
  -1.6170005e-13  -8.6727089e+06
  -1.6150464e-13   1.3356037e+06
  -1.6130923e-13   1.2021816e+07
  -1.6111383e-13   1.9239270e+07
  -1.6091842e-13   2.0386175e+07
  -1.6072301e-13   1.5784549e+07
  -1.6052760e-13   8.1074449e+06
  -1.6033219e-13   3.9763581e+05
  -1.6013679e-13  -5.7418652e+06
  -1.5994138e-13  -1.0451106e+07
  -1.5974597e-13  -1.4380884e+07
  -1.5955056e-13  -1.7176697e+07
  -1.5935515e-13  -1.7135587e+07
  -1.5915975e-13  -1.2458786e+07
  -1.5896434e-13  -3.1111132e+06
  -1.5876893e-13   8.3149281e+06
  -1.5857352e-13   1.7619404e+07
  -1.5837811e-13   2.1308785e+07
  -1.5818271e-13   1.8560631e+07
  -1.5798730e-13   1.1430341e+07
  -1.5779189e-13   3.2317552e+06
  -1.5759648e-13  -3.6022514e+06
  -1.5740107e-13  -8.5608357e+06
  -1.5720567e-13  -1.2359468e+07
  -1.5701026e-13  -1.5322649e+07
  -1.5681485e-13  -1.6393143e+07
  -1.5661944e-13  -1.3733975e+07
  -1.5642404e-13  -6.4837439e+06
  -1.5622863e-13   3.8321757e+06
  -1.5603322e-13   1.3551903e+07
  -1.5583781e-13   1.8811947e+07
  -1.5564240e-13   1.7824175e+07
  -1.5544700e-13   1.1828545e+07
  -1.5525159e-13   4.0488993e+06
  -1.5505618e-13  -2.5001773e+06
  -1.5486077e-13  -6.6757886e+06
  -1.5466536e-13  -9.1710415e+06
  -1.5446996e-13  -1.1034456e+07
  -1.5427455e-13  -1.2159830e+07
  -1.5407914e-13  -1.1121567e+07
  -1.5388373e-13  -6.5358968e+06
  -1.5368832e-13   1.2224432e+06
  -1.5349292e-13   9.4981586e+06
  -1.5329751e-13   1.4655520e+07
  -1.5310210e-13   1.4344603e+07
  -1.5290669e-13   9.0439307e+06
  -1.5271128e-13   1.6984657e+06
  -1.5251588e-13  -4.2720137e+06
  -1.5232047e-13  -7.0801731e+06
  -1.5212506e-13  -7.2481913e+06
  -1.5192965e-13  -6.4956723e+06
  -1.5173425e-13  -5.9123118e+06
  -1.5153884e-13  -5.0055785e+06
  -1.5134343e-13  -2.4085571e+06
  -1.5114802e-13   2.4140985e+06
  -1.5095261e-13   8.0094621e+06
  -1.5075721e-13   1.1459410e+07
  -1.5056180e-13   1.0327306e+07
  -1.5036639e-13   4.5513200e+06
  -1.5017098e-13  -3.2361690e+06
  -1.4997557e-13  -9.2924898e+06
  -1.4978017e-13  -1.1104168e+07
  -1.4958476e-13  -8.7577470e+06
  -1.4938935e-13  -4.4022494e+06
  -1.4919394e-13  -3.6990692e+05
  -1.4899853e-13   2.4675776e+06
  -1.4880313e-13   4.8197317e+06
  -1.4860772e-13   7.6172540e+06
  -1.4841231e-13   1.0475960e+07
  -1.4821690e-13   1.1439628e+07
  -1.4802149e-13   8.3685962e+06
  -1.4782609e-13   9.1214852e+05
  -1.4763068e-13  -8.5804313e+06
  -1.4743527e-13  -1.6090810e+07
  -1.4723986e-13  -1.8271541e+07
  -1.4704446e-13  -1.4416074e+07
  -1.4684905e-13  -6.6485978e+06
  -1.4665364e-13   1.7062508e+06
  -1.4645823e-13   8.2419409e+06
  -1.4626282e-13   1.2465275e+07
  -1.4606742e-13   1.5069272e+07
  -1.4587201e-13   1.6339328e+07
  -1.4567660e-13   1.5244095e+07
  -1.4548119e-13   1.0131663e+07
  -1.4528578e-13   5.2369028e+05
  -1.4509038e-13  -1.1533124e+07
  -1.4489497e-13  -2.1862119e+07
  -1.4469956e-13  -2.6258580e+07
  -1.4450415e-13  -2.2884273e+07
  -1.4430874e-13  -1.3250649e+07
  -1.4411334e-13  -1.1281021e+06
  -1.4391793e-13   9.7349421e+06
  -1.4372252e-13   1.7377573e+07
  -1.4352711e-13   2.1710574e+07
  -1.4333170e-13   2.3185695e+07
  -1.4313630e-13   2.1457072e+07
  -1.4294089e-13   1.5360528e+07
  -1.4274548e-13   4.3172359e+06
  -1.4255007e-13  -1.0062551e+07
  -1.4235467e-13  -2.3718263e+07
  -1.4215926e-13  -3.1773070e+07
  -1.4196385e-13  -3.1100743e+07
  -1.4176844e-13  -2.2050305e+07
  -1.4157303e-13  -8.1169875e+06
  -1.4137763e-13   6.1456422e+06
  -1.4118222e-13   1.7420594e+07
  -1.4098681e-13   2.4556546e+07
  -1.4079140e-13   2.7756925e+07
  -1.4059599e-13   2.7075271e+07
  -1.4040059e-13   2.1744563e+07
  -1.4020518e-13   1.1035019e+07
  -1.4000977e-13  -4.0998653e+06
  -1.3981436e-13  -2.0153216e+07
  -1.3961895e-13  -3.2034913e+07
  -1.3942355e-13  -3.5500386e+07
  -1.3922814e-13  -2.9431791e+07
  -1.3903273e-13  -1.6368775e+07
  -1.3883732e-13  -9.4060582e+05
  -1.3864191e-13   1.2628446e+07
  -1.3844651e-13   2.2181516e+07
  -1.3825110e-13   2.7488442e+07
  -1.3805569e-13   2.8827397e+07
  -1.3786028e-13   2.5792145e+07
  -1.3766488e-13   1.7503695e+07
  -1.3746947e-13   4.0740355e+06
  -1.3727406e-13  -1.2040749e+07
  -1.3707865e-13  -2.6220671e+07
  -1.3688324e-13  -3.3645662e+07
  -1.3668784e-13  -3.1828685e+07
  -1.3649243e-13  -2.1945470e+07
  -1.3629702e-13  -8.0138602e+06
  -1.3610161e-13   5.4530031e+06
  -1.3590620e-13   1.5620333e+07
  -1.3571080e-13   2.1894508e+07
  -1.3551539e-13   2.4796914e+07
  -1.3531998e-13   2.4410140e+07
  -1.3512457e-13   1.9894046e+07
  -1.3492916e-13   1.0535551e+07
  -1.3473376e-13  -2.6274284e+06
  -1.3453835e-13  -1.6180518e+07
  -1.3434294e-13  -2.5549225e+07
  -1.3414753e-13  -2.7406625e+07
  -1.3395213e-13  -2.1583080e+07
  -1.3375672e-13  -1.1070302e+07
  -1.3356131e-13  -1.1431812e+05
  -1.3336590e-13   8.1944928e+06
  -1.3317049e-13   1.3122729e+07
  -1.3297509e-13   1.5607360e+07
  -1.3277968e-13   1.6519601e+07
  -1.3258427e-13   1.5490095e+07
  -1.3238886e-13   1.1324307e+07
  -1.3219345e-13   3.6056285e+06
  -1.3199805e-13  -5.9978998e+06
  -1.3180264e-13  -1.4031049e+07
  -1.3160723e-13  -1.7157494e+07
  -1.3141182e-13  -1.4313838e+07
  -1.3121641e-13  -7.4537818e+06
  -1.3102101e-13  -2.6309679e+05
  -1.3082560e-13   4.2195248e+06
  -1.3063019e-13   5.3151127e+06
  -1.3043478e-13   4.5527007e+06
  -1.3023937e-13   3.9453183e+06
  -1.3004397e-13   4.1972619e+06
  -1.2984856e-13   4.3103128e+06
  -1.2965315e-13   2.8268066e+06
  -1.2945774e-13  -4.4983646e+05
  -1.2926234e-13  -3.8255318e+06
  -1.2906693e-13  -4.8281336e+06
  -1.2887152e-13  -2.2269297e+06
  -1.2867611e-13   2.7003746e+06
  -1.2848070e-13   6.7780338e+06
  -1.2828530e-13   7.0656121e+06
  -1.2808989e-13   2.9283944e+06
  -1.2789448e-13  -3.5233335e+06
  -1.2769907e-13  -8.9332504e+06
  -1.2750366e-13  -1.0949730e+07
  -1.2730826e-13  -9.5111245e+06
  -1.2711285e-13  -6.2907704e+06
  -1.2691744e-13  -2.9383903e+06
  -1.2672203e-13   3.0392637e+05
  -1.2652662e-13   4.4224454e+06
  -1.2633122e-13   1.0083712e+07
  -1.2613581e-13   1.6133308e+07
  -1.2594040e-13   1.9591608e+07
  -1.2574499e-13   1.7395052e+07
  -1.2554958e-13   8.6653096e+06
  -1.2535418e-13  -4.2388631e+06
  -1.2515877e-13  -1.6770011e+07
  -1.2496336e-13  -2.4644737e+07
  -1.2476795e-13  -2.5965212e+07
  -1.2457255e-13  -2.1594059e+07
  -1.2437714e-13  -1.3770363e+07
  -1.2418173e-13  -4.2960846e+06
  -1.2398632e-13   6.1752808e+06
  -1.2379091e-13   1.7286018e+07
  -1.2359551e-13   2.7526178e+07
  -1.2340010e-13   3.3744870e+07
  -1.2320469e-13   3.2411919e+07
  -1.2300928e-13   2.1922041e+07
  -1.2281387e-13   4.2344837e+06
  -1.2261847e-13  -1.5512253e+07
  -1.2242306e-13  -3.1318720e+07
  -1.2222765e-13  -3.9065766e+07
  -1.2203224e-13  -3.7904349e+07
  -1.2183683e-13  -2.9603326e+07
  -1.2164143e-13  -1.6712198e+07
  -1.2144602e-13  -1.1665781e+06
  -1.2125061e-13   1.5630189e+07
  -1.2105520e-13   3.1639659e+07
  -1.2085979e-13   4.3367306e+07
  -1.2066439e-13   4.6592341e+07
  -1.2046898e-13   3.8525817e+07
  -1.2027357e-13   1.9941306e+07
  -1.2007816e-13  -4.3946883e+06
  -1.1988276e-13  -2.7538164e+07
  -1.1968735e-13  -4.3366102e+07
  -1.1949194e-13  -4.8868488e+07
  -1.1929653e-13  -4.4442016e+07
  -1.1910112e-13  -3.2420826e+07
  -1.1890572e-13  -1.5309971e+07
  -1.1871031e-13   4.8404293e+06
  -1.1851490e-13   2.5688065e+07
  -1.1831949e-13   4.3586205e+07
  -1.1812408e-13   5.3746279e+07
  -1.1792868e-13   5.2041482e+07
  -1.1773327e-13   3.7434253e+07
  -1.1753786e-13   1.3258101e+07
  -1.1734245e-13  -1.3771404e+07
  -1.1714704e-13  -3.6364120e+07
  -1.1695164e-13  -4.9546522e+07
  -1.1675623e-13  -5.1917846e+07
  -1.1656082e-13  -4.4835540e+07
  -1.1636541e-13  -3.0607926e+07
  -1.1617000e-13  -1.1317904e+07
  -1.1597460e-13   1.0909753e+07
  -1.1577919e-13   3.2828149e+07
  -1.1558378e-13   4.9646555e+07
  -1.1538837e-13   5.6253113e+07
  -1.1519297e-13   4.9641615e+07
  -1.1499756e-13   3.0917991e+07
  -1.1480215e-13   5.3305450e+06
  -1.1460674e-13  -1.9907884e+07
  -1.1441133e-13  -3.8677323e+07
  -1.1421593e-13  -4.7985860e+07
  -1.1402052e-13  -4.7933695e+07
  -1.1382511e-13  -4.0138160e+07
  -1.1362970e-13  -2.6195640e+07
  -1.1343429e-13  -7.4571565e+06
  -1.1323889e-13   1.3946240e+07
  -1.1304348e-13   3.4123702e+07
  -1.1284807e-13   4.7859928e+07
  -1.1265266e-13   5.0670130e+07
  -1.1245725e-13   4.1231222e+07
  -1.1226185e-13   2.2426529e+07
  -1.1206644e-13   1.2162803e+05
  -1.1187103e-13  -1.9595876e+07
  -1.1167562e-13  -3.2899563e+07
  -1.1148021e-13  -3.8920186e+07
  -1.1128481e-13  -3.8571161e+07
  -1.1108940e-13  -3.2817471e+07
  -1.1089399e-13  -2.1959786e+07
  -1.1069858e-13  -6.4568496e+06
  -1.1050318e-13   1.1643737e+07
  -1.1030777e-13   2.8227798e+07
  -1.1011236e-13   3.8421436e+07
  -1.0991695e-13   3.9013068e+07
  -1.0972154e-13   3.0289084e+07
  -1.0952614e-13   1.5890620e+07
  -1.0933073e-13   7.3488191e+05
  -1.0913532e-13  -1.1527558e+07
  -1.0893991e-13  -1.9765025e+07
  -1.0874450e-13  -2.4650330e+07
  -1.0854910e-13  -2.6863752e+07
  -1.0835369e-13  -2.5881362e+07
  -1.0815828e-13  -2.0409050e+07
  -1.0796287e-13  -1.0048240e+07
  -1.0776746e-13   3.3322794e+06
  -1.0757206e-13   1.5866831e+07
  -1.0737665e-13   2.3625509e+07
  -1.0718124e-13   2.4837426e+07
  -1.0698583e-13   2.0727874e+07
  -1.0679043e-13   1.4341438e+07
  -1.0659502e-13   8.2881627e+06
  -1.0639961e-13   3.1679539e+06
  -1.0620420e-13  -2.1606073e+06
  -1.0600879e-13  -8.8157250e+06
  -1.0581339e-13  -1.6190034e+07
  -1.0561798e-13  -2.1792944e+07
  -1.0542257e-13  -2.2830066e+07
  -1.0522716e-13  -1.8266644e+07
  -1.0503175e-13  -9.7039180e+06
  -1.0483635e-13  -3.4752697e+05
  -1.0464094e-13   7.1131693e+06
  -1.0444553e-13   1.2026807e+07
  -1.0425012e-13   1.5527193e+07
  -1.0405471e-13   1.8804163e+07
  -1.0385931e-13   2.1422643e+07
  -1.0366390e-13   2.1183961e+07
  -1.0346849e-13   1.5752942e+07
  -1.0327308e-13   4.7962451e+06
  -1.0307767e-13  -9.1005220e+06
  -1.0288227e-13  -2.1548753e+07
  -1.0268686e-13  -2.8735837e+07
  -1.0249145e-13  -2.9327898e+07
  -1.0229604e-13  -2.4574755e+07
  -1.0210064e-13  -1.6747514e+07
  -1.0190523e-13  -7.3368716e+06
  -1.0170982e-13   3.4685165e+06
  -1.0151441e-13   1.5676146e+07
  -1.0131900e-13   2.7861963e+07
  -1.0112360e-13   3.6646850e+07
  -1.0092819e-13   3.8041876e+07
  -1.0073278e-13   2.9872661e+07
  -1.0053737e-13   1.3515256e+07
  -1.0034196e-13  -6.4119895e+06
  -1.0014656e-13  -2.4261492e+07
  -9.9951148e-14  -3.5942335e+07
  -9.9755740e-14  -4.0156883e+07
  -9.9560332e-14  -3.7706408e+07
  -9.9364924e-14  -2.9811212e+07
  -9.9169516e-14  -1.7063238e+07
  -9.8974108e-14   7.8186108e+04
  -9.8778701e-14   1.9808949e+07
  -9.8583293e-14   3.8073191e+07
  -9.8387885e-14   4.9437575e+07
  -9.8192477e-14   4.9533480e+07
  -9.7997069e-14   3.7499231e+07
  -9.7801661e-14   1.6687383e+07
  -9.7606253e-14  -6.9084621e+06
  -9.7410845e-14  -2.7431359e+07
  -9.7215437e-14  -4.1286972e+07
  -9.7020029e-14  -4.7415521e+07
  -9.6824621e-14  -4.6034336e+07
  -9.6629213e-14  -3.7323647e+07
  -9.6433806e-14  -2.1378953e+07
  -9.6238398e-14   5.3220733e+05
  -9.6042990e-14   2.4691586e+07
  -9.5847582e-14   4.5135733e+07
  -9.5652174e-14   5.5751930e+07
  -9.5456766e-14   5.3120827e+07
  -9.5261358e-14   3.8227609e+07
  -9.5065950e-14   1.5869771e+07
  -9.4870542e-14  -7.7948404e+06
  -9.4675134e-14  -2.7854741e+07
  -9.4479726e-14  -4.1770508e+07
  -9.4284319e-14  -4.8686493e+07
  -9.4088911e-14  -4.8049329e+07
  -9.3893503e-14  -3.9078028e+07
  -9.3698095e-14  -2.1708640e+07
  -9.3502687e-14   1.8313232e+06
  -9.3307279e-14   2.6423883e+07
  -9.3111871e-14   4.5423700e+07
  -9.2916463e-14   5.3441496e+07
  -9.2721055e-14   4.8801903e+07
  -9.2525647e-14   3.4044452e+07
  -9.2330239e-14   1.4209739e+07
  -9.2134831e-14  -5.7887391e+06
  -9.1939424e-14  -2.2883370e+07
  -9.1744016e-14  -3.5732855e+07
  -9.1548608e-14  -4.3388604e+07
  -9.1353200e-14  -4.4307795e+07
  -9.1157792e-14  -3.6843385e+07
  -9.0962384e-14  -2.0928412e+07
  -9.0766976e-14   5.2594953e+05
  -9.0571568e-14   2.1958504e+07
  -9.0376160e-14   3.7368577e+07
  -9.0180752e-14   4.3064342e+07
  -8.9985344e-14   3.9108812e+07
  -8.9789936e-14   2.8554064e+07
  -8.9594529e-14   1.5182057e+07
  -8.9399121e-14   1.5042151e+06
  -8.9203713e-14  -1.1595504e+07
  -8.9008305e-14  -2.3629828e+07
  -8.8812897e-14  -3.3068031e+07
  -8.8617489e-14  -3.7190058e+07
  -8.8422081e-14  -3.3578523e+07
  -8.8226673e-14  -2.2118090e+07
  -8.8031265e-14  -5.8158037e+06
  -8.7835857e-14   1.0401221e+07
  -8.7640449e-14   2.2180699e+07
  -8.7445042e-14   2.7773412e+07
  -8.7249634e-14   2.8192197e+07
  -8.7054226e-14   2.5561037e+07
  -8.6858818e-14   2.1103373e+07
  -8.6663410e-14   1.4419357e+07
  -8.6468002e-14   4.5650006e+06
  -8.6272594e-14  -8.0888054e+06
  -8.6077186e-14  -2.0913539e+07
  -8.5881778e-14  -2.9954597e+07
  -8.5686370e-14  -3.2150169e+07
  -8.5490962e-14  -2.7164838e+07
  -8.5295554e-14  -1.7431102e+07
  -8.5100147e-14  -6.3979440e+06
  -8.4904739e-14   3.6111773e+06
  -8.4709331e-14   1.2268637e+07
  -8.4513923e-14   2.0269387e+07
  -8.4318515e-14   2.7486493e+07
  -8.4123107e-14   3.1958185e+07
  -8.3927699e-14   3.0722769e+07
  -8.3732291e-14   2.1970859e+07
  -8.3536883e-14   6.8404061e+06
  -8.3341475e-14  -1.0620277e+07
  -8.3146067e-14  -2.5402846e+07
  -8.2950660e-14  -3.4016347e+07
  -8.2755252e-14  -3.5742388e+07
  -8.2559844e-14  -3.1939493e+07
  -8.2364436e-14  -2.4228934e+07
  -8.2169028e-14  -1.3220504e+07
  -8.1973620e-14   1.1352535e+06
  -8.1778212e-14   1.7963005e+07
  -8.1582804e-14   3.4193207e+07
  -8.1387396e-14   4.5004418e+07
  -8.1191988e-14   4.6019587e+07
  -8.0996580e-14   3.5829335e+07
  -8.0801172e-14   1.7032488e+07
  -8.0605765e-14  -4.9812497e+06
  -8.0410357e-14  -2.4641205e+07
  -8.0214949e-14  -3.8384772e+07
  -8.0019541e-14  -4.5089490e+07
  -7.9824133e-14  -4.4893571e+07
  -7.9628725e-14  -3.7811509e+07
  -7.9433317e-14  -2.3568615e+07
  -7.9237909e-14  -2.8642564e+06
  -7.9042501e-14   2.1137432e+07
  -7.8847093e-14   4.2695611e+07
  -7.8651685e-14   5.5386112e+07
  -7.8456277e-14   5.5027779e+07
  -7.8260870e-14   4.1744368e+07
  -7.8065462e-14   1.9782039e+07
  -7.7870054e-14  -4.7230575e+06
  -7.7674646e-14  -2.6433253e+07
  -7.7479238e-14  -4.2220139e+07
  -7.7283830e-14  -5.0746979e+07
  -7.7088422e-14  -5.1180367e+07
  -7.6893014e-14  -4.2584926e+07
  -7.6697606e-14  -2.4774186e+07
  -7.6502198e-14   8.3638365e+04
  -7.6306790e-14   2.6710300e+07
  -7.6111383e-14   4.7951794e+07
  -7.5915975e-14   5.7635703e+07
  -7.5720567e-14   5.3342441e+07
  -7.5525159e-14   3.7300755e+07
  -7.5329751e-14   1.4897193e+07
  -7.5134343e-14  -8.0616877e+06
  -7.4938935e-14  -2.7458717e+07
  -7.4743527e-14  -4.1187564e+07
  -7.4548119e-14  -4.8067722e+07
  -7.4352711e-14  -4.6825356e+07
  -7.4157303e-14  -3.6375748e+07
  -7.3961895e-14  -1.7312835e+07
  -7.3766488e-14   6.7675602e+06
  -7.3571080e-14   2.9603254e+07
  -7.3375672e-14   4.4559122e+07
  -7.3180264e-14   4.7612076e+07
  -7.2984856e-14   3.9096712e+07
  -7.2789448e-14   2.3084323e+07
  -7.2594040e-14   4.9322241e+06
  -7.2398632e-14  -1.1232575e+07
  -7.2203224e-14  -2.3483935e+07
  -7.2007816e-14  -3.1273305e+07
  -7.1812408e-14  -3.4005941e+07
  -7.1617000e-14  -3.0561531e+07
  -7.1421593e-14  -2.0313593e+07
  -7.1226185e-14  -4.7306332e+06
  -7.1030777e-14   1.2051394e+07
  -7.0835369e-14   2.4595543e+07
  -7.0639961e-14   2.8827372e+07
  -7.0444553e-14   2.4213400e+07
  -7.0249145e-14   1.3898155e+07
  -7.0053737e-14   2.6948161e+06
  -6.9858329e-14  -5.6300325e+06
  -6.9662921e-14  -9.9092602e+06
  -6.9467513e-14  -1.1102249e+07
  -6.9272106e-14  -1.0539235e+07
  -6.9076698e-14  -8.5374685e+06
  -6.8881290e-14  -4.5525653e+06
  -6.8685882e-14   1.4154684e+06
  -6.8490474e-14   7.6108399e+06
  -6.8295066e-14   1.0856954e+07
  -6.8099658e-14   8.4896364e+06
  -6.7904250e-14   5.0936938e+05
  -6.7708842e-14  -9.7874869e+06
  -6.7513434e-14  -1.7386328e+07
  -6.7318026e-14  -1.8371567e+07
  -6.7122618e-14  -1.2064717e+07
  -6.6927211e-14  -1.0782722e+06
  -6.6731803e-14   1.0554842e+07
  -6.6536395e-14   1.9645650e+07
  -6.6340987e-14   2.4868984e+07
  -6.6145579e-14   2.6087948e+07
  -6.5950171e-14   2.2998147e+07
  -6.5754763e-14   1.4627697e+07
  -6.5559355e-14   3.8098043e+05
  -6.5363947e-14  -1.8179724e+07
  -6.5168539e-14  -3.6486879e+07
  -6.4973131e-14  -4.8193514e+07
  -6.4777723e-14  -4.8053913e+07
  -6.4582316e-14  -3.4690853e+07
  -6.4386908e-14  -1.1431392e+07
  -6.4191500e-14   1.5290211e+07
  -6.3996092e-14   3.8800275e+07
  -6.3800684e-14   5.4436056e+07
  -6.3605276e-14   6.0019918e+07
  -6.3409868e-14   5.4929346e+07
  -6.3214460e-14   3.9189672e+07
  -6.3019052e-14   1.3745538e+07
  -6.2823644e-14  -1.8258995e+07
  -6.2628236e-14  -5.0582419e+07
  -6.2432829e-14  -7.4789662e+07
  -6.2237421e-14  -8.3110264e+07
  -6.2042013e-14  -7.1820644e+07
  -6.1846605e-14  -4.3102457e+07
  -6.1651197e-14  -4.2140185e+06
  -6.1455789e-14   3.5449435e+07
  -6.1260381e-14   6.7559990e+07
  -6.1064973e-14   8.6612609e+07
  -6.0869565e-14   8.9866132e+07
  -6.0674157e-14   7.6521846e+07
  -6.0478749e-14   4.7528609e+07
  -6.0283341e-14   6.4394272e+06
  -6.0087934e-14  -3.9639802e+07
  -5.9892526e-14  -8.0530177e+07
  -5.9697118e-14  -1.0558222e+08
  -5.9501710e-14  -1.0747656e+08
  -5.9306302e-14  -8.5179454e+07
  -5.9110894e-14  -4.4327924e+07
  -5.8915486e-14   5.1099104e+06
  -5.8720078e-14   5.2402084e+07
  -5.8524670e-14   8.8844174e+07
  -5.8329262e-14   1.0871667e+08
  -5.8133854e-14   1.0890583e+08
  -5.7938447e-14   8.8565654e+07
  -5.7743039e-14   4.9726406e+07
  -5.7547631e-14  -1.5939513e+06
  -5.7352223e-14  -5.5222353e+07
  -5.7156815e-14  -9.8768364e+07
  -5.6961407e-14  -1.2138332e+08
  -5.6765999e-14  -1.1757468e+08
  -5.6570591e-14  -8.8998275e+07
  -5.6375183e-14  -4.3320590e+07
  -5.6179775e-14   8.9597677e+06
  -5.5984367e-14   5.7761891e+07
  -5.5788959e-14   9.5169871e+07
  -5.5593552e-14   1.1556085e+08
  -5.5398144e-14   1.1528014e+08
  -5.5202736e-14   9.3102312e+07
  -5.5007328e-14   5.1584580e+07
  -5.4811920e-14  -1.8920624e+06
  -5.4616512e-14  -5.5896307e+07
  -5.4421104e-14  -9.7967886e+07
  -5.4225696e-14  -1.1867582e+08
  -5.4030288e-14  -1.1459258e+08
  -5.3834880e-14  -8.8649548e+07
  -5.3639472e-14  -4.8010208e+07
  -5.3444064e-14  -1.0862155e+06
  -5.3248657e-14   4.4477580e+07
  -5.3053249e-14   8.2178514e+07
  -5.2857841e-14   1.0622296e+08
  -5.2662433e-14   1.1171482e+08
  -5.2467025e-14   9.6124777e+07
  -5.2271617e-14   6.1247341e+07
  -5.2076209e-14   1.3990182e+07
  -5.1880801e-14  -3.5138768e+07
  -5.1685393e-14  -7.5421847e+07
  -5.1489985e-14  -9.9398739e+07
  -5.1294577e-14  -1.0452032e+08
  -5.1099170e-14  -9.2388041e+07
  -5.0903762e-14  -6.6636887e+07
  -5.0708354e-14  -3.1258740e+07
  -5.0512946e-14   9.5549651e+06
  -5.0317538e-14   5.0501251e+07
  -5.0122130e-14   8.4684566e+07
  -4.9926722e-14   1.0476153e+08
  -4.9731314e-14   1.0549743e+08
  -4.9535906e-14   8.6180328e+07
  -4.9340498e-14   5.1196232e+07
  -4.9145090e-14   8.2811397e+06
  -4.8949682e-14  -3.4415434e+07
  -4.8754275e-14  -7.0581792e+07
  -4.8558867e-14  -9.6151820e+07
  -4.8363459e-14  -1.0827774e+08
  -4.8168051e-14  -1.0440673e+08
  -4.7972643e-14  -8.2772871e+07
  -4.7777235e-14  -4.4229273e+07
  -4.7581827e-14   6.0433786e+06
  -4.7386419e-14   5.8636026e+07
  -4.7191011e-14   1.0232888e+08
  -4.6995603e-14   1.2767869e+08
  -4.6800195e-14   1.2978954e+08
  -4.6604787e-14   1.0891540e+08
  -4.6409380e-14   6.9117584e+07
  -4.6213972e-14   1.6445038e+07
  -4.6018564e-14  -4.1951114e+07
  -4.5823156e-14  -9.7598140e+07
  -4.5627748e-14  -1.4053114e+08
  -4.5432340e-14  -1.6056385e+08
  -4.5236932e-14  -1.5028093e+08
  -4.5041524e-14  -1.0844018e+08
  -4.4846116e-14  -4.1713570e+07
  -4.4650708e-14   3.6551402e+07
  -4.4455300e-14   1.1011122e+08
  -4.4259893e-14   1.6425239e+08
  -4.4064485e-14   1.8887101e+08
  -4.3869077e-14   1.7944895e+08
  -4.3673669e-14   1.3667845e+08
  -4.3478261e-14   6.6052284e+07
  -4.3282853e-14  -2.2017604e+07
  -4.3087445e-14  -1.1230460e+08
  -4.2892037e-14  -1.8647278e+08
  -4.2696629e-14  -2.2701471e+08
  -4.2501221e-14  -2.2241108e+08
  -4.2305813e-14  -1.7124251e+08
  -4.2110405e-14  -8.3162672e+07
  -4.1914998e-14   2.3770150e+07
  -4.1719590e-14   1.2802025e+08
  -4.1524182e-14   2.0951255e+08
  -4.1328774e-14   2.5298678e+08
  -4.1133366e-14   2.4965702e+08
  -4.0937958e-14   1.9810743e+08
  -4.0742550e-14   1.0514976e+08
  -4.0547142e-14  -1.3765167e+07
  -4.0351734e-14  -1.3589782e+08
  -4.0156326e-14  -2.3532959e+08
  -3.9960918e-14  -2.8930465e+08
  -3.9765511e-14  -2.8462573e+08
  -3.9570103e-14  -2.2143980e+08
  -3.9374695e-14  -1.1289743e+08
  -3.9179287e-14   1.8798696e+07
  -3.8983879e-14   1.4791786e+08
  -3.8788471e-14   2.5019519e+08
  -3.8593063e-14   3.0638169e+08
  -3.8397655e-14   3.0474038e+08
  -3.8202247e-14   2.4319174e+08
  -3.8006839e-14   1.3097687e+08
  -3.7811431e-14  -1.1374256e+07
  -3.7616023e-14  -1.5513031e+08
  -3.7420616e-14  -2.6964117e+08
  -3.7225208e-14  -3.3009591e+08
  -3.7029800e-14  -3.2389523e+08
  -3.6834392e-14  -2.5326524e+08
  -3.6638984e-14  -1.3358175e+08
  -3.6443576e-14   1.1186055e+07
  -3.6248168e-14   1.5373408e+08
  -3.6052760e-14   2.6791041e+08
  -3.5857352e-14   3.3230055e+08
  -3.5661944e-14   3.3351846e+08
  -3.5466536e-14   2.6934054e+08
  -3.5271128e-14   1.5067031e+08
  -3.5075721e-14   6.9127528e+05
  -3.4880313e-14  -1.4970909e+08
  -3.4684905e-14  -2.6935633e+08
  -3.4489497e-14  -3.3450140e+08
  -3.4294089e-14  -3.3399960e+08
  -3.4098681e-14  -2.7046704e+08
  -3.3903273e-14  -1.5794975e+08
  -3.3707865e-14  -1.7956815e+07
  -3.3512457e-14   1.2445004e+08
  -3.3317049e-14   2.4402707e+08
  -3.3121641e-14   3.1874842e+08
  -3.2926234e-14   3.3373476e+08
  -3.2730826e-14   2.8510314e+08
  -3.2535418e-14   1.8204021e+08
  -3.2340010e-14   4.5455713e+07
  -3.2144602e-14  -9.6994692e+07
  -3.1949194e-14  -2.1783112e+08
  -3.1753786e-14  -2.9592605e+08
  -3.1558378e-14  -3.1986797e+08
  -3.1362970e-14  -2.8820850e+08
  -3.1167562e-14  -2.0788113e+08
  -3.0972154e-14  -9.2395937e+07
  -3.0776746e-14   3.9579625e+07
  -3.0581339e-14   1.6592696e+08
  -3.0385931e-14   2.6411300e+08
  -3.0190523e-14   3.1567424e+08
  -2.9995115e-14   3.1080218e+08
  -2.9799707e-14   2.5095541e+08
  -2.9604299e-14   1.4815283e+08
  -2.9408891e-14   2.1348617e+07
  -2.9213483e-14  -1.0822127e+08
  -2.9018075e-14  -2.2068938e+08
  -2.8822667e-14  -2.9940511e+08
  -2.8627259e-14  -3.3174242e+08
  -2.8431851e-14  -3.1024192e+08
  -2.8236444e-14  -2.3466713e+08
  -2.8041036e-14  -1.1406729e+08
  -2.7845628e-14   3.2935456e+07
  -2.7650220e-14   1.8085758e+08
  -2.7454812e-14   3.0263553e+08
  -2.7259404e-14   3.7553522e+08
  -2.7063996e-14   3.8550574e+08
  -2.6868588e-14   3.2894391e+08
  -2.6673180e-14   2.1241141e+08
  -2.6477772e-14   5.1592832e+07
  -2.6282364e-14  -1.2980418e+08
  -2.6086957e-14  -3.0177580e+08
  -2.5891549e-14  -4.3163979e+08
  -2.5696141e-14  -4.9012274e+08
  -2.5500733e-14  -4.5878140e+08
  -2.5305325e-14  -3.3614669e+08
  -2.5109917e-14  -1.3993217e+08
  -2.4914509e-14   9.5806698e+07
  -2.4719101e-14   3.2753975e+08
  -2.4523693e-14   5.1079063e+08
  -2.4328285e-14   6.0810963e+08
  -2.4132877e-14   5.9543718e+08
  -2.3937469e-14   4.6679962e+08
  -2.3742062e-14   2.3724988e+08
  -2.3546654e-14  -5.6888742e+07
  -2.3351246e-14  -3.6201574e+08
  -2.3155838e-14  -6.1634599e+08
  -2.2960430e-14  -7.6298196e+08
  -2.2765022e-14  -7.6366614e+08
  -2.2569614e-14  -6.0899256e+08
  -2.2374206e-14  -3.2189628e+08
  -2.2178798e-14   4.6345435e+07
  -2.1983390e-14   4.2600320e+08
  -2.1787982e-14   7.4196184e+08
  -2.1592574e-14   9.2750608e+08
  -2.1397167e-14   9.3712464e+08
  -2.1201759e-14   7.5687261e+08
  -2.1006351e-14   4.1033925e+08
  -2.0810943e-14  -4.2167079e+07
  -2.0615535e-14  -5.1288422e+08
  -2.0420127e-14  -9.0372465e+08
  -2.0224719e-14  -1.1277370e+09
  -2.0029311e-14  -1.1293297e+09
  -1.9833903e-14  -8.9776733e+08
  -1.9638495e-14  -4.7063920e+08
  -1.9443087e-14   7.2946567e+07
  -1.9247680e-14   6.2727009e+08
  -1.9052272e-14   1.0798222e+09
  -1.8856864e-14   1.3328589e+09
  -1.8661456e-14   1.3235818e+09
  -1.8466048e-14   1.0394774e+09
  -1.8270640e-14   5.2498667e+08
  -1.8075232e-14  -1.2361049e+08
  -1.7879824e-14  -7.7577334e+08
  -1.7684416e-14  -1.2937570e+09
  -1.7489008e-14  -1.5628540e+09
  -1.7293600e-14  -1.5172309e+09
  -1.7098192e-14  -1.1551195e+09
  -1.6902785e-14  -5.4032452e+08
  -1.6707377e-14   2.0953152e+08
  -1.6511969e-14   9.4518025e+08
  -1.6316561e-14   1.5142881e+09
  -1.6121153e-14   1.7918808e+09
  -1.5925745e-14   1.7074495e+09
  -1.5730337e-14   1.2630732e+09
  -1.5534929e-14   5.3740902e+08
  -1.5339521e-14  -3.2718798e+08
  -1.5144113e-14  -1.1529674e+09
  -1.4948705e-14  -1.7645093e+09
  -1.4753298e-14  -2.0269072e+09
  -1.4557890e-14  -1.8753559e+09
  -1.4362482e-14  -1.3297409e+09
  -1.4167074e-14  -4.9179400e+08
  -1.3971666e-14   4.7394401e+08
  -1.3776258e-14   1.3715852e+09
  -1.3580850e-14   2.0124291e+09
  -1.3385442e-14   2.2539968e+09
  -1.3190034e-14   2.0320268e+09
  -1.2994626e-14   1.3779394e+09
  -1.2799218e-14   4.1632486e+08
  -1.2603810e-14  -6.5864427e+08
  -1.2408403e-14  -1.6234310e+09
  -1.2212995e-14  -2.2728330e+09
  -1.2017587e-14  -2.4640404e+09
  -1.1822179e-14  -2.1472878e+09
  -1.1626771e-14  -1.3770972e+09
  -1.1431363e-14  -3.0256741e+08
  -1.1235955e-14   8.6102138e+08
  -1.1040547e-14   1.8742116e+09
  -1.0845139e-14   2.5217412e+09
  -1.0649731e-14   2.6583161e+09
  -1.0454323e-14   2.2420606e+09
  -1.0258915e-14   1.3472200e+09
  -1.0063508e-14   1.5168143e+08
  -9.8680997e-15  -1.0990510e+09
  -9.6726917e-15  -2.1435835e+09
  -9.4772838e-15  -2.7601539e+09
  -9.2818759e-15  -2.8135066e+09
  -9.0864680e-15  -2.2834352e+09
  -8.8910601e-15  -1.2698699e+09
  -8.6956522e-15   2.5898784e+07
  -8.5002443e-15   1.3402891e+09
  -8.3048363e-15   2.3999763e+09
  -8.1094284e-15   2.9783993e+09
  -7.9140205e-15   2.9449059e+09
  -7.7186126e-15   2.2953634e+09
  -7.5232047e-15   1.1561520e+09
  -7.3277968e-15  -2.4061353e+08
  -7.1323889e-15  -1.6055848e+09
  -6.9369809e-15  -2.6533466e+09
  -6.7415730e-15  -3.1624229e+09
  -6.5461651e-15  -3.0213425e+09
  -6.3507572e-15  -2.2518700e+09
  -6.1553493e-15  -1.0055155e+09
  -5.9599414e-15   4.6573157e+08
  -5.7645335e-15   1.8592642e+09
  -5.5691255e-15   2.8834220e+09
  -5.3737176e-15   3.3189016e+09
  -5.1783097e-15   3.0668948e+09
  -4.9829018e-15   2.1725108e+09
  -4.7874939e-15   8.1710647e+08
  -4.5920860e-15  -7.1940881e+08
  -4.3966781e-15  -2.1177571e+09
  -4.2012702e-15  -3.0864355e+09
  -4.0058622e-15  -3.4221757e+09
  -3.8104543e-15  -3.0515500e+09
  -3.6150464e-15  -2.0461481e+09
  -3.4196385e-15  -6.0890843e+08
  -3.2242306e-15   9.6589734e+08
  -3.0288227e-15   2.3519866e+09
  -2.8334148e-15   3.2586161e+09
  -2.6380068e-15   3.4925529e+09
  -2.4425989e-15   3.0005796e+09
  -2.2471910e-15   1.8821931e+09
  -2.0517831e-15   3.6898510e+08
  -1.8563752e-15  -1.2246443e+09
  -1.6609673e-15  -2.5679673e+09
  -1.4655594e-15  -3.3827355e+09
  -1.2701514e-15  -3.5000000e+09
  -1.0747435e-15  -2.8941301e+09
  -8.7933561e-16  -1.6880886e+09
  -6.8392770e-16  -1.2914765e+08
  -4.8851979e-16   1.4607624e+09
  -2.9311187e-16   2.7510653e+09
  -9.7703957e-17   3.4718985e+09
   9.7703957e-17   3.4718985e+09
   2.9311187e-16   2.7510653e+09
   4.8851979e-16   1.4607624e+09
   6.8392770e-16  -1.2914765e+08
   8.7933561e-16  -1.6880886e+09
   1.0747435e-15  -2.8941301e+09
   1.2701514e-15  -3.5000000e+09
   1.4655594e-15  -3.3827355e+09
   1.6609673e-15  -2.5679673e+09
   1.8563752e-15  -1.2246443e+09
   2.0517831e-15   3.6898510e+08
   2.2471910e-15   1.8821931e+09
   2.4425989e-15   3.0005796e+09
   2.6380068e-15   3.4925529e+09
   2.8334148e-15   3.2586161e+09
   3.0288227e-15   2.3519866e+09
   3.2242306e-15   9.6589734e+08
   3.4196385e-15  -6.0890843e+08
   3.6150464e-15  -2.0461481e+09
   3.8104543e-15  -3.0515500e+09
   4.0058622e-15  -3.4221757e+09
   4.2012702e-15  -3.0864355e+09
   4.3966781e-15  -2.1177571e+09
   4.5920860e-15  -7.1940881e+08
   4.7874939e-15   8.1710647e+08
   4.9829018e-15   2.1725108e+09
   5.1783097e-15   3.0668948e+09
   5.3737176e-15   3.3189016e+09
   5.5691255e-15   2.8834220e+09
   5.7645335e-15   1.8592642e+09
   5.9599414e-15   4.6573157e+08
   6.1553493e-15  -1.0055155e+09
   6.3507572e-15  -2.2518700e+09
   6.5461651e-15  -3.0213425e+09
   6.7415730e-15  -3.1624229e+09
   6.9369809e-15  -2.6533466e+09
   7.1323889e-15  -1.6055848e+09
   7.3277968e-15  -2.4061353e+08
   7.5232047e-15   1.1561520e+09
   7.7186126e-15   2.2953634e+09
   7.9140205e-15   2.9449059e+09
   8.1094284e-15   2.9783993e+09
   8.3048363e-15   2.3999763e+09
   8.5002443e-15   1.3402891e+09
   8.6956522e-15   2.5898784e+07
   8.8910601e-15  -1.2698699e+09
   9.0864680e-15  -2.2834352e+09
   9.2818759e-15  -2.8135066e+09
   9.4772838e-15  -2.7601539e+09
   9.6726917e-15  -2.1435835e+09
   9.8680997e-15  -1.0990510e+09
   1.0063508e-14   1.5168143e+08
   1.0258915e-14   1.3472200e+09
   1.0454323e-14   2.2420606e+09
   1.0649731e-14   2.6583161e+09
   1.0845139e-14   2.5217412e+09
   1.1040547e-14   1.8742116e+09
   1.1235955e-14   8.6102138e+08
   1.1431363e-14  -3.0256741e+08
   1.1626771e-14  -1.3770972e+09
   1.1822179e-14  -2.1472878e+09
   1.2017587e-14  -2.4640404e+09
   1.2212995e-14  -2.2728330e+09
   1.2408403e-14  -1.6234310e+09
   1.2603810e-14  -6.5864427e+08
   1.2799218e-14   4.1632486e+08
   1.2994626e-14   1.3779394e+09
   1.3190034e-14   2.0320268e+09
   1.3385442e-14   2.2539968e+09
   1.3580850e-14   2.0124291e+09
   1.3776258e-14   1.3715852e+09
   1.3971666e-14   4.7394401e+08
   1.4167074e-14  -4.9179400e+08
   1.4362482e-14  -1.3297409e+09
   1.4557890e-14  -1.8753559e+09
   1.4753298e-14  -2.0269072e+09
   1.4948705e-14  -1.7645093e+09
   1.5144113e-14  -1.1529674e+09
   1.5339521e-14  -3.2718798e+08
   1.5534929e-14   5.3740902e+08
   1.5730337e-14   1.2630732e+09
   1.5925745e-14   1.7074495e+09
   1.6121153e-14   1.7918808e+09
   1.6316561e-14   1.5142881e+09
   1.6511969e-14   9.4518025e+08
   1.6707377e-14   2.0953152e+08
   1.6902785e-14  -5.4032452e+08
   1.7098192e-14  -1.1551195e+09
   1.7293600e-14  -1.5172309e+09
   1.7489008e-14  -1.5628540e+09
   1.7684416e-14  -1.2937570e+09
   1.7879824e-14  -7.7577334e+08
   1.8075232e-14  -1.2361049e+08
   1.8270640e-14   5.2498667e+08
   1.8466048e-14   1.0394774e+09
   1.8661456e-14   1.3235818e+09
   1.8856864e-14   1.3328589e+09
   1.9052272e-14   1.0798222e+09
   1.9247680e-14   6.2727009e+08
   1.9443087e-14   7.2946567e+07
   1.9638495e-14  -4.7063920e+08
   1.9833903e-14  -8.9776733e+08
   2.0029311e-14  -1.1293297e+09
   2.0224719e-14  -1.1277370e+09
   2.0420127e-14  -9.0372465e+08
   2.0615535e-14  -5.1288422e+08
   2.0810943e-14  -4.2167079e+07
   2.1006351e-14   4.1033925e+08
   2.1201759e-14   7.5687261e+08
   2.1397167e-14   9.3712464e+08
   2.1592574e-14   9.2750608e+08
   2.1787982e-14   7.4196184e+08
   2.1983390e-14   4.2600320e+08
   2.2178798e-14   4.6345435e+07
   2.2374206e-14  -3.2189628e+08
   2.2569614e-14  -6.0899256e+08
   2.2765022e-14  -7.6366614e+08
   2.2960430e-14  -7.6298196e+08
   2.3155838e-14  -6.1634599e+08
   2.3351246e-14  -3.6201574e+08
   2.3546654e-14  -5.6888742e+07
   2.3742062e-14   2.3724988e+08
   2.3937469e-14   4.6679962e+08
   2.4132877e-14   5.9543718e+08
   2.4328285e-14   6.0810963e+08
   2.4523693e-14   5.1079063e+08
   2.4719101e-14   3.2753975e+08
   2.4914509e-14   9.5806698e+07
   2.5109917e-14  -1.3993217e+08
   2.5305325e-14  -3.3614669e+08
   2.5500733e-14  -4.5878140e+08
   2.5696141e-14  -4.9012274e+08
   2.5891549e-14  -4.3163979e+08
   2.6086957e-14  -3.0177580e+08
   2.6282364e-14  -1.2980418e+08
   2.6477772e-14   5.1592832e+07
   2.6673180e-14   2.1241141e+08
   2.6868588e-14   3.2894391e+08
   2.7063996e-14   3.8550574e+08
   2.7259404e-14   3.7553522e+08
   2.7454812e-14   3.0263553e+08
   2.7650220e-14   1.8085758e+08
   2.7845628e-14   3.2935456e+07
   2.8041036e-14  -1.1406729e+08
   2.8236444e-14  -2.3466713e+08
   2.8431851e-14  -3.1024192e+08
   2.8627259e-14  -3.3174242e+08
   2.8822667e-14  -2.9940511e+08
   2.9018075e-14  -2.2068938e+08
   2.9213483e-14  -1.0822127e+08
   2.9408891e-14   2.1348617e+07
   2.9604299e-14   1.4815283e+08
   2.9799707e-14   2.5095541e+08
   2.9995115e-14   3.1080218e+08
   3.0190523e-14   3.1567424e+08
   3.0385931e-14   2.6411300e+08
   3.0581339e-14   1.6592696e+08
   3.0776746e-14   3.9579625e+07
   3.0972154e-14  -9.2395937e+07
   3.1167562e-14  -2.0788113e+08
   3.1362970e-14  -2.8820850e+08
   3.1558378e-14  -3.1986797e+08
   3.1753786e-14  -2.9592605e+08
   3.1949194e-14  -2.1783112e+08
   3.2144602e-14  -9.6994692e+07
   3.2340010e-14   4.5455713e+07
   3.2535418e-14   1.8204021e+08
   3.2730826e-14   2.8510314e+08
   3.2926234e-14   3.3373476e+08
   3.3121641e-14   3.1874842e+08
   3.3317049e-14   2.4402707e+08
   3.3512457e-14   1.2445004e+08
   3.3707865e-14  -1.7956815e+07
   3.3903273e-14  -1.5794975e+08
   3.4098681e-14  -2.7046704e+08
   3.4294089e-14  -3.3399960e+08
   3.4489497e-14  -3.3450140e+08
   3.4684905e-14  -2.6935633e+08
   3.4880313e-14  -1.4970909e+08
   3.5075721e-14   6.9127528e+05
   3.5271128e-14   1.5067031e+08
   3.5466536e-14   2.6934054e+08
   3.5661944e-14   3.3351846e+08
   3.5857352e-14   3.3230055e+08
   3.6052760e-14   2.6791041e+08
   3.6248168e-14   1.5373408e+08
   3.6443576e-14   1.1186055e+07
   3.6638984e-14  -1.3358175e+08
   3.6834392e-14  -2.5326524e+08
   3.7029800e-14  -3.2389523e+08
   3.7225208e-14  -3.3009591e+08
   3.7420616e-14  -2.6964117e+08
   3.7616023e-14  -1.5513031e+08
   3.7811431e-14  -1.1374256e+07
   3.8006839e-14   1.3097687e+08
   3.8202247e-14   2.4319174e+08
   3.8397655e-14   3.0474038e+08
   3.8593063e-14   3.0638169e+08
   3.8788471e-14   2.5019519e+08
   3.8983879e-14   1.4791786e+08
   3.9179287e-14   1.8798696e+07
   3.9374695e-14  -1.1289743e+08
   3.9570103e-14  -2.2143980e+08
   3.9765511e-14  -2.8462573e+08
   3.9960918e-14  -2.8930465e+08
   4.0156326e-14  -2.3532959e+08
   4.0351734e-14  -1.3589782e+08
   4.0547142e-14  -1.3765167e+07
   4.0742550e-14   1.0514976e+08
   4.0937958e-14   1.9810743e+08
   4.1133366e-14   2.4965702e+08
   4.1328774e-14   2.5298678e+08
   4.1524182e-14   2.0951255e+08
   4.1719590e-14   1.2802025e+08
   4.1914998e-14   2.3770150e+07
   4.2110405e-14  -8.3162672e+07
   4.2305813e-14  -1.7124251e+08
   4.2501221e-14  -2.2241108e+08
   4.2696629e-14  -2.2701471e+08
   4.2892037e-14  -1.8647278e+08
   4.3087445e-14  -1.1230460e+08
   4.3282853e-14  -2.2017604e+07
   4.3478261e-14   6.6052284e+07
   4.3673669e-14   1.3667845e+08
   4.3869077e-14   1.7944895e+08
   4.4064485e-14   1.8887101e+08
   4.4259893e-14   1.6425239e+08
   4.4455300e-14   1.1011122e+08
   4.4650708e-14   3.6551402e+07
   4.4846116e-14  -4.1713570e+07
   4.5041524e-14  -1.0844018e+08
   4.5236932e-14  -1.5028093e+08
   4.5432340e-14  -1.6056385e+08
   4.5627748e-14  -1.4053114e+08
   4.5823156e-14  -9.7598140e+07
   4.6018564e-14  -4.1951114e+07
   4.6213972e-14   1.6445038e+07
   4.6409380e-14   6.9117584e+07
   4.6604787e-14   1.0891540e+08
   4.6800195e-14   1.2978954e+08
   4.6995603e-14   1.2767869e+08
   4.7191011e-14   1.0232888e+08
   4.7386419e-14   5.8636026e+07
   4.7581827e-14   6.0433786e+06
   4.7777235e-14  -4.4229273e+07
   4.7972643e-14  -8.2772871e+07
   4.8168051e-14  -1.0440673e+08
   4.8363459e-14  -1.0827774e+08
   4.8558867e-14  -9.6151820e+07
   4.8754275e-14  -7.0581792e+07
   4.8949682e-14  -3.4415434e+07
   4.9145090e-14   8.2811397e+06
   4.9340498e-14   5.1196232e+07
   4.9535906e-14   8.6180328e+07
   4.9731314e-14   1.0549743e+08
   4.9926722e-14   1.0476153e+08
   5.0122130e-14   8.4684566e+07
   5.0317538e-14   5.0501251e+07
   5.0512946e-14   9.5549651e+06
   5.0708354e-14  -3.1258740e+07
   5.0903762e-14  -6.6636887e+07
   5.1099170e-14  -9.2388041e+07
   5.1294577e-14  -1.0452032e+08
   5.1489985e-14  -9.9398739e+07
   5.1685393e-14  -7.5421847e+07
   5.1880801e-14  -3.5138768e+07
   5.2076209e-14   1.3990182e+07
   5.2271617e-14   6.1247341e+07
   5.2467025e-14   9.6124777e+07
   5.2662433e-14   1.1171482e+08
   5.2857841e-14   1.0622296e+08
   5.3053249e-14   8.2178514e+07
   5.3248657e-14   4.4477580e+07
   5.3444064e-14  -1.0862155e+06
   5.3639472e-14  -4.8010208e+07
   5.3834880e-14  -8.8649548e+07
   5.4030288e-14  -1.1459258e+08
   5.4225696e-14  -1.1867582e+08
   5.4421104e-14  -9.7967886e+07
   5.4616512e-14  -5.5896307e+07
   5.4811920e-14  -1.8920624e+06
   5.5007328e-14   5.1584580e+07
   5.5202736e-14   9.3102312e+07
   5.5398144e-14   1.1528014e+08
   5.5593552e-14   1.1556085e+08
   5.5788959e-14   9.5169871e+07
   5.5984367e-14   5.7761891e+07
   5.6179775e-14   8.9597677e+06
   5.6375183e-14  -4.3320590e+07
   5.6570591e-14  -8.8998275e+07
   5.6765999e-14  -1.1757468e+08
   5.6961407e-14  -1.2138332e+08
   5.7156815e-14  -9.8768364e+07
   5.7352223e-14  -5.5222353e+07
   5.7547631e-14  -1.5939513e+06
   5.7743039e-14   4.9726406e+07
   5.7938447e-14   8.8565654e+07
   5.8133854e-14   1.0890583e+08
   5.8329262e-14   1.0871667e+08
   5.8524670e-14   8.8844174e+07
   5.8720078e-14   5.2402084e+07
   5.8915486e-14   5.1099104e+06
   5.9110894e-14  -4.4327924e+07
   5.9306302e-14  -8.5179454e+07
   5.9501710e-14  -1.0747656e+08
   5.9697118e-14  -1.0558222e+08
   5.9892526e-14  -8.0530177e+07
   6.0087934e-14  -3.9639802e+07
   6.0283341e-14   6.4394272e+06
   6.0478749e-14   4.7528609e+07
   6.0674157e-14   7.6521846e+07
   6.0869565e-14   8.9866132e+07
   6.1064973e-14   8.6612609e+07
   6.1260381e-14   6.7559990e+07
   6.1455789e-14   3.5449435e+07
   6.1651197e-14  -4.2140185e+06
   6.1846605e-14  -4.3102457e+07
   6.2042013e-14  -7.1820644e+07
   6.2237421e-14  -8.3110264e+07
   6.2432829e-14  -7.4789662e+07
   6.2628236e-14  -5.0582419e+07
   6.2823644e-14  -1.8258995e+07
   6.3019052e-14   1.3745538e+07
   6.3214460e-14   3.9189672e+07
   6.3409868e-14   5.4929346e+07
   6.3605276e-14   6.0019918e+07
   6.3800684e-14   5.4436056e+07
   6.3996092e-14   3.8800275e+07
   6.4191500e-14   1.5290211e+07
   6.4386908e-14  -1.1431392e+07
   6.4582316e-14  -3.4690853e+07
   6.4777723e-14  -4.8053913e+07
   6.4973131e-14  -4.8193514e+07
   6.5168539e-14  -3.6486879e+07
   6.5363947e-14  -1.8179724e+07
   6.5559355e-14   3.8098043e+05
   6.5754763e-14   1.4627697e+07
   6.5950171e-14   2.2998147e+07
   6.6145579e-14   2.6087948e+07
   6.6340987e-14   2.4868984e+07
   6.6536395e-14   1.9645650e+07
   6.6731803e-14   1.0554842e+07
   6.6927211e-14  -1.0782722e+06
   6.7122618e-14  -1.2064717e+07
   6.7318026e-14  -1.8371567e+07
   6.7513434e-14  -1.7386328e+07
   6.7708842e-14  -9.7874869e+06
   6.7904250e-14   5.0936938e+05
   6.8099658e-14   8.4896364e+06
   6.8295066e-14   1.0856954e+07
   6.8490474e-14   7.6108399e+06
   6.8685882e-14   1.4154684e+06
   6.8881290e-14  -4.5525653e+06
   6.9076698e-14  -8.5374685e+06
   6.9272106e-14  -1.0539235e+07
   6.9467513e-14  -1.1102249e+07
   6.9662921e-14  -9.9092602e+06
   6.9858329e-14  -5.6300325e+06
   7.0053737e-14   2.6948161e+06
   7.0249145e-14   1.3898155e+07
   7.0444553e-14   2.4213400e+07
   7.0639961e-14   2.8827372e+07
   7.0835369e-14   2.4595543e+07
   7.1030777e-14   1.2051394e+07
   7.1226185e-14  -4.7306332e+06
   7.1421593e-14  -2.0313593e+07
   7.1617000e-14  -3.0561531e+07
   7.1812408e-14  -3.4005941e+07
   7.2007816e-14  -3.1273305e+07
   7.2203224e-14  -2.3483935e+07
   7.2398632e-14  -1.1232575e+07
   7.2594040e-14   4.9322241e+06
   7.2789448e-14   2.3084323e+07
   7.2984856e-14   3.9096712e+07
   7.3180264e-14   4.7612076e+07
   7.3375672e-14   4.4559122e+07
   7.3571080e-14   2.9603254e+07
   7.3766488e-14   6.7675602e+06
   7.3961895e-14  -1.7312835e+07
   7.4157303e-14  -3.6375748e+07
   7.4352711e-14  -4.6825356e+07
   7.4548119e-14  -4.8067722e+07
   7.4743527e-14  -4.1187564e+07
   7.4938935e-14  -2.7458717e+07
   7.5134343e-14  -8.0616877e+06
   7.5329751e-14   1.4897193e+07
   7.5525159e-14   3.7300755e+07
   7.5720567e-14   5.3342441e+07
   7.5915975e-14   5.7635703e+07
   7.6111383e-14   4.7951794e+07
   7.6306790e-14   2.6710300e+07
   7.6502198e-14   8.3638365e+04
   7.6697606e-14  -2.4774186e+07
   7.6893014e-14  -4.2584926e+07
   7.7088422e-14  -5.1180367e+07
   7.7283830e-14  -5.0746979e+07
   7.7479238e-14  -4.2220139e+07
   7.7674646e-14  -2.6433253e+07
   7.7870054e-14  -4.7230575e+06
   7.8065462e-14   1.9782039e+07
   7.8260870e-14   4.1744368e+07
   7.8456277e-14   5.5027779e+07
   7.8651685e-14   5.5386112e+07
   7.8847093e-14   4.2695611e+07
   7.9042501e-14   2.1137432e+07
   7.9237909e-14  -2.8642564e+06
   7.9433317e-14  -2.3568615e+07
   7.9628725e-14  -3.7811509e+07
   7.9824133e-14  -4.4893571e+07
   8.0019541e-14  -4.5089490e+07
   8.0214949e-14  -3.8384772e+07
   8.0410357e-14  -2.4641205e+07
   8.0605765e-14  -4.9812497e+06
   8.0801172e-14   1.7032488e+07
   8.0996580e-14   3.5829335e+07
   8.1191988e-14   4.6019587e+07
   8.1387396e-14   4.5004418e+07
   8.1582804e-14   3.4193207e+07
   8.1778212e-14   1.7963005e+07
   8.1973620e-14   1.1352535e+06
   8.2169028e-14  -1.3220504e+07
   8.2364436e-14  -2.4228934e+07
   8.2559844e-14  -3.1939493e+07
   8.2755252e-14  -3.5742388e+07
   8.2950660e-14  -3.4016347e+07
   8.3146067e-14  -2.5402846e+07
   8.3341475e-14  -1.0620277e+07
   8.3536883e-14   6.8404061e+06
   8.3732291e-14   2.1970859e+07
   8.3927699e-14   3.0722769e+07
   8.4123107e-14   3.1958185e+07
   8.4318515e-14   2.7486493e+07
   8.4513923e-14   2.0269387e+07
   8.4709331e-14   1.2268637e+07
   8.4904739e-14   3.6111773e+06
   8.5100147e-14  -6.3979440e+06
   8.5295554e-14  -1.7431102e+07
   8.5490962e-14  -2.7164838e+07
   8.5686370e-14  -3.2150169e+07
   8.5881778e-14  -2.9954597e+07
   8.6077186e-14  -2.0913539e+07
   8.6272594e-14  -8.0888054e+06
   8.6468002e-14   4.5650006e+06
   8.6663410e-14   1.4419357e+07
   8.6858818e-14   2.1103373e+07
   8.7054226e-14   2.5561037e+07
   8.7249634e-14   2.8192197e+07
   8.7445042e-14   2.7773412e+07
   8.7640449e-14   2.2180699e+07
   8.7835857e-14   1.0401221e+07
   8.8031265e-14  -5.8158037e+06
   8.8226673e-14  -2.2118090e+07
   8.8422081e-14  -3.3578523e+07
   8.8617489e-14  -3.7190058e+07
   8.8812897e-14  -3.3068031e+07
   8.9008305e-14  -2.3629828e+07
   8.9203713e-14  -1.1595504e+07
   8.9399121e-14   1.5042151e+06
   8.9594529e-14   1.5182057e+07
   8.9789936e-14   2.8554064e+07
   8.9985344e-14   3.9108812e+07
   9.0180752e-14   4.3064342e+07
   9.0376160e-14   3.7368577e+07
   9.0571568e-14   2.1958504e+07
   9.0766976e-14   5.2594953e+05
   9.0962384e-14  -2.0928412e+07
   9.1157792e-14  -3.6843385e+07
   9.1353200e-14  -4.4307795e+07
   9.1548608e-14  -4.3388604e+07
   9.1744016e-14  -3.5732855e+07
   9.1939424e-14  -2.2883370e+07
   9.2134831e-14  -5.7887391e+06
   9.2330239e-14   1.4209739e+07
   9.2525647e-14   3.4044452e+07
   9.2721055e-14   4.8801903e+07
   9.2916463e-14   5.3441496e+07
   9.3111871e-14   4.5423700e+07
   9.3307279e-14   2.6423883e+07
   9.3502687e-14   1.8313232e+06
   9.3698095e-14  -2.1708640e+07
   9.3893503e-14  -3.9078028e+07
   9.4088911e-14  -4.8049329e+07
   9.4284319e-14  -4.8686493e+07
   9.4479726e-14  -4.1770508e+07
   9.4675134e-14  -2.7854741e+07
   9.4870542e-14  -7.7948404e+06
   9.5065950e-14   1.5869771e+07
   9.5261358e-14   3.8227609e+07
   9.5456766e-14   5.3120827e+07
   9.5652174e-14   5.5751930e+07
   9.5847582e-14   4.5135733e+07
   9.6042990e-14   2.4691586e+07
   9.6238398e-14   5.3220733e+05
   9.6433806e-14  -2.1378953e+07
   9.6629213e-14  -3.7323647e+07
   9.6824621e-14  -4.6034336e+07
   9.7020029e-14  -4.7415521e+07
   9.7215437e-14  -4.1286972e+07
   9.7410845e-14  -2.7431359e+07
   9.7606253e-14  -6.9084621e+06
   9.7801661e-14   1.6687383e+07
   9.7997069e-14   3.7499231e+07
   9.8192477e-14   4.9533480e+07
   9.8387885e-14   4.9437575e+07
   9.8583293e-14   3.8073191e+07
   9.8778701e-14   1.9808949e+07
   9.8974108e-14   7.8186108e+04
   9.9169516e-14  -1.7063238e+07
   9.9364924e-14  -2.9811212e+07
   9.9560332e-14  -3.7706408e+07
   9.9755740e-14  -4.0156883e+07
   9.9951148e-14  -3.5942335e+07
   1.0014656e-13  -2.4261492e+07
   1.0034196e-13  -6.4119895e+06
   1.0053737e-13   1.3515256e+07
   1.0073278e-13   2.9872661e+07
   1.0092819e-13   3.8041876e+07
   1.0112360e-13   3.6646850e+07
   1.0131900e-13   2.7861963e+07
   1.0151441e-13   1.5676146e+07
   1.0170982e-13   3.4685165e+06
   1.0190523e-13  -7.3368716e+06
   1.0210064e-13  -1.6747514e+07
   1.0229604e-13  -2.4574755e+07
   1.0249145e-13  -2.9327898e+07
   1.0268686e-13  -2.8735837e+07
   1.0288227e-13  -2.1548753e+07
   1.0307767e-13  -9.1005220e+06
   1.0327308e-13   4.7962451e+06
   1.0346849e-13   1.5752942e+07
   1.0366390e-13   2.1183961e+07
   1.0385931e-13   2.1422643e+07
   1.0405471e-13   1.8804163e+07
   1.0425012e-13   1.5527193e+07
   1.0444553e-13   1.2026807e+07
   1.0464094e-13   7.1131693e+06
   1.0483635e-13  -3.4752697e+05
   1.0503175e-13  -9.7039180e+06
   1.0522716e-13  -1.8266644e+07
   1.0542257e-13  -2.2830066e+07
   1.0561798e-13  -2.1792944e+07
   1.0581339e-13  -1.6190034e+07
   1.0600879e-13  -8.8157250e+06
   1.0620420e-13  -2.1606073e+06
   1.0639961e-13   3.1679539e+06
   1.0659502e-13   8.2881627e+06
   1.0679043e-13   1.4341438e+07
   1.0698583e-13   2.0727874e+07
   1.0718124e-13   2.4837426e+07
   1.0737665e-13   2.3625509e+07
   1.0757206e-13   1.5866831e+07
   1.0776746e-13   3.3322794e+06
   1.0796287e-13  -1.0048240e+07
   1.0815828e-13  -2.0409050e+07
   1.0835369e-13  -2.5881362e+07
   1.0854910e-13  -2.6863752e+07
   1.0874450e-13  -2.4650330e+07
   1.0893991e-13  -1.9765025e+07
   1.0913532e-13  -1.1527558e+07
   1.0933073e-13   7.3488191e+05
   1.0952614e-13   1.5890620e+07
   1.0972154e-13   3.0289084e+07
   1.0991695e-13   3.9013068e+07
   1.1011236e-13   3.8421436e+07
   1.1030777e-13   2.8227798e+07
   1.1050318e-13   1.1643737e+07
   1.1069858e-13  -6.4568496e+06
   1.1089399e-13  -2.1959786e+07
   1.1108940e-13  -3.2817471e+07
   1.1128481e-13  -3.8571161e+07
   1.1148021e-13  -3.8920186e+07
   1.1167562e-13  -3.2899563e+07
   1.1187103e-13  -1.9595876e+07
   1.1206644e-13   1.2162803e+05
   1.1226185e-13   2.2426529e+07
   1.1245725e-13   4.1231222e+07
   1.1265266e-13   5.0670130e+07
   1.1284807e-13   4.7859928e+07
   1.1304348e-13   3.4123702e+07
   1.1323889e-13   1.3946240e+07
   1.1343429e-13  -7.4571565e+06
   1.1362970e-13  -2.6195640e+07
   1.1382511e-13  -4.0138160e+07
   1.1402052e-13  -4.7933695e+07
   1.1421593e-13  -4.7985860e+07
   1.1441133e-13  -3.8677323e+07
   1.1460674e-13  -1.9907884e+07
   1.1480215e-13   5.3305450e+06
   1.1499756e-13   3.0917991e+07
   1.1519297e-13   4.9641615e+07
   1.1538837e-13   5.6253113e+07
   1.1558378e-13   4.9646555e+07
   1.1577919e-13   3.2828149e+07
   1.1597460e-13   1.0909753e+07
   1.1617000e-13  -1.1317904e+07
   1.1636541e-13  -3.0607926e+07
   1.1656082e-13  -4.4835540e+07
   1.1675623e-13  -5.1917846e+07
   1.1695164e-13  -4.9546522e+07
   1.1714704e-13  -3.6364120e+07
   1.1734245e-13  -1.3771404e+07
   1.1753786e-13   1.3258101e+07
   1.1773327e-13   3.7434253e+07
   1.1792868e-13   5.2041482e+07
   1.1812408e-13   5.3746279e+07
   1.1831949e-13   4.3586205e+07
   1.1851490e-13   2.5688065e+07
   1.1871031e-13   4.8404293e+06
   1.1890572e-13  -1.5309971e+07
   1.1910112e-13  -3.2420826e+07
   1.1929653e-13  -4.4442016e+07
   1.1949194e-13  -4.8868488e+07
   1.1968735e-13  -4.3366102e+07
   1.1988276e-13  -2.7538164e+07
   1.2007816e-13  -4.3946883e+06
   1.2027357e-13   1.9941306e+07
   1.2046898e-13   3.8525817e+07
   1.2066439e-13   4.6592341e+07
   1.2085979e-13   4.3367306e+07
   1.2105520e-13   3.1639659e+07
   1.2125061e-13   1.5630189e+07
   1.2144602e-13  -1.1665781e+06
   1.2164143e-13  -1.6712198e+07
   1.2183683e-13  -2.9603326e+07
   1.2203224e-13  -3.7904349e+07
   1.2222765e-13  -3.9065766e+07
   1.2242306e-13  -3.1318720e+07
   1.2261847e-13  -1.5512253e+07
   1.2281387e-13   4.2344837e+06
   1.2300928e-13   2.1922041e+07
   1.2320469e-13   3.2411919e+07
   1.2340010e-13   3.3744870e+07
   1.2359551e-13   2.7526178e+07
   1.2379091e-13   1.7286018e+07
   1.2398632e-13   6.1752808e+06
   1.2418173e-13  -4.2960846e+06
   1.2437714e-13  -1.3770363e+07
   1.2457255e-13  -2.1594059e+07
   1.2476795e-13  -2.5965212e+07
   1.2496336e-13  -2.4644737e+07
   1.2515877e-13  -1.6770011e+07
   1.2535418e-13  -4.2388631e+06
   1.2554958e-13   8.6653096e+06
   1.2574499e-13   1.7395052e+07
   1.2594040e-13   1.9591608e+07
   1.2613581e-13   1.6133308e+07
   1.2633122e-13   1.0083712e+07
   1.2652662e-13   4.4224454e+06
   1.2672203e-13   3.0392637e+05
   1.2691744e-13  -2.9383903e+06
   1.2711285e-13  -6.2907704e+06
   1.2730826e-13  -9.5111245e+06
   1.2750366e-13  -1.0949730e+07
   1.2769907e-13  -8.9332504e+06
   1.2789448e-13  -3.5233335e+06
   1.2808989e-13   2.9283944e+06
   1.2828530e-13   7.0656121e+06
   1.2848070e-13   6.7780338e+06
   1.2867611e-13   2.7003746e+06
   1.2887152e-13  -2.2269297e+06
   1.2906693e-13  -4.8281336e+06
   1.2926234e-13  -3.8255318e+06
   1.2945774e-13  -4.4983646e+05
   1.2965315e-13   2.8268066e+06
   1.2984856e-13   4.3103128e+06
   1.3004397e-13   4.1972619e+06
   1.3023937e-13   3.9453183e+06
   1.3043478e-13   4.5527007e+06
   1.3063019e-13   5.3151127e+06
   1.3082560e-13   4.2195248e+06
   1.3102101e-13  -2.6309679e+05
   1.3121641e-13  -7.4537818e+06
   1.3141182e-13  -1.4313838e+07
   1.3160723e-13  -1.7157494e+07
   1.3180264e-13  -1.4031049e+07
   1.3199805e-13  -5.9978998e+06
   1.3219345e-13   3.6056285e+06
   1.3238886e-13   1.1324307e+07
   1.3258427e-13   1.5490095e+07
   1.3277968e-13   1.6519601e+07
   1.3297509e-13   1.5607360e+07
   1.3317049e-13   1.3122729e+07
   1.3336590e-13   8.1944928e+06
   1.3356131e-13  -1.1431812e+05
   1.3375672e-13  -1.1070302e+07
   1.3395213e-13  -2.1583080e+07
   1.3414753e-13  -2.7406625e+07
   1.3434294e-13  -2.5549225e+07
   1.3453835e-13  -1.6180518e+07
   1.3473376e-13  -2.6274284e+06
   1.3492916e-13   1.0535551e+07
   1.3512457e-13   1.9894046e+07
   1.3531998e-13   2.4410140e+07
   1.3551539e-13   2.4796914e+07
   1.3571080e-13   2.1894508e+07
   1.3590620e-13   1.5620333e+07
   1.3610161e-13   5.4530031e+06
   1.3629702e-13  -8.0138602e+06
   1.3649243e-13  -2.1945470e+07
   1.3668784e-13  -3.1828685e+07
   1.3688324e-13  -3.3645662e+07
   1.3707865e-13  -2.6220671e+07
   1.3727406e-13  -1.2040749e+07
   1.3746947e-13   4.0740355e+06
   1.3766488e-13   1.7503695e+07
   1.3786028e-13   2.5792145e+07
   1.3805569e-13   2.8827397e+07
   1.3825110e-13   2.7488442e+07
   1.3844651e-13   2.2181516e+07
   1.3864191e-13   1.2628446e+07
   1.3883732e-13  -9.4060582e+05
   1.3903273e-13  -1.6368775e+07
   1.3922814e-13  -2.9431791e+07
   1.3942355e-13  -3.5500386e+07
   1.3961895e-13  -3.2034913e+07
   1.3981436e-13  -2.0153216e+07
   1.4000977e-13  -4.0998653e+06
   1.4020518e-13   1.1035019e+07
   1.4040059e-13   2.1744563e+07
   1.4059599e-13   2.7075271e+07
   1.4079140e-13   2.7756925e+07
   1.4098681e-13   2.4556546e+07
   1.4118222e-13   1.7420594e+07
   1.4137763e-13   6.1456422e+06
   1.4157303e-13  -8.1169875e+06
   1.4176844e-13  -2.2050305e+07
   1.4196385e-13  -3.1100743e+07
   1.4215926e-13  -3.1773070e+07
   1.4235467e-13  -2.3718263e+07
   1.4255007e-13  -1.0062551e+07
   1.4274548e-13   4.3172359e+06
   1.4294089e-13   1.5360528e+07
   1.4313630e-13   2.1457072e+07
   1.4333170e-13   2.3185695e+07
   1.4352711e-13   2.1710574e+07
   1.4372252e-13   1.7377573e+07
   1.4391793e-13   9.7349421e+06
   1.4411334e-13  -1.1281021e+06
   1.4430874e-13  -1.3250649e+07
   1.4450415e-13  -2.2884273e+07
   1.4469956e-13  -2.6258580e+07
   1.4489497e-13  -2.1862119e+07
   1.4509038e-13  -1.1533124e+07
   1.4528578e-13   5.2369028e+05
   1.4548119e-13   1.0131663e+07
   1.4567660e-13   1.5244095e+07
   1.4587201e-13   1.6339328e+07
   1.4606742e-13   1.5069272e+07
   1.4626282e-13   1.2465275e+07
   1.4645823e-13   8.2419409e+06
   1.4665364e-13   1.7062508e+06
   1.4684905e-13  -6.6485978e+06
   1.4704446e-13  -1.4416074e+07
   1.4723986e-13  -1.8271541e+07
   1.4743527e-13  -1.6090810e+07
   1.4763068e-13  -8.5804313e+06
   1.4782609e-13   9.1214852e+05
   1.4802149e-13   8.3685962e+06
   1.4821690e-13   1.1439628e+07
   1.4841231e-13   1.0475960e+07
   1.4860772e-13   7.6172540e+06
   1.4880313e-13   4.8197317e+06
   1.4899853e-13   2.4675776e+06
   1.4919394e-13  -3.6990692e+05
   1.4938935e-13  -4.4022494e+06
   1.4958476e-13  -8.7577470e+06
   1.4978017e-13  -1.1104168e+07
   1.4997557e-13  -9.2924898e+06
   1.5017098e-13  -3.2361690e+06
   1.5036639e-13   4.5513200e+06
   1.5056180e-13   1.0327306e+07
   1.5075721e-13   1.1459410e+07
   1.5095261e-13   8.0094621e+06
   1.5114802e-13   2.4140985e+06
   1.5134343e-13  -2.4085571e+06
   1.5153884e-13  -5.0055785e+06
   1.5173425e-13  -5.9123118e+06
   1.5192965e-13  -6.4956723e+06
   1.5212506e-13  -7.2481913e+06
   1.5232047e-13  -7.0801731e+06
   1.5251588e-13  -4.2720137e+06
   1.5271128e-13   1.6984657e+06
   1.5290669e-13   9.0439307e+06
   1.5310210e-13   1.4344603e+07
   1.5329751e-13   1.4655520e+07
   1.5349292e-13   9.4981586e+06
   1.5368832e-13   1.2224432e+06
   1.5388373e-13  -6.5358968e+06
   1.5407914e-13  -1.1121567e+07
   1.5427455e-13  -1.2159830e+07
   1.5446996e-13  -1.1034456e+07
   1.5466536e-13  -9.1710415e+06
   1.5486077e-13  -6.6757886e+06
   1.5505618e-13  -2.5001773e+06
   1.5525159e-13   4.0488993e+06
   1.5544700e-13   1.1828545e+07
   1.5564240e-13   1.7824175e+07
   1.5583781e-13   1.8811947e+07
   1.5603322e-13   1.3551903e+07
   1.5622863e-13   3.8321757e+06
   1.5642404e-13  -6.4837439e+06
   1.5661944e-13  -1.3733975e+07
   1.5681485e-13  -1.6393143e+07
   1.5701026e-13  -1.5322649e+07
   1.5720567e-13  -1.2359468e+07
   1.5740107e-13  -8.5608357e+06
   1.5759648e-13  -3.6022514e+06
   1.5779189e-13   3.2317552e+06
   1.5798730e-13   1.1430341e+07
   1.5818271e-13   1.8560631e+07
   1.5837811e-13   2.1308785e+07
   1.5857352e-13   1.7619404e+07
   1.5876893e-13   8.3149281e+06
   1.5896434e-13  -3.1111132e+06
   1.5915975e-13  -1.2458786e+07
   1.5935515e-13  -1.7135587e+07
   1.5955056e-13  -1.7176697e+07
   1.5974597e-13  -1.4380884e+07
   1.5994138e-13  -1.0451106e+07
   1.6013679e-13  -5.7418652e+06
   1.6033219e-13   3.9763581e+05
   1.6052760e-13   8.1074449e+06
   1.6072301e-13   1.5784549e+07
   1.6091842e-13   2.0386175e+07
   1.6111383e-13   1.9239270e+07
   1.6130923e-13   1.2021816e+07
   1.6150464e-13   1.3356037e+06
   1.6170005e-13  -8.6727089e+06
   1.6189546e-13  -1.4686627e+07
   1.6209086e-13  -1.5877840e+07
   1.6228627e-13  -1.3724083e+07
   1.6248168e-13  -1.0319124e+07
   1.6267709e-13  -6.6512321e+06
   1.6287250e-13  -2.2456415e+06
   1.6306790e-13   3.6485855e+06
   1.6326331e-13   1.0481633e+07
   1.6345872e-13   1.5939258e+07
   1.6365413e-13   1.7168675e+07
   1.6384954e-13   1.2829713e+07
   1.6404494e-13   4.3437393e+06
   1.6424035e-13  -4.7293772e+06
   1.6443576e-13  -1.0810800e+07
   1.6463117e-13  -1.2372361e+07
   1.6482658e-13  -1.0458421e+07
   1.6502198e-13  -7.3897958e+06
   1.6521739e-13  -4.7935722e+06
   1.6541280e-13  -2.5659755e+06
   1.6560821e-13   4.6941110e+05
   1.6580362e-13   4.8898421e+06
   1.6599902e-13   9.5213274e+06
   1.6619443e-13   1.1899540e+07
   1.6638984e-13   1.0070167e+07
   1.6658525e-13   4.2904835e+06
   1.6678065e-13  -2.8005522e+06
   1.6697606e-13  -7.7877600e+06
   1.6717147e-13  -8.6896537e+06
   1.6736688e-13  -6.1081364e+06
   1.6756229e-13  -2.4852785e+06
   1.6775769e-13  -1.2187397e+05
   1.6795310e-13   4.4406179e+05
   1.6814851e-13   4.5434443e+05
   1.6834392e-13   1.4460527e+06
   1.6853933e-13   3.6006451e+06
   1.6873473e-13   5.3730667e+06
   1.6893014e-13   4.7535002e+06
   1.6912555e-13   1.1219985e+06
   1.6932096e-13  -3.8830543e+06
   1.6951637e-13  -7.2940100e+06
   1.6971177e-13  -6.8950000e+06
   1.6990718e-13  -2.8502682e+06
   1.7010259e-13   2.3985433e+06
   1.7029800e-13   5.8882331e+06
   1.7049340e-13   6.1715849e+06
   1.7068881e-13   4.0757473e+06
   1.7088422e-13   1.6788368e+06
   1.7107963e-13   4.3999876e+05
   1.7127504e-13   6.5653154e+04
   1.7147044e-13  -9.6580377e+05
   1.7166585e-13  -3.7126614e+06
   1.7186126e-13  -7.4017139e+06
   1.7205667e-13  -9.6284873e+06
   1.7225208e-13  -8.0783683e+06
   1.7244748e-13  -2.4376929e+06
   1.7264289e-13   5.0533107e+06
   1.7283830e-13   1.0913145e+07
   1.7303371e-13   1.2639339e+07
   1.7322912e-13   1.0170147e+07
   1.7342452e-13   5.5389602e+06
   1.7361993e-13   1.1107998e+06
   1.7381534e-13  -2.1174467e+06
   1.7401075e-13  -4.8017618e+06
   1.7420616e-13  -7.9973366e+06
   1.7440156e-13  -1.1548569e+07
   1.7459697e-13  -1.3609645e+07
   1.7479238e-13  -1.1833928e+07
   1.7498779e-13  -5.3474538e+06
   1.7518319e-13   4.1007503e+06
   1.7537860e-13   1.2833266e+07
   1.7557401e-13   1.7370245e+07
   1.7576942e-13   1.6443250e+07
   1.7596483e-13   1.1441191e+07
   1.7616023e-13   5.0655638e+06
   1.7635564e-13  -6.4676031e+05
   1.7655105e-13  -5.3556696e+06
   1.7674646e-13  -9.7902133e+06
   1.7694187e-13  -1.4166154e+07
   1.7713727e-13  -1.7155884e+07
   1.7733268e-13  -1.6442380e+07
   1.7752809e-13  -1.0528548e+07
   1.7772350e-13  -3.5299409e+05
   1.7791891e-13   1.0682110e+07
   1.7811431e-13   1.8458019e+07
   1.7830972e-13   2.0454076e+07
   1.7850513e-13   1.6967323e+07
   1.7870054e-13   1.0426537e+07
   1.7889595e-13   3.4626042e+06
   1.7909135e-13  -2.6943787e+06
   1.7928676e-13  -8.2945396e+06
   1.7948217e-13  -1.3754466e+07
   1.7967758e-13  -1.8259078e+07
   1.7987298e-13  -1.9647005e+07
   1.8006839e-13  -1.5840916e+07
   1.8026380e-13  -6.7283636e+06
   1.8045921e-13   5.0795022e+06
   1.8065462e-13   1.5370696e+07
   1.8085002e-13   2.0633238e+07
   1.8104543e-13   1.9896880e+07
   1.8124084e-13   1.4829640e+07
   1.8143625e-13   8.1573132e+06
   1.8163166e-13   1.7411260e+06
   1.8182706e-13  -4.1836532e+06
   1.8202247e-13  -1.0149457e+07
   1.8221788e-13  -1.5902639e+07
   1.8241329e-13  -1.9658325e+07
   1.8260870e-13  -1.8970043e+07
   1.8280410e-13  -1.2623005e+07
   1.8299951e-13  -2.0213886e+06
   1.8319492e-13   9.1517368e+06
   1.8339033e-13   1.6897931e+07
   1.8358574e-13   1.9108481e+07
   1.8378114e-13   1.6432191e+07
   1.8397655e-13   1.1272123e+07
   1.8417196e-13   5.8220108e+06
   1.8436737e-13   7.3610621e+05
   1.8456277e-13  -4.5877784e+06
   1.8475818e-13  -1.0521215e+07
   1.8495359e-13  -1.5938702e+07
   1.8514900e-13  -1.8403733e+07
   1.8534441e-13  -1.5800124e+07
   1.8553981e-13  -8.1397435e+06
   1.8573522e-13   1.9584124e+06
   1.8593063e-13   1.0621644e+07
   1.8612604e-13   1.4975052e+07
   1.8632145e-13   1.4644227e+07
   1.8651685e-13   1.1453718e+07
   1.8671226e-13   7.6836632e+06
   1.8690767e-13   4.3463733e+06
   1.8710308e-13   8.4559986e+05
   1.8729849e-13  -3.8175461e+06
   1.8749389e-13  -9.4335402e+06
   1.8768930e-13  -1.4048664e+07
   1.8788471e-13  -1.5080800e+07
   1.8808012e-13  -1.1261508e+07
   1.8827553e-13  -3.8366238e+06
   1.8847093e-13   4.0051182e+06
   1.8866634e-13   9.1136942e+06
   1.8886175e-13   1.0286902e+07
   1.8905716e-13   8.6843387e+06
   1.8925256e-13   6.5169199e+06
   1.8944797e-13   5.1420312e+06
   1.8964338e-13   4.1217264e+06
   1.8983879e-13   1.9607706e+06
   1.9003420e-13  -2.1695359e+06
   1.9022960e-13  -7.2380341e+06
   1.9042501e-13  -1.0767844e+07
   1.9062042e-13  -1.0596265e+07
   1.9081583e-13  -6.5807943e+06
   1.9101124e-13  -8.5243879e+05
   1.9120664e-13   3.6348149e+06
   1.9140205e-13   5.1445342e+06
   1.9159746e-13   4.2024029e+06
   1.9179287e-13   2.8641826e+06
   1.9198828e-13   2.8549256e+06
   1.9218368e-13   4.1188310e+06
   1.9237909e-13   4.9534253e+06
   1.9257450e-13   3.5842239e+06
   1.9276991e-13  -1.5328085e+05
   1.9296532e-13  -4.4465071e+06
   1.9316072e-13  -6.7937120e+06
   1.9335613e-13  -5.9211236e+06
   1.9355154e-13  -2.7729144e+06
   1.9374695e-13   2.4051512e+05
   1.9394235e-13   1.1392400e+06
   1.9413776e-13  -1.1112288e+05
   1.9433317e-13  -1.6820091e+06
   1.9452858e-13  -1.4792220e+06
   1.9472399e-13   1.0573627e+06
   1.9491939e-13   4.4230808e+06
   1.9511480e-13   6.2191891e+06
   1.9531021e-13   5.0692962e+06
   1.9550562e-13   1.7204769e+06
   1.9570103e-13  -1.5628150e+06
   1.9589643e-13  -2.8091911e+06
   1.9609184e-13  -1.8721347e+06
   1.9628725e-13  -4.3463891e+05
   1.9648266e-13  -4.9417385e+05
   1.9667807e-13  -2.5851678e+06
   1.9687347e-13  -5.2167701e+06
   1.9706888e-13  -6.0129622e+06
   1.9726429e-13  -3.6476062e+06
   1.9745970e-13   9.9299143e+05
   1.9765511e-13   5.3728940e+06
   1.9785051e-13   7.1573541e+06
   1.9804592e-13   5.8790136e+06
   1.9824133e-13   3.1072018e+06
   1.9843674e-13   1.0295574e+06
   1.9863214e-13   6.3957271e+05
   1.9882755e-13   1.0242570e+06
   1.9902296e-13   3.2201013e+05
   1.9921837e-13  -2.4678005e+06
   1.9941378e-13  -6.3559588e+06
   1.9960918e-13  -8.8998033e+06
   1.9980459e-13  -8.0251611e+06
   2.0000000e-13  -3.6873199e+06
