   1.8400000e+02   2.6700000e+01
   1.8447000e+02   2.6700000e+01
   1.8493000e+02   2.6700000e+01
   1.8540000e+02  -2.0870000e+01
   1.8587000e+02   1.2860000e+01
   1.8633000e+02   0.0000000e+00
   1.8680000e+02  -6.0700000e+00
   1.8726000e+02   9.7100000e+00
   1.8773000e+02   4.1300000e+00
   1.8820000e+02   1.2140000e+01
   1.8866000e+02  -1.6750000e+01
   1.8913000e+02   4.9000000e-01
   1.8959000e+02  -6.5500000e+00
   1.9006000e+02   1.0190000e+01
   1.9052000e+02  -1.0680000e+01
   1.9099000e+02  -2.4000000e-01
   1.9146000e+02  -2.6700000e+01
   1.9192000e+02  -5.3400000e+00
   1.9239000e+02  -9.4700000e+00
   1.9285000e+02  -1.9400000e+00
   1.9332000e+02  -3.1600000e+00
   1.9378000e+02  -1.6990000e+01
   1.9425000e+02   7.3000000e-01
   1.9471000e+02   2.2820000e+01
   1.9518000e+02  -2.5490000e+01
   1.9564000e+02  -3.1600000e+00
   1.9611000e+02   1.6750000e+01
   1.9657000e+02   8.5000000e+00
   1.9704000e+02   3.1310000e+01
   1.9750000e+02   4.6850000e+01
   1.9797000e+02   9.7100000e+00
   1.9843000e+02   2.1800000e+00
   1.9890000e+02   2.1800000e+00
   1.9936000e+02   6.1410000e+01
   1.9983000e+02  -9.4700000e+00
   2.0029000e+02   1.5530000e+01
   2.0075000e+02   1.7480000e+01
   2.0122000e+02   1.6990000e+01
   2.0168000e+02   1.4560000e+01
   2.0215000e+02   4.8300000e+01
   2.0261000e+02   4.8540000e+01
   2.0308000e+02   3.8110000e+01
   2.0354000e+02   3.9320000e+01
   2.0401000e+02   5.0240000e+01
   2.0447000e+02   2.4030000e+01
   2.0493000e+02   2.0150000e+01
   2.0540000e+02   1.8450000e+01
   2.0586000e+02  -1.2100000e+00
   2.0633000e+02   1.8690000e+01
   2.0679000e+02   1.7720000e+01
   2.0725000e+02   1.8930000e+01
   2.0772000e+02   4.3450000e+01
   2.0818000e+02   3.6400000e+00
   2.0865000e+02  -5.1000000e+00
   2.0911000e+02   1.0190000e+01
   2.0957000e+02   3.0580000e+01
   2.1004000e+02   3.9560000e+01
   2.1050000e+02   1.7720000e+01
   2.1096000e+02   2.7910000e+01
   2.1143000e+02   1.8930000e+01
   2.1189000e+02   4.1260000e+01
   2.1235000e+02   1.8930000e+01
   2.1282000e+02  -1.4560000e+01
   2.1328000e+02   1.7960000e+01
   2.1374000e+02   1.0680000e+01
   2.1421000e+02   3.9810000e+01
   2.1467000e+02   4.4900000e+01
   2.1513000e+02   4.6100000e+00
   2.1560000e+02  -4.9000000e-01
   2.1606000e+02   1.2140000e+01
   2.1652000e+02   8.5000000e+00
   2.1699000e+02   1.1170000e+01
   2.1745000e+02   1.1410000e+01
   2.1791000e+02   9.7100000e+00
   2.1837000e+02   2.2570000e+01
   2.1884000e+02   2.1120000e+01
   2.1930000e+02   3.0580000e+01
   2.1976000e+02   3.1800000e+01
   2.2023000e+02   9.2200000e+00
   2.2069000e+02   4.7820000e+01
   2.2115000e+02   1.9420000e+01
   2.2161000e+02   9.7100000e+00
   2.2208000e+02   3.2770000e+01
   2.2254000e+02   1.5290000e+01
   2.2300000e+02   2.7910000e+01
   2.2346000e+02   4.1300000e+00
   2.2392000e+02   1.8690000e+01
   2.2439000e+02  -1.7720000e+01
   2.2485000e+02   3.4470000e+01
   2.2531000e+02   1.4600000e+00
   2.2577000e+02   4.1990000e+01
   2.2624000e+02   6.0700000e+00
   2.2670000e+02   2.7430000e+01
   2.2716000e+02   2.4510000e+01
   2.2762000e+02   2.5240000e+01
   2.2808000e+02  -1.1410000e+01
   2.2854000e+02   1.1170000e+01
   2.2901000e+02  -3.6400000e+00
   2.2947000e+02  -9.7100000e+00
   2.2993000e+02   6.0920000e+01
   2.3039000e+02   2.8640000e+01
   2.3085000e+02   3.2280000e+01
   2.3131000e+02  -7.2800000e+00
   2.3178000e+02   2.7180000e+01
   2.3224000e+02   2.6460000e+01
   2.3270000e+02   1.2140000e+01
   2.3316000e+02   7.3000000e-01
   2.3362000e+02   3.4220000e+01
   2.3408000e+02   3.6170000e+01
   2.3454000e+02   3.3980000e+01
   2.3501000e+02   3.1550000e+01
   2.3547000e+02  -1.2140000e+01
   2.3593000e+02   9.9500000e+00
   2.3639000e+02   2.6940000e+01
   2.3685000e+02   2.4030000e+01
   2.3731000e+02  -3.4000000e+00
   2.3777000e+02   2.2330000e+01
   2.3823000e+02   8.9800000e+00
   2.3869000e+02   3.8110000e+01
   2.3915000e+02   4.1510000e+01
   2.3961000e+02   2.6460000e+01
   2.4008000e+02   2.9370000e+01
   2.4054000e+02   2.0870000e+01
   2.4100000e+02   1.9660000e+01
   2.4146000e+02   2.2570000e+01
   2.4192000e+02   1.6990000e+01
   2.4238000e+02   4.6360000e+01
   2.4284000e+02   6.0700000e+00
   2.4330000e+02  -9.7100000e+00
   2.4376000e+02   3.0340000e+01
   2.4422000e+02  -1.3110000e+01
   2.4468000e+02   1.8930000e+01
   2.4514000e+02  -4.1300000e+00
   2.4560000e+02   4.5870000e+01
   2.4606000e+02   2.8400000e+01
   2.4652000e+02   2.4000000e-01
   2.4698000e+02   3.8800000e+00
   2.4744000e+02   4.2230000e+01
   2.4790000e+02   1.3350000e+01
   2.4836000e+02  -8.9800000e+00
   2.4882000e+02   3.5680000e+01
   2.4928000e+02   1.1890000e+01
   2.4974000e+02   4.0530000e+01
   2.5020000e+02   3.8110000e+01
   2.5066000e+02   2.1360000e+01
   2.5112000e+02   1.1410000e+01
   2.5158000e+02  -2.6700000e+00
   2.5204000e+02   2.3540000e+01
   2.5250000e+02   1.3350000e+01
   2.5296000e+02  -6.8000000e+00
   2.5341000e+02   3.9560000e+01
   2.5387000e+02   2.2570000e+01
   2.5433000e+02  -4.6100000e+00
   2.5479000e+02   7.3000000e-01
   2.5525000e+02   5.3400000e+00
   2.5571000e+02   1.9420000e+01
   2.5617000e+02  -1.4080000e+01
   2.5663000e+02   2.1120000e+01
   2.5709000e+02   2.9610000e+01
   2.5755000e+02   1.2380000e+01
   2.5801000e+02  -7.7700000e+00
   2.5846000e+02   3.2280000e+01
   2.5892000e+02   1.9420000e+01
   2.5938000e+02   2.9370000e+01
   2.5984000e+02   1.9660000e+01
   2.6030000e+02   3.4000000e+00
   2.6076000e+02   1.6510000e+01
   2.6122000e+02   2.6700000e+01
   2.6167000e+02   4.5390000e+01
   2.6213000e+02   2.1600000e+01
   2.6259000e+02   4.1300000e+00
   2.6305000e+02  -1.9420000e+01
   2.6351000e+02   2.7670000e+01
   2.6397000e+02   2.8640000e+01
   2.6442000e+02   1.1410000e+01
   2.6488000e+02   5.1000000e+00
   2.6534000e+02   2.2090000e+01
   2.6580000e+02   1.7960000e+01
   2.6626000e+02   2.5490000e+01
   2.6672000e+02  -7.7700000e+00
   2.6717000e+02   1.3840000e+01
   2.6763000e+02   1.9420000e+01
   2.6809000e+02   3.5190000e+01
   2.6855000e+02   1.4320000e+01
   2.6900000e+02   8.9800000e+00
   2.6946000e+02   1.4320000e+01
   2.6992000e+02   4.0290000e+01
   2.7038000e+02   2.5240000e+01
   2.7083000e+02   9.7100000e+00
   2.7129000e+02   3.1070000e+01
   2.7175000e+02   4.5390000e+01
   2.7221000e+02   3.1310000e+01
   2.7266000e+02   3.1550000e+01
   2.7312000e+02   3.8800000e+00
   2.7358000e+02   1.7230000e+01
   2.7404000e+02   7.2800000e+00
   2.7449000e+02   1.9660000e+01
   2.7495000e+02   2.0150000e+01
   2.7541000e+02   3.5680000e+01
   2.7586000e+02   2.6700000e+00
   2.7632000e+02   2.0150000e+01
   2.7678000e+02   2.8400000e+01
   2.7724000e+02   1.5290000e+01
   2.7769000e+02   3.1070000e+01
   2.7815000e+02  -1.4080000e+01
   2.7861000e+02   6.3100000e+00
   2.7906000e+02  -2.9100000e+00
   2.7952000e+02   3.7620000e+01
   2.7998000e+02  -8.7400000e+00
   2.8043000e+02   2.1840000e+01
   2.8089000e+02   2.3540000e+01
   2.8135000e+02   2.9850000e+01
   2.8180000e+02   2.4760000e+01
   2.8226000e+02  -8.0100000e+00
   2.8272000e+02   3.3740000e+01
   2.8317000e+02   8.5000000e+00
   2.8363000e+02   1.7230000e+01
   2.8408000e+02   2.1360000e+01
   2.8454000e+02   1.3110000e+01
   2.8500000e+02   1.5290000e+01
   2.8545000e+02   2.2820000e+01
   2.8591000e+02  -5.1000000e+00
   2.8636000e+02   1.2380000e+01
   2.8682000e+02   1.7480000e+01
   2.8728000e+02   2.4270000e+01
   2.8773000e+02   3.3500000e+01
   2.8819000e+02   1.8690000e+01
   2.8864000e+02   1.5290000e+01
   2.8910000e+02   2.4760000e+01
   2.8955000e+02   3.4470000e+01
   2.9001000e+02   4.8300000e+01
   2.9047000e+02   9.4700000e+00
   2.9092000e+02   2.0150000e+01
   2.9138000e+02  -1.4560000e+01
   2.9183000e+02   3.3250000e+01
   2.9229000e+02   1.2860000e+01
   2.9274000e+02   2.5000000e+01
   2.9320000e+02   2.8400000e+01
   2.9365000e+02  -4.3700000e+00
   2.9411000e+02   1.4560000e+01
   2.9456000e+02   6.3100000e+00
   2.9502000e+02   1.8200000e+01
   2.9547000e+02   2.0150000e+01
   2.9593000e+02  -9.2200000e+00
   2.9638000e+02   1.9420000e+01
   2.9684000e+02   2.4760000e+01
   2.9729000e+02   1.4600000e+00
   2.9775000e+02   2.9130000e+01
   2.9820000e+02   2.2820000e+01
   2.9866000e+02   1.5050000e+01
   2.9911000e+02   3.6400000e+00
   2.9957000e+02   9.2200000e+00
   3.0002000e+02   3.4000000e+00
   3.0048000e+02   1.8450000e+01
   3.0093000e+02   1.8930000e+01
   3.0138000e+02   1.3350000e+01
   3.0184000e+02   2.5490000e+01
   3.0229000e+02   4.4660000e+01
   3.0275000e+02   3.8350000e+01
   3.0320000e+02   2.7670000e+01
   3.0366000e+02   4.9000000e-01
   3.0411000e+02   3.0340000e+01
   3.0456000e+02   3.6410000e+01
   3.0502000e+02   3.1310000e+01
   3.0547000e+02   3.9080000e+01
   3.0593000e+02   2.8640000e+01
   3.0638000e+02   1.2380000e+01
   3.0683000e+02   2.6940000e+01
   3.0729000e+02   4.9520000e+01
   3.0774000e+02   1.1410000e+01
   3.0819000e+02   1.6990000e+01
   3.0865000e+02   1.6020000e+01
   3.0910000e+02   1.4320000e+01
   3.0956000e+02   2.0150000e+01
   3.1001000e+02  -2.4300000e+00
   3.1046000e+02   2.5000000e+01
   3.1092000e+02   3.6400000e+00
   3.1137000e+02   9.7100000e+00
   3.1182000e+02   3.2040000e+01
   3.1228000e+02   1.7480000e+01
   3.1273000e+02   8.9800000e+00
   3.1318000e+02   2.6210000e+01
   3.1364000e+02   9.4700000e+00
   3.1409000e+02   2.1120000e+01
   3.1454000e+02  -7.3000000e-01
   3.1499000e+02   2.3540000e+01
   3.1545000e+02   3.0340000e+01
   3.1590000e+02   1.8200000e+01
   3.1635000e+02  -7.0400000e+00
   3.1681000e+02  -8.7400000e+00
   3.1726000e+02   1.4810000e+01
   3.1771000e+02   8.0100000e+00
   3.1816000e+02   6.5500000e+00
   3.1862000e+02   9.7100000e+00
   3.1907000e+02   1.6750000e+01
   3.1952000e+02  -1.5780000e+01
   3.1997000e+02   1.4080000e+01
   3.2043000e+02   1.6020000e+01
   3.2088000e+02   1.3590000e+01
   3.2133000e+02   3.2040000e+01
   3.2178000e+02   6.3590000e+01
   3.2224000e+02   3.1600000e+00
   3.2269000e+02   4.6100000e+00
   3.2314000e+02   1.1410000e+01
   3.2359000e+02   3.6650000e+01
   3.2404000e+02   6.3100000e+00
   3.2450000e+02  -3.5440000e+01
   3.2495000e+02  -7.2800000e+00
   3.2540000e+02   1.6750000e+01
   3.2585000e+02   3.7140000e+01
   3.2630000e+02   6.3840000e+01
   3.2676000e+02   1.6510000e+01
   3.2721000e+02   5.8300000e+00
   3.2766000e+02  -6.5500000e+00
   3.2811000e+02   2.0630000e+01
   3.2856000e+02  -4.1300000e+00
   3.2901000e+02   6.5500000e+00
   3.2946000e+02   1.9900000e+01
   3.2992000e+02   3.3500000e+01
   3.3037000e+02   1.4810000e+01
   3.3082000e+02   1.0680000e+01
   3.3127000e+02   3.1600000e+00
   3.3172000e+02  -8.5000000e+00
   3.3217000e+02   1.5780000e+01
   3.3262000e+02   3.2520000e+01
   3.3307000e+02   3.6890000e+01
   3.3353000e+02   3.6170000e+01
   3.3398000e+02   2.4270000e+01
   3.3443000e+02   1.6990000e+01
   3.3488000e+02   3.3010000e+01
   3.3533000e+02   2.5730000e+01
   3.3578000e+02   3.2520000e+01
   3.3623000e+02   2.9130000e+01
   3.3668000e+02   1.4320000e+01
   3.3713000e+02   3.4950000e+01
   3.3758000e+02  -4.3700000e+00
   3.3803000e+02   2.7180000e+01
   3.3848000e+02   4.5390000e+01
   3.3893000e+02   4.3930000e+01
   3.3938000e+02  -3.6400000e+00
   3.3983000e+02   4.1510000e+01
   3.4028000e+02  -2.4000000e-01
   3.4073000e+02   1.3840000e+01
   3.4119000e+02   1.3590000e+01
   3.4164000e+02   3.1600000e+00
   3.4209000e+02   3.9810000e+01
   3.4254000e+02   1.6750000e+01
   3.4299000e+02   2.1800000e+00
   3.4344000e+02  -1.2100000e+00
   3.4389000e+02   1.8450000e+01
   3.4433000e+02   1.6260000e+01
   3.4478000e+02   1.7000000e+00
   3.4523000e+02   4.0290000e+01
   3.4568000e+02   5.0730000e+01
   3.4613000e+02   1.6260000e+01
   3.4658000e+02   3.8800000e+00
   3.4703000e+02  -4.1300000e+00
   3.4748000e+02   2.0630000e+01
   3.4793000e+02   6.1650000e+01
   3.4838000e+02   3.7860000e+01
   3.4883000e+02   2.5730000e+01
   3.4928000e+02   3.2040000e+01
   3.4973000e+02   1.9900000e+01
   3.5018000e+02   2.0150000e+01
   3.5063000e+02   2.6210000e+01
   3.5108000e+02   1.2140000e+01
   3.5153000e+02   1.2620000e+01
   3.5197000e+02   4.7330000e+01
   3.5242000e+02   1.3110000e+01
   3.5287000e+02   2.4510000e+01
   3.5332000e+02   4.6850000e+01
   3.5377000e+02   6.8000000e+00
   3.5422000e+02  -4.9000000e-01
   3.5467000e+02   2.8640000e+01
   3.5512000e+02   5.3400000e+00
   3.5557000e+02   2.9130000e+01
   3.5601000e+02   1.9400000e+00
   3.5646000e+02   1.4560000e+01
   3.5691000e+02  -7.2800000e+00
   3.5736000e+02   6.8000000e+00
   3.5781000e+02   4.1750000e+01
   3.5826000e+02  -5.8300000e+00
   3.5870000e+02   2.0870000e+01
   3.5915000e+02  -3.1600000e+00
   3.5960000e+02   2.8640000e+01
   3.6005000e+02   2.2330000e+01
   3.6050000e+02   2.5000000e+01
   3.6095000e+02   2.1850000e+01
   3.6139000e+02   3.6400000e+00
   3.6184000e+02   2.6460000e+01
   3.6229000e+02   2.0870000e+01
   3.6274000e+02   2.5730000e+01
   3.6318000e+02   2.3540000e+01
   3.6363000e+02   3.2770000e+01
   3.6408000e+02  -5.1000000e+00
   3.6453000e+02   2.5970000e+01
   3.6498000e+02   1.4320000e+01
   3.6542000e+02   4.1300000e+00
   3.6587000e+02   2.7430000e+01
   3.6632000e+02   2.5000000e+01
   3.6677000e+02   1.6990000e+01
   3.6721000e+02   2.4760000e+01
   3.6766000e+02   6.0920000e+01
   3.6811000e+02  -4.9000000e-01
   3.6855000e+02   3.3740000e+01
   3.6900000e+02   2.8400000e+01
   3.6945000e+02   4.7090000e+01
   3.6990000e+02   4.1020000e+01
   3.7034000e+02  -1.7000000e+00
   3.7079000e+02   3.3740000e+01
   3.7124000e+02   2.0390000e+01
   3.7168000e+02   3.1600000e+00
   3.7213000e+02   3.4710000e+01
   3.7258000e+02   2.1120000e+01
   3.7302000e+02   2.6460000e+01
   3.7347000e+02   2.2090000e+01
   3.7392000e+02   3.7380000e+01
   3.7436000e+02   1.6260000e+01
   3.7481000e+02   1.3110000e+01
   3.7526000e+02  -1.2380000e+01
   3.7570000e+02   1.1650000e+01
   3.7615000e+02   2.2090000e+01
   3.7660000e+02   1.2100000e+00
   3.7704000e+02   2.4510000e+01
   3.7749000e+02   3.2280000e+01
   3.7793000e+02   2.1850000e+01
   3.7838000e+02   1.6020000e+01
   3.7883000e+02   2.9610000e+01
   3.7927000e+02   2.4000000e-01
   3.7972000e+02   9.7000000e-01
   3.8017000e+02   5.3400000e+00
   3.8061000e+02   2.9610000e+01
   3.8106000e+02   3.5190000e+01
   3.8150000e+02   2.8640000e+01
   3.8195000e+02  -1.9400000e+00
   3.8239000e+02   5.0730000e+01
   3.8284000e+02  -2.0150000e+01
   3.8329000e+02   8.7400000e+00
   3.8373000e+02   2.1600000e+01
   3.8418000e+02   9.2200000e+00
   3.8462000e+02  -5.3400000e+00
   3.8507000e+02   5.8300000e+00
   3.8551000e+02   2.1840000e+01
   3.8596000e+02   2.4000000e-01
   3.8640000e+02   2.4030000e+01
   3.8685000e+02   4.6100000e+00
   3.8729000e+02   8.5000000e+00
   3.8774000e+02   4.1510000e+01
   3.8818000e+02   9.2200000e+00
   3.8863000e+02   2.2330000e+01
   3.8907000e+02   3.1600000e+00
   3.8952000e+02  -2.4000000e-01
   3.8996000e+02   9.7100000e+00
   3.9041000e+02   2.5970000e+01
   3.9085000e+02   3.7140000e+01
   3.9130000e+02   2.3300000e+01
   3.9174000e+02   2.4510000e+01
   3.9219000e+02   4.5390000e+01
   3.9263000e+02   7.0390000e+01
   3.9308000e+02  -2.9100000e+00
   3.9352000e+02   2.7670000e+01
   3.9396000e+02   3.1550000e+01
   3.9441000e+02   1.9420000e+01
   3.9485000e+02   3.5920000e+01
   3.9530000e+02  -2.1800000e+00
   3.9574000e+02   2.5240000e+01
   3.9619000e+02   6.3100000e+00
   3.9663000e+02   1.3350000e+01
   3.9707000e+02  -6.5500000e+00
   3.9752000e+02   2.7670000e+01
   3.9796000e+02   2.2330000e+01
   3.9841000e+02   8.7400000e+00
   3.9885000e+02   1.3590000e+01
   3.9929000e+02   9.2200000e+00
   3.9974000e+02   1.7720000e+01
   4.0018000e+02   2.0870000e+01
   4.0062000e+02   1.3590000e+01
   4.0107000e+02   3.1550000e+01
   4.0151000e+02  -1.2140000e+01
   4.0196000e+02   2.2090000e+01
   4.0240000e+02   3.0100000e+01
   4.0284000e+02   2.1360000e+01
   4.0329000e+02   9.7100000e+00
   4.0373000e+02  -5.3640000e+01
   4.0417000e+02  -2.4760000e+01
   4.0462000e+02   1.4600000e+00
   4.0506000e+02   2.4510000e+01
   4.0550000e+02   1.6020000e+01
   4.0595000e+02   9.7000000e-01
   4.0639000e+02  -3.1600000e+00
   4.0683000e+02   2.1120000e+01
   4.0727000e+02  -8.7400000e+00
   4.0772000e+02   2.6700000e+00
   4.0816000e+02   5.1000000e+00
   4.0860000e+02   1.4810000e+01
   4.0905000e+02  -1.6260000e+01
   4.0949000e+02   1.4080000e+01
   4.0993000e+02   1.1410000e+01
   4.1037000e+02  -1.9660000e+01
   4.1082000e+02   2.6700000e+00
   4.1126000e+02   9.4700000e+00
   4.1170000e+02   2.7430000e+01
   4.1214000e+02   3.0340000e+01
   4.1259000e+02  -8.9800000e+00
   4.1303000e+02   8.7400000e+00
   4.1347000e+02   2.5970000e+01
   4.1391000e+02   1.8930000e+01
   4.1435000e+02   2.2820000e+01
   4.1480000e+02  -1.5050000e+01
   4.1524000e+02   1.5530000e+01
   4.1568000e+02  -1.2140000e+01
   4.1612000e+02   4.8500000e+00
   4.1656000e+02  -2.7180000e+01
   4.1701000e+02   2.4510000e+01
   4.1745000e+02   9.4700000e+00
   4.1789000e+02   1.6990000e+01
   4.1833000e+02   2.8400000e+01
   4.1877000e+02   2.6940000e+01
   4.1921000e+02   1.7720000e+01
   4.1966000e+02   9.7100000e+00
   4.2010000e+02  -3.8800000e+00
   4.2054000e+02  -3.1600000e+00
   4.2098000e+02   1.2380000e+01
   4.2142000e+02   1.0440000e+01
   4.2186000e+02  -1.2100000e+00
   4.2230000e+02   1.5530000e+01
   4.2274000e+02   8.0100000e+00
   4.2319000e+02   3.8800000e+00
   4.2363000e+02   4.1020000e+01
   4.2407000e+02   4.6850000e+01
   4.2451000e+02   9.7100000e+00
   4.2495000e+02   2.1800000e+00
   4.2539000e+02   2.1800000e+00
   4.2583000e+02   6.1410000e+01
   4.2627000e+02  -9.4700000e+00
   4.2671000e+02   1.5530000e+01
   4.2715000e+02   1.7480000e+01
   4.2759000e+02   1.6990000e+01
   4.2803000e+02   1.4560000e+01
   4.2848000e+02   4.8300000e+01
   4.2892000e+02   4.8540000e+01
   4.2936000e+02   3.8110000e+01
   4.2980000e+02   3.9320000e+01
   4.3024000e+02   5.0240000e+01
   4.3068000e+02   2.4030000e+01
   4.3112000e+02   2.0150000e+01
   4.3156000e+02   1.8450000e+01
   4.3200000e+02  -1.2100000e+00
   4.3244000e+02   1.8690000e+01
   4.3288000e+02   1.7720000e+01
   4.3332000e+02   1.8930000e+01
   4.3376000e+02   4.3450000e+01
   4.3420000e+02   3.6400000e+00
   4.3464000e+02  -5.1000000e+00
   4.3508000e+02   1.0190000e+01
   4.3552000e+02   3.0580000e+01
   4.3596000e+02   3.9560000e+01
   4.3640000e+02   1.7720000e+01
   4.3684000e+02   2.7910000e+01
   4.3727000e+02   1.8930000e+01
   4.3771000e+02   4.1260000e+01
   4.3815000e+02   1.8930000e+01
   4.3859000e+02  -1.4560000e+01
   4.3903000e+02   1.7960000e+01
   4.3947000e+02   1.0680000e+01
   4.3991000e+02   3.9810000e+01
   4.4035000e+02   4.4900000e+01
   4.4079000e+02   4.6100000e+00
   4.4123000e+02  -4.9000000e-01
   4.4167000e+02   1.2140000e+01
   4.4211000e+02   8.5000000e+00
   4.4254000e+02   1.1170000e+01
   4.4298000e+02   1.1410000e+01
   4.4342000e+02   9.7100000e+00
   4.4386000e+02   2.2570000e+01
   4.4430000e+02   2.1120000e+01
   4.4474000e+02   3.0580000e+01
   4.4518000e+02   3.1800000e+01
   4.4562000e+02   9.2200000e+00
   4.4605000e+02   4.7820000e+01
   4.4649000e+02  -3.8800000e+00
   4.4693000e+02  -1.3840000e+01
   4.4737000e+02  -7.5200000e+00
   4.4781000e+02   2.1360000e+01
   4.4825000e+02  -1.2620000e+01
   4.4868000e+02  -7.0400000e+00
   4.4912000e+02  -7.2800000e+00
   4.4956000e+02  -1.5290000e+01
   4.5000000e+02  -4.1300000e+00
   4.5044000e+02  -4.4660000e+01
   4.5087000e+02  -5.3400000e+00
   4.5131000e+02  -4.8500000e+00
   4.5175000e+02  -2.1600000e+01
   4.5219000e+02   7.0400000e+00
   4.5263000e+02  -1.6990000e+01
   4.5306000e+02  -2.2330000e+01
   4.5350000e+02   2.5240000e+01
   4.5394000e+02   6.0700000e+00
   4.5438000e+02   2.1360000e+01
   4.5481000e+02   1.6260000e+01
   4.5525000e+02   3.6400000e+00
   4.5569000e+02   9.7000000e-01
   4.5613000e+02  -9.7100000e+00
   4.5656000e+02  -1.1890000e+01
   4.5700000e+02   2.6460000e+01
   4.5744000e+02   1.1170000e+01
   4.5787000e+02   2.4000000e-01
   4.5831000e+02  -1.6510000e+01
   4.5875000e+02  -2.6700000e+00
   4.5919000e+02   2.6700000e+00
   4.5962000e+02  -9.7100000e+00
   4.6006000e+02  -1.7000000e+00
   4.6050000e+02  -5.1000000e+00
   4.6093000e+02  -6.0700000e+00
   4.6137000e+02  -5.6070000e+01
   4.6181000e+02  -4.8500000e+00
   4.6224000e+02  -1.1650000e+01
   4.6268000e+02   3.6400000e+00
   4.6312000e+02  -2.0870000e+01
   4.6355000e+02  -4.6100000e+00
   4.6399000e+02   2.1120000e+01
   4.6442000e+02  -1.5780000e+01
   4.6486000e+02   8.2500000e+00
   4.6530000e+02  -1.8450000e+01
   4.6573000e+02  -2.5490000e+01
   4.6617000e+02  -2.2570000e+01
   4.6661000e+02  -1.9400000e+00
   4.6704000e+02  -2.8640000e+01
   4.6748000e+02  -2.1800000e+00
   4.6791000e+02  -8.7400000e+00
   4.6835000e+02   5.1000000e+00
   4.6879000e+02   2.6700000e+00
   4.6922000e+02  -7.2800000e+00
   4.6966000e+02   2.6210000e+01
   4.7009000e+02  -3.0100000e+01
   4.7053000e+02  -2.7180000e+01
   4.7096000e+02  -1.6020000e+01
   4.7140000e+02   4.1300000e+00
   4.7183000e+02   1.1170000e+01
   4.7227000e+02   3.0580000e+01
   4.7271000e+02   1.9900000e+01
   4.7314000e+02   2.0630000e+01
   4.7358000e+02  -2.0150000e+01
   4.7401000e+02  -2.6940000e+01
   4.7445000e+02   1.9180000e+01
   4.7488000e+02  -2.1600000e+01
   4.7532000e+02  -7.5200000e+00
   4.7575000e+02  -3.6890000e+01
   4.7619000e+02   1.1170000e+01
   4.7662000e+02   2.4000000e-01
   4.7706000e+02  -1.0190000e+01
   4.7749000e+02   1.4810000e+01
   4.7793000e+02  -4.1300000e+00
   4.7836000e+02  -4.0530000e+01
   4.7880000e+02  -4.7330000e+01
   4.7923000e+02  -1.2380000e+01
   4.7966000e+02  -4.3700000e+00
   4.8010000e+02   4.1300000e+00
   4.8053000e+02  -2.9100000e+00
   4.8097000e+02  -1.8450000e+01
   4.8140000e+02  -4.1020000e+01
   4.8184000e+02  -5.1460000e+01
   4.8227000e+02  -3.9080000e+01
   4.8270000e+02   1.7960000e+01
   4.8314000e+02   1.0680000e+01
   4.8357000e+02   3.9810000e+01
   4.8401000e+02   4.4900000e+01
   4.8444000e+02   4.6100000e+00
   4.8487000e+02  -4.9000000e-01
   4.8531000e+02   1.2140000e+01
   4.8574000e+02   8.5000000e+00
   4.8618000e+02   1.1170000e+01
   4.8661000e+02   1.1410000e+01
   4.8704000e+02   9.7100000e+00
   4.8748000e+02   2.2570000e+01
   4.8791000e+02   2.1120000e+01
   4.8834000e+02   3.0580000e+01
   4.8878000e+02   3.1800000e+01
   4.8921000e+02   9.2200000e+00
   4.8964000e+02   4.7820000e+01
   4.9008000e+02   1.9420000e+01
   4.9051000e+02   9.7100000e+00
   4.9094000e+02   3.2770000e+01
   4.9138000e+02   1.5290000e+01
   4.9181000e+02   2.7910000e+01
   4.9224000e+02   4.1300000e+00
   4.9268000e+02   1.8690000e+01
   4.9311000e+02  -1.7720000e+01
   4.9354000e+02   3.4470000e+01
   4.9398000e+02   1.4600000e+00
   4.9441000e+02   4.1990000e+01
   4.9484000e+02   6.0700000e+00
   4.9527000e+02   2.7430000e+01
   4.9571000e+02   2.4510000e+01
   4.9614000e+02   2.5240000e+01
   4.9657000e+02  -1.1410000e+01
   4.9700000e+02   1.1170000e+01
   4.9744000e+02  -3.6400000e+00
   4.9787000e+02  -9.7100000e+00
   4.9830000e+02   6.0920000e+01
   4.9873000e+02   2.8640000e+01
   4.9917000e+02   3.2280000e+01
   4.9960000e+02  -7.2800000e+00
   5.0003000e+02   2.7180000e+01
   5.0046000e+02   2.6460000e+01
   5.0089000e+02   1.2140000e+01
   5.0133000e+02   7.3000000e-01
   5.0176000e+02   3.4220000e+01
   5.0219000e+02   3.6170000e+01
   5.0262000e+02   3.3980000e+01
   5.0305000e+02   3.1550000e+01
   5.0348000e+02  -1.2140000e+01
   5.0392000e+02  -7.7700000e+00
   5.0435000e+02   1.2100000e+00
   5.0478000e+02  -1.5290000e+01
   5.0521000e+02   9.7000000e-01
   5.0564000e+02  -1.3840000e+01
   5.0607000e+02   3.3250000e+01
   5.0650000e+02   1.2860000e+01
   5.0694000e+02  -1.7480000e+01
   5.0737000e+02  -5.8300000e+00
   5.0780000e+02   3.4000000e+00
   5.0823000e+02  -2.9850000e+01
   5.0866000e+02   2.4760000e+01
   5.0909000e+02   1.6510000e+01
   5.0952000e+02  -4.1300000e+00
   5.0995000e+02  -9.7000000e-01
   5.1038000e+02   8.7400000e+00
   5.1082000e+02  -1.1890000e+01
   5.1125000e+02   6.3100000e+00
   5.1168000e+02   2.0390000e+01
   5.1211000e+02   1.2860000e+01
   5.1254000e+02   3.8800000e+00
   5.1297000e+02  -1.6750000e+01
   5.1340000e+02   1.9900000e+01
   5.1383000e+02  -8.7400000e+00
   5.1426000e+02   1.0920000e+01
   5.1469000e+02   1.7720000e+01
   5.1512000e+02  -1.3350000e+01
   5.1555000e+02  -1.9900000e+01
   5.1598000e+02   7.5200000e+00
   5.1641000e+02  -5.8300000e+00
   5.1684000e+02   9.2200000e+00
   5.1727000e+02   4.6100000e+00
   5.1770000e+02   1.2860000e+01
   5.1813000e+02   2.6700000e+00
   5.1856000e+02  -1.7000000e+00
   5.1899000e+02   2.4300000e+00
   5.1942000e+02  -5.8300000e+00
   5.1985000e+02   2.7910000e+01
   5.2028000e+02  -4.6360000e+01
   5.2071000e+02  -1.2100000e+00
   5.2114000e+02  -2.5240000e+01
   5.2157000e+02   3.8110000e+01
   5.2200000e+02  -5.5800000e+00
   5.2243000e+02   4.8060000e+01
   5.2286000e+02  -9.9500000e+00
   5.2329000e+02   3.1800000e+01
   5.2371000e+02   1.9400000e+00
   5.2414000e+02   2.5000000e+01
   5.2457000e+02  -1.2380000e+01
   5.2500000e+02  -4.9000000e-01
   5.2543000e+02   0.0000000e+00
   5.2586000e+02  -2.0150000e+01
   5.2629000e+02  -1.7230000e+01
   5.2672000e+02  -1.0680000e+01
   5.2715000e+02   8.7400000e+00
   5.2758000e+02  -5.8300000e+00
   5.2800000e+02   1.9900000e+01
   5.2843000e+02  -1.2860000e+01
   5.2886000e+02   1.5780000e+01
   5.2929000e+02  -6.0700000e+00
   5.2972000e+02   1.1410000e+01
   5.3015000e+02   9.7100000e+00
   5.3058000e+02   2.2570000e+01
   5.3100000e+02   2.1120000e+01
   5.3143000e+02   3.0580000e+01
   5.3186000e+02   3.1800000e+01
   5.3229000e+02   9.2200000e+00
   5.3272000e+02   4.7820000e+01
   5.3314000e+02   1.9420000e+01
   5.3357000e+02   9.7100000e+00
   5.3400000e+02   3.2770000e+01
   5.3443000e+02   1.5290000e+01
   5.3486000e+02   2.7910000e+01
   5.3528000e+02   4.1300000e+00
   5.3571000e+02   1.8690000e+01
   5.3614000e+02  -1.7720000e+01
   5.3657000e+02   3.4470000e+01
   5.3699000e+02   1.4600000e+00
   5.3742000e+02   4.1990000e+01
   5.3785000e+02   6.0700000e+00
   5.3828000e+02   2.7430000e+01
   5.3870000e+02   2.4510000e+01
   5.3913000e+02   2.5240000e+01
   5.3956000e+02  -1.1410000e+01
   5.3999000e+02   1.1170000e+01
   5.4041000e+02  -3.6400000e+00
   5.4084000e+02  -9.7100000e+00
   5.4127000e+02   6.0920000e+01
   5.4169000e+02   2.8640000e+01
   5.4212000e+02   3.2280000e+01
   5.4255000e+02  -7.2800000e+00
   5.4298000e+02   2.7180000e+01
   5.4340000e+02   2.6460000e+01
   5.4383000e+02   1.2140000e+01
   5.4426000e+02   7.3000000e-01
   5.4468000e+02   3.4220000e+01
   5.4511000e+02   3.6170000e+01
   5.4554000e+02   3.3980000e+01
   5.4596000e+02   3.1550000e+01
   5.4639000e+02  -1.2140000e+01
   5.4681000e+02   9.9500000e+00
   5.4724000e+02   2.6940000e+01
   5.4767000e+02   2.4030000e+01
   5.4809000e+02  -3.4000000e+00
   5.4852000e+02   2.2330000e+01
   5.4895000e+02   8.9800000e+00
   5.4937000e+02   3.8110000e+01
   5.4980000e+02   4.1510000e+01
   5.5022000e+02   2.6460000e+01
   5.5065000e+02   2.9370000e+01
   5.5108000e+02   2.0870000e+01
   5.5150000e+02   1.9660000e+01
   5.5193000e+02   2.2570000e+01
   5.5235000e+02   1.6990000e+01
   5.5278000e+02   4.6360000e+01
   5.5320000e+02   6.0700000e+00
   5.5363000e+02  -9.7100000e+00
   5.5405000e+02   3.0340000e+01
   5.5448000e+02  -1.3110000e+01
   5.5491000e+02   1.8930000e+01
   5.5533000e+02  -4.1300000e+00
   5.5576000e+02   4.5870000e+01
   5.5618000e+02   2.8400000e+01
   5.5661000e+02   2.4000000e-01
   5.5703000e+02   3.8800000e+00
   5.5746000e+02   4.2230000e+01
   5.5788000e+02   1.3350000e+01
   5.5831000e+02  -8.9800000e+00
   5.5873000e+02   3.5680000e+01
   5.5916000e+02   1.1890000e+01
   5.5958000e+02   4.0530000e+01
   5.6001000e+02   3.8110000e+01
   5.6043000e+02   2.1360000e+01
   5.6085000e+02   1.1410000e+01
   5.6128000e+02  -2.6700000e+00
   5.6170000e+02   2.3540000e+01
   5.6213000e+02   1.3350000e+01
   5.6255000e+02  -6.8000000e+00
   5.6298000e+02   3.9560000e+01
   5.6340000e+02   2.2570000e+01
   5.6383000e+02  -4.6100000e+00
   5.6425000e+02   7.3000000e-01
   5.6467000e+02   5.3400000e+00
   5.6510000e+02   1.9420000e+01
   5.6552000e+02  -1.4080000e+01
   5.6595000e+02   2.1120000e+01
   5.6637000e+02   2.9610000e+01
   5.6679000e+02   2.1600000e+01
   5.6722000e+02   5.5800000e+00
   5.6764000e+02  -8.0100000e+00
   5.6807000e+02  -2.3790000e+01
   5.6849000e+02  -2.7910000e+01
   5.6891000e+02  -2.6700000e+00
   5.6934000e+02   9.2200000e+00
   5.6976000e+02  -8.0100000e+00
   5.7018000e+02  -9.4700000e+00
   5.7061000e+02  -7.3000000e-01
   5.7103000e+02  -6.0700000e+00
   5.7145000e+02   8.5000000e+00
   5.7188000e+02   1.1170000e+01
   5.7230000e+02   1.1410000e+01
   5.7272000e+02   9.7100000e+00
   5.7315000e+02   2.2570000e+01
   5.7357000e+02   2.1120000e+01
   5.7399000e+02   3.0580000e+01
   5.7441000e+02   3.1800000e+01
   5.7484000e+02   9.2200000e+00
   5.7526000e+02   4.7820000e+01
   5.7568000e+02   1.9420000e+01
   5.7611000e+02   9.7100000e+00
   5.7653000e+02   3.2770000e+01
   5.7695000e+02   1.5290000e+01
   5.7737000e+02   2.7910000e+01
   5.7780000e+02   4.1300000e+00
   5.7822000e+02   1.8690000e+01
   5.7864000e+02  -1.7720000e+01
   5.7906000e+02   3.4470000e+01
   5.7948000e+02   1.4600000e+00
   5.7991000e+02   4.1990000e+01
   5.8033000e+02   6.0700000e+00
   5.8075000e+02   2.7430000e+01
   5.8117000e+02   2.4510000e+01
   5.8159000e+02   2.5240000e+01
   5.8202000e+02  -1.1410000e+01
   5.8244000e+02   1.1170000e+01
   5.8286000e+02  -3.6400000e+00
   5.8328000e+02  -9.7100000e+00
   5.8370000e+02   6.0920000e+01
   5.8413000e+02   2.8640000e+01
   5.8455000e+02   3.2280000e+01
   5.8497000e+02  -7.2800000e+00
   5.8539000e+02   2.7180000e+01
   5.8581000e+02   2.6460000e+01
   5.8623000e+02   1.2140000e+01
   5.8665000e+02   7.3000000e-01
   5.8708000e+02   3.4220000e+01
   5.8750000e+02   3.6170000e+01
   5.8792000e+02   3.3980000e+01
   5.8834000e+02   3.1550000e+01
   5.8876000e+02  -1.2140000e+01
   5.8918000e+02   9.9500000e+00
   5.8960000e+02   2.6940000e+01
   5.9002000e+02   2.4030000e+01
   5.9044000e+02  -3.4000000e+00
   5.9086000e+02   2.2330000e+01
   5.9129000e+02   8.9800000e+00
   5.9171000e+02   3.8110000e+01
   5.9213000e+02   4.1510000e+01
   5.9255000e+02   2.6460000e+01
   5.9297000e+02   2.9370000e+01
   5.9339000e+02   2.0870000e+01
   5.9381000e+02   1.9660000e+01
   5.9423000e+02   2.2570000e+01
   5.9465000e+02   1.6990000e+01
   5.9507000e+02   4.6360000e+01
   5.9549000e+02   6.0700000e+00
   5.9591000e+02  -9.7100000e+00
   5.9633000e+02   3.0340000e+01
   5.9675000e+02  -1.3110000e+01
   5.9717000e+02   1.8930000e+01
   5.9759000e+02  -4.1300000e+00
   5.9801000e+02   4.5870000e+01
   5.9843000e+02   2.8400000e+01
   5.9885000e+02   2.4000000e-01
   5.9927000e+02   3.8800000e+00
   5.9969000e+02   4.2230000e+01
   6.0011000e+02   1.3350000e+01
   6.0053000e+02  -8.9800000e+00
   6.0095000e+02   3.5680000e+01
   6.0137000e+02   1.1890000e+01
   6.0179000e+02   4.0530000e+01
   6.0221000e+02   3.8110000e+01
   6.0262000e+02   2.1360000e+01
   6.0304000e+02   1.1410000e+01
   6.0346000e+02  -2.6700000e+00
   6.0388000e+02   2.3540000e+01
   6.0430000e+02   1.3350000e+01
   6.0472000e+02  -6.8000000e+00
   6.0514000e+02   3.9560000e+01
   6.0556000e+02   2.2570000e+01
   6.0598000e+02  -4.6100000e+00
   6.0640000e+02   7.3000000e-01
   6.0681000e+02   5.3400000e+00
   6.0723000e+02   1.9420000e+01
   6.0765000e+02  -1.4080000e+01
   6.0807000e+02   2.1120000e+01
   6.0849000e+02   2.9610000e+01
   6.0891000e+02   1.2380000e+01
   6.0933000e+02  -7.7700000e+00
   6.0974000e+02   3.2280000e+01
   6.1016000e+02   1.9420000e+01
   6.1058000e+02   2.9370000e+01
   6.1100000e+02   1.9660000e+01
   6.1142000e+02   3.4000000e+00
   6.1183000e+02   1.6510000e+01
   6.1225000e+02   2.6700000e+01
   6.1267000e+02   4.5390000e+01
   6.1309000e+02   2.1600000e+01
   6.1351000e+02   4.1300000e+00
   6.1392000e+02  -1.9420000e+01
   6.1434000e+02   2.7670000e+01
   6.1476000e+02   2.8640000e+01
   6.1518000e+02   1.1410000e+01
   6.1559000e+02   5.1000000e+00
   6.1601000e+02   2.2090000e+01
   6.1643000e+02   1.7960000e+01
   6.1685000e+02   2.5490000e+01
   6.1726000e+02  -7.7700000e+00
   6.1768000e+02   1.3840000e+01
   6.1810000e+02   1.9420000e+01
   6.1852000e+02   3.5190000e+01
   6.1893000e+02   1.4320000e+01
   6.1935000e+02   8.9800000e+00
   6.1977000e+02   1.4320000e+01
   6.2018000e+02   4.0290000e+01
   6.2060000e+02   2.5240000e+01
   6.2102000e+02   9.7100000e+00
   6.2143000e+02   3.1070000e+01
   6.2185000e+02   4.5390000e+01
   6.2227000e+02   3.1310000e+01
   6.2268000e+02   3.1550000e+01
   6.2310000e+02   3.8800000e+00
   6.2352000e+02   1.7230000e+01
   6.2393000e+02   7.2800000e+00
   6.2435000e+02   1.9660000e+01
   6.2477000e+02   2.0150000e+01
   6.2518000e+02   3.5680000e+01
   6.2560000e+02   2.6700000e+00
   6.2602000e+02   2.0150000e+01
   6.2643000e+02   2.8400000e+01
   6.2685000e+02   1.5290000e+01
   6.2726000e+02   3.1070000e+01
   6.2768000e+02  -1.4080000e+01
   6.2810000e+02   6.3100000e+00
   6.2851000e+02  -2.9100000e+00
   6.2893000e+02   3.7620000e+01
   6.2934000e+02  -8.7400000e+00
   6.2976000e+02   2.1840000e+01
   6.3017000e+02   2.3540000e+01
   6.3059000e+02   2.9850000e+01
   6.3101000e+02   2.4760000e+01
   6.3142000e+02  -8.0100000e+00
   6.3184000e+02   3.3740000e+01
   6.3225000e+02   8.5000000e+00
   6.3267000e+02   1.7230000e+01
   6.3308000e+02   2.1360000e+01
   6.3350000e+02   1.3110000e+01
   6.3391000e+02   1.5290000e+01
   6.3433000e+02   2.2820000e+01
   6.3474000e+02  -5.1000000e+00
   6.3516000e+02   1.2380000e+01
   6.3557000e+02   1.7480000e+01
   6.3599000e+02   2.4270000e+01
   6.3640000e+02   3.3500000e+01
   6.3682000e+02   1.8690000e+01
   6.3723000e+02   1.5290000e+01
   6.3765000e+02   2.4760000e+01
   6.3806000e+02   3.4470000e+01
   6.3848000e+02   4.8300000e+01
   6.3889000e+02   9.4700000e+00
   6.3930000e+02   2.0150000e+01
   6.3972000e+02  -1.4560000e+01
   6.4013000e+02   3.3250000e+01
   6.4055000e+02   1.2860000e+01
   6.4096000e+02   2.5000000e+01
   6.4138000e+02   2.8400000e+01
   6.4179000e+02  -4.3700000e+00
   6.4220000e+02   1.4560000e+01
   6.4262000e+02   6.3100000e+00
   6.4303000e+02   1.8200000e+01
   6.4345000e+02   2.0150000e+01
   6.4386000e+02  -9.2200000e+00
   6.4427000e+02   1.9420000e+01
   6.4469000e+02   2.4760000e+01
   6.4510000e+02   1.4600000e+00
   6.4551000e+02   2.9130000e+01
   6.4593000e+02   2.2820000e+01
   6.4634000e+02   1.7720000e+01
   6.4675000e+02   1.8930000e+01
   6.4717000e+02   4.3450000e+01
   6.4758000e+02   3.6400000e+00
   6.4799000e+02  -5.1000000e+00
   6.4841000e+02   1.0190000e+01
   6.4882000e+02   3.0580000e+01
   6.4923000e+02   3.9560000e+01
   6.4965000e+02   1.7720000e+01
   6.5006000e+02   2.7910000e+01
   6.5047000e+02   1.8930000e+01
   6.5089000e+02   4.1260000e+01
   6.5130000e+02   1.8930000e+01
   6.5171000e+02  -1.4560000e+01
   6.5212000e+02   1.7960000e+01
   6.5254000e+02   1.0680000e+01
   6.5295000e+02   3.9810000e+01
   6.5336000e+02   4.4900000e+01
   6.5377000e+02   4.6100000e+00
   6.5419000e+02  -4.9000000e-01
   6.5460000e+02   1.2140000e+01
   6.5501000e+02   8.5000000e+00
   6.5542000e+02   1.1170000e+01
   6.5584000e+02   1.1410000e+01
   6.5625000e+02   9.7100000e+00
   6.5666000e+02   2.2570000e+01
   6.5707000e+02   2.1120000e+01
   6.5748000e+02   3.0580000e+01
   6.5790000e+02   3.1800000e+01
   6.5831000e+02   9.2200000e+00
   6.5872000e+02   4.7820000e+01
   6.5913000e+02   1.9420000e+01
   6.5954000e+02   9.7100000e+00
   6.5995000e+02   3.2770000e+01
   6.6037000e+02   1.5290000e+01
   6.6078000e+02   2.7910000e+01
   6.6119000e+02   4.1300000e+00
   6.6160000e+02   1.8690000e+01
   6.6201000e+02  -1.7720000e+01
   6.6242000e+02   3.4470000e+01
   6.6283000e+02   1.4600000e+00
   6.6324000e+02   4.1990000e+01
   6.6366000e+02   6.0700000e+00
   6.6407000e+02   2.7430000e+01
   6.6448000e+02   2.4510000e+01
   6.6489000e+02   2.5240000e+01
   6.6530000e+02  -1.1410000e+01
   6.6571000e+02   1.1170000e+01
   6.6612000e+02  -3.6400000e+00
   6.6653000e+02  -9.7100000e+00
   6.6694000e+02   6.0920000e+01
   6.6735000e+02   2.8640000e+01
   6.6776000e+02   3.2280000e+01
   6.6817000e+02  -4.6100000e+00
   6.6859000e+02   1.7000000e+00
   6.6900000e+02  -7.0400000e+00
   6.6941000e+02   4.1300000e+00
   6.6982000e+02   2.0870000e+01
   6.7023000e+02   3.1800000e+01
   6.7064000e+02  -1.4600000e+00
   6.7105000e+02  -2.8640000e+01
   6.7146000e+02   2.4300000e+00
   6.7187000e+02  -3.5680000e+01
   6.7228000e+02   1.8450000e+01
   6.7269000e+02   3.1800000e+01
   6.7310000e+02  -1.4600000e+00
   6.7351000e+02   1.2140000e+01
   6.7392000e+02   2.2090000e+01
   6.7433000e+02  -5.5800000e+00
   6.7474000e+02  -1.1890000e+01
   6.7514000e+02  -2.9610000e+01
   6.7555000e+02   3.1600000e+00
   6.7596000e+02  -2.1840000e+01
   6.7637000e+02  -2.0870000e+01
   6.7678000e+02   2.3300000e+01
   6.7719000e+02  -5.3400000e+00
   6.7760000e+02   1.0680000e+01
   6.7801000e+02  -2.8400000e+01
   6.7842000e+02   5.8300000e+00
   6.7883000e+02   1.1410000e+01
   6.7924000e+02  -9.4700000e+00
   6.7965000e+02  -2.6700000e+01
   6.8005000e+02  -7.3000000e-01
   6.8046000e+02  -1.6990000e+01
   6.8087000e+02   7.0400000e+00
   6.8128000e+02   1.0920000e+01
   6.8169000e+02   7.3000000e-01
   6.8210000e+02  -1.6990000e+01
   6.8251000e+02   7.2800000e+00
   6.8292000e+02   7.7700000e+00
   6.8332000e+02   2.1120000e+01
   6.8373000e+02   3.4000000e+00
   6.8414000e+02   1.5530000e+01
   6.8455000e+02  -9.9500000e+00
   6.8496000e+02  -2.1120000e+01
   6.8536000e+02   4.6360000e+01
   6.8577000e+02  -2.9100000e+00
   6.8618000e+02  -1.9420000e+01
   6.8659000e+02  -9.4700000e+00
   6.8700000e+02  -7.3000000e-01
   6.8740000e+02   2.8160000e+01
   6.8781000e+02   2.2820000e+01
   6.8822000e+02  -1.4320000e+01
   6.8863000e+02  -3.2770000e+01
   6.8904000e+02   4.6100000e+00
   6.8944000e+02  -2.9100000e+00
   6.8985000e+02   8.2500000e+00
   6.9026000e+02   5.5800000e+00
   6.9067000e+02  -1.6990000e+01
   6.9107000e+02   1.9900000e+01
   6.9148000e+02  -2.4300000e+00
   6.9189000e+02  -2.2820000e+01
   6.9229000e+02  -2.9610000e+01
   6.9270000e+02   1.1890000e+01
   6.9311000e+02   2.6700000e+00
   6.9352000e+02  -1.9400000e+00
   6.9392000e+02  -6.3100000e+00
   6.9433000e+02  -4.1300000e+00
   6.9474000e+02   1.7960000e+01
   6.9514000e+02   1.9900000e+01
   6.9555000e+02   1.7000000e+00
   6.9596000e+02   1.0440000e+01
   6.9636000e+02   2.3060000e+01
   6.9677000e+02   1.2100000e+00
   6.9718000e+02   1.4080000e+01
   6.9758000e+02  -1.1170000e+01
   6.9799000e+02   2.9130000e+01
   6.9840000e+02   3.0580000e+01
   6.9880000e+02   3.1800000e+01
   6.9921000e+02   9.2200000e+00
   6.9961000e+02   4.7820000e+01
   7.0002000e+02   1.9420000e+01
   7.0043000e+02   9.7100000e+00
   7.0083000e+02   3.2770000e+01
   7.0124000e+02   1.5290000e+01
   7.0164000e+02   2.7910000e+01
   7.0205000e+02   4.1300000e+00
   7.0246000e+02   1.8690000e+01
   7.0286000e+02  -1.7720000e+01
   7.0327000e+02   3.4470000e+01
   7.0367000e+02   1.4600000e+00
   7.0408000e+02   4.1990000e+01
   7.0448000e+02   6.0700000e+00
   7.0489000e+02   2.7430000e+01
   7.0529000e+02   2.4510000e+01
   7.0570000e+02   2.5240000e+01
   7.0610000e+02  -1.1410000e+01
   7.0651000e+02   1.1170000e+01
   7.0691000e+02  -3.6400000e+00
   7.0732000e+02  -9.7100000e+00
   7.0772000e+02   6.0920000e+01
   7.0813000e+02   2.8640000e+01
   7.0853000e+02   3.2280000e+01
   7.0894000e+02  -7.2800000e+00
   7.0934000e+02   2.7180000e+01
   7.0975000e+02   2.6460000e+01
   7.1015000e+02   1.2140000e+01
   7.1056000e+02   7.3000000e-01
   7.1096000e+02   3.4220000e+01
   7.1137000e+02   3.6170000e+01
   7.1177000e+02   3.3980000e+01
   7.1218000e+02   3.1550000e+01
   7.1258000e+02  -1.2140000e+01
   7.1298000e+02   9.9500000e+00
   7.1339000e+02   2.6940000e+01
   7.1379000e+02   2.4030000e+01
   7.1420000e+02  -3.4000000e+00
   7.1460000e+02   2.2330000e+01
   7.1501000e+02   8.9800000e+00
   7.1541000e+02   3.8110000e+01
   7.1581000e+02   4.1510000e+01
   7.1622000e+02   2.1600000e+01
   7.1662000e+02   1.4600000e+00
   7.1702000e+02  -3.0580000e+01
   7.1743000e+02   1.8450000e+01
   7.1783000e+02   2.2820000e+01
   7.1824000e+02   2.6700000e+01
   7.1864000e+02   3.2280000e+01
   7.1904000e+02   5.1940000e+01
   7.1945000e+02   3.2280000e+01
   7.1985000e+02   2.5000000e+01
   7.2025000e+02   3.6890000e+01
   7.2065000e+02   2.6700000e+00
   7.2106000e+02   1.6260000e+01
   7.2146000e+02   1.4600000e+00
   7.2186000e+02   9.7100000e+00
   7.2227000e+02   1.0920000e+01
   7.2267000e+02   9.7000000e-01
   7.2307000e+02   8.2500000e+00
   7.2348000e+02   1.3840000e+01
   7.2388000e+02   1.0190000e+01
   7.2428000e+02   1.1890000e+01
   7.2468000e+02   1.0190000e+01
   7.2509000e+02  -2.1800000e+00
   7.2549000e+02   3.0340000e+01
   7.2589000e+02   2.6210000e+01
   7.2629000e+02   3.1550000e+01
   7.2670000e+02  -8.9800000e+00
   7.2710000e+02   3.1600000e+00
   7.2750000e+02   1.9420000e+01
   7.2790000e+02   1.3110000e+01
   7.2830000e+02   2.9130000e+01
   7.2871000e+02   2.6210000e+01
   7.2911000e+02   4.5390000e+01
   7.2951000e+02   2.1600000e+01
   7.2991000e+02  -2.1800000e+00
   7.3031000e+02   1.9900000e+01
   7.3072000e+02  -2.1360000e+01
   7.3112000e+02   1.2100000e+00
   7.3152000e+02   2.5000000e+01
   7.3192000e+02  -3.9810000e+01
   7.3232000e+02   2.4760000e+01
   7.3272000e+02   2.7670000e+01
   7.3312000e+02   1.2860000e+01
   7.3353000e+02  -1.2620000e+01
   7.3393000e+02   4.5150000e+01
   7.3433000e+02   2.4760000e+01
   7.3473000e+02   2.5970000e+01
   7.3513000e+02   2.9370000e+01
   7.3553000e+02   5.4860000e+01
   7.3593000e+02   3.0830000e+01
   7.3633000e+02   1.3350000e+01
   7.3673000e+02   1.2140000e+01
   7.3714000e+02   3.4950000e+01
   7.3754000e+02   3.4220000e+01
   7.3794000e+02   3.2040000e+01
   7.3834000e+02   3.4220000e+01
   7.3874000e+02   3.6400000e+00
   7.3914000e+02   8.9800000e+00
   7.3954000e+02   2.4270000e+01
   7.3994000e+02   2.8880000e+01
   7.4034000e+02   1.0920000e+01
   7.4074000e+02   4.6360000e+01
   7.4114000e+02   4.1750000e+01
   7.4154000e+02   5.3400000e+01
   7.4194000e+02   4.2480000e+01
   7.4234000e+02   2.8400000e+01
   7.4274000e+02   2.5730000e+01
   7.4314000e+02   1.9900000e+01
   7.4354000e+02  -4.3700000e+00
   7.4394000e+02   4.9760000e+01
   7.4434000e+02   4.9270000e+01
   7.4474000e+02   4.7330000e+01
   7.4514000e+02   3.1550000e+01
   7.4554000e+02   2.4760000e+01
   7.4594000e+02   5.7040000e+01
   7.4634000e+02   5.4130000e+01
   7.4674000e+02   5.1460000e+01
   7.4714000e+02   7.2090000e+01
   7.4754000e+02   7.0150000e+01
   7.4794000e+02   5.1210000e+01
   7.4833000e+02   3.8350000e+01
   7.4873000e+02   3.7620000e+01
   7.4913000e+02   7.3540000e+01
   7.4953000e+02   7.8640000e+01
   7.4993000e+02   8.3010000e+01
   7.5033000e+02   6.9660000e+01
   7.5073000e+02   8.8590000e+01
   7.5113000e+02   7.9370000e+01
   7.5153000e+02   9.1020000e+01
   7.5192000e+02   7.7910000e+01
   7.5232000e+02   1.3738000e+02
   7.5272000e+02   1.0243000e+02
   7.5312000e+02   1.2379000e+02
   7.5352000e+02   1.5340000e+02
   7.5392000e+02   1.4393000e+02
   7.5431000e+02   1.4466000e+02
   7.5471000e+02   1.7525000e+02
   7.5511000e+02   1.9661000e+02
   7.5551000e+02   1.9199000e+02
   7.5591000e+02   1.9709000e+02
   7.5631000e+02   2.1529000e+02
   7.5670000e+02   2.0656000e+02
   7.5710000e+02   2.2986000e+02
   7.5750000e+02   2.2646000e+02
   7.5790000e+02   2.3277000e+02
   7.5829000e+02   2.5219000e+02
   7.5869000e+02   2.5340000e+02
   7.5909000e+02   2.9976000e+02
   7.5949000e+02   3.2088000e+02
   7.5988000e+02   3.2282000e+02
   7.6028000e+02   3.4782000e+02
   7.6068000e+02   3.9782000e+02
   7.6108000e+02   4.4855000e+02
   7.6147000e+02   5.0413000e+02
   7.6187000e+02   5.5316000e+02
   7.6227000e+02   6.0389000e+02
   7.6267000e+02   6.9880000e+02
   7.6306000e+02   8.0778000e+02
   7.6346000e+02   8.9225000e+02
   7.6386000e+02   9.6701000e+02
   7.6425000e+02   1.0531700e+03
   7.6465000e+02   1.1973500e+03
   7.6505000e+02   1.3145800e+03
   7.6544000e+02   1.3891000e+03
   7.6584000e+02   1.4847300e+03
   7.6624000e+02   1.6425000e+03
   7.6663000e+02   1.7087600e+03
   7.6703000e+02   1.8638600e+03
   7.6743000e+02   1.9660500e+03
   7.6782000e+02   2.0226000e+03
   7.6822000e+02   2.1335300e+03
   7.6861000e+02   2.2223600e+03
   7.6901000e+02   2.3129000e+03
   7.6941000e+02   2.4228500e+03
   7.6980000e+02   2.5243100e+03
   7.7020000e+02   2.6410600e+03
   7.7059000e+02   2.7934900e+03
   7.7099000e+02   2.9100000e+03
   7.7139000e+02   3.0384000e+03
   7.7178000e+02   3.1439800e+03
   7.7218000e+02   3.2663100e+03
   7.7257000e+02   3.4614600e+03
   7.7297000e+02   3.6000600e+03
   7.7336000e+02   3.8469000e+03
   7.7376000e+02   4.0483600e+03
   7.7416000e+02   4.2083200e+03
   7.7455000e+02   4.4648800e+03
   7.7495000e+02   4.6452200e+03
   7.7534000e+02   5.0316300e+03
   7.7574000e+02   5.1979000e+03
   7.7613000e+02   5.5741200e+03
   7.7653000e+02   5.8440200e+03
   7.7692000e+02   6.0908700e+03
   7.7732000e+02   6.5326300e+03
   7.7771000e+02   6.7217100e+03
   7.7811000e+02   7.0020500e+03
   7.7850000e+02   7.3661300e+03
   7.7890000e+02   7.6532700e+03
   7.7929000e+02   8.0477000e+03
   7.7968000e+02   8.3656600e+03
   7.8008000e+02   8.8979500e+03
   7.8047000e+02   9.4678700e+03
   7.8087000e+02   9.9021000e+03
   7.8126000e+02   1.0320790e+04
   7.8166000e+02   1.0861580e+04
   7.8205000e+02   1.1269840e+04
   7.8244000e+02   1.1685620e+04
   7.8284000e+02   1.2435140e+04
   7.8323000e+02   1.2799710e+04
   7.8363000e+02   1.3581280e+04
   7.8402000e+02   1.4182500e+04
   7.8441000e+02   1.4858970e+04
   7.8481000e+02   1.5163100e+04
   7.8520000e+02   1.5564080e+04
   7.8560000e+02   1.6146120e+04
   7.8599000e+02   1.6777690e+04
   7.8638000e+02   1.7196140e+04
   7.8678000e+02   1.7568230e+04
   7.8717000e+02   1.7616540e+04
   7.8756000e+02   1.8121640e+04
   7.8796000e+02   1.8373590e+04
   7.8835000e+02   1.8950050e+04
   7.8874000e+02   1.9494720e+04
   7.8914000e+02   2.0032350e+04
   7.8953000e+02   2.0784060e+04
   7.8992000e+02   2.1279210e+04
   7.9031000e+02   2.1895730e+04
   7.9071000e+02   2.2625350e+04
   7.9110000e+02   2.3068320e+04
   7.9149000e+02   2.3289200e+04
   7.9189000e+02   2.4066390e+04
   7.9228000e+02   2.3702800e+04
   7.9267000e+02   2.3407650e+04
   7.9306000e+02   2.3714930e+04
   7.9346000e+02   2.3756920e+04
   7.9385000e+02   2.4160810e+04
   7.9424000e+02   2.4451590e+04
   7.9463000e+02   2.5114950e+04
   7.9503000e+02   2.5510590e+04
   7.9542000e+02   2.5734140e+04
   7.9581000e+02   2.6339490e+04
   7.9620000e+02   2.6633420e+04
   7.9659000e+02   2.7389020e+04
   7.9699000e+02   2.7442660e+04
   7.9738000e+02   2.7757710e+04
   7.9777000e+02   2.8200440e+04
   7.9816000e+02   2.9311380e+04
   7.9855000e+02   2.9982510e+04
   7.9894000e+02   3.0405330e+04
   7.9934000e+02   3.1084950e+04
   7.9973000e+02   3.0387610e+04
   8.0012000e+02   3.0177900e+04
   8.0051000e+02   3.0795620e+04
   8.0090000e+02   3.0811400e+04
   8.0129000e+02   3.0197800e+04
   8.0168000e+02   3.0931550e+04
   8.0208000e+02   3.0657760e+04
   8.0247000e+02   3.0239060e+04
   8.0286000e+02   3.0324260e+04
   8.0325000e+02   3.0560910e+04
   8.0364000e+02   3.0697320e+04
   8.0403000e+02   3.1957540e+04
   8.0442000e+02   3.3004880e+04
   8.0481000e+02   3.2231570e+04
   8.0520000e+02   3.2916050e+04
   8.0559000e+02   3.3302460e+04
   8.0598000e+02   3.3238870e+04
   8.0637000e+02   3.3666300e+04
   8.0676000e+02   3.4476510e+04
   8.0715000e+02   3.4299560e+04
   8.0755000e+02   3.4894470e+04
   8.0794000e+02   3.5145690e+04
   8.0833000e+02   3.4737920e+04
   8.0872000e+02   3.4351750e+04
   8.0911000e+02   3.4924820e+04
   8.0950000e+02   3.5683080e+04
   8.0989000e+02   3.5014140e+04
   8.1028000e+02   3.5181620e+04
   8.1067000e+02   3.6116100e+04
   8.1106000e+02   3.5431380e+04
   8.1145000e+02   3.5904440e+04
   8.1183000e+02   3.5714630e+04
   8.1222000e+02   3.5950070e+04
   8.1261000e+02   3.5869730e+04
   8.1300000e+02   3.5753470e+04
   8.1339000e+02   3.5844730e+04
   8.1378000e+02   3.6502270e+04
   8.1417000e+02   3.6388920e+04
   8.1456000e+02   3.6534550e+04
   8.1495000e+02   3.6856400e+04
   8.1534000e+02   3.7100820e+04
   8.1573000e+02   3.6854460e+04
   8.1612000e+02   3.6346440e+04
   8.1651000e+02   3.6580180e+04
   8.1690000e+02   3.6432120e+04
   8.1728000e+02   3.5794970e+04
   8.1767000e+02   3.5417780e+04
   8.1806000e+02   3.5015350e+04
   8.1845000e+02   3.4386460e+04
   8.1884000e+02   3.4293490e+04
   8.1923000e+02   3.4159510e+04
   8.1962000e+02   3.4156110e+04
   8.2000000e+02   3.4912190e+04
   8.2039000e+02   3.4326750e+04
   8.2078000e+02   3.4702240e+04
   8.2117000e+02   3.4174320e+04
   8.2156000e+02   3.3588630e+04
   8.2195000e+02   3.2370410e+04
   8.2233000e+02   3.1711900e+04
   8.2272000e+02   3.1056070e+04
   8.2311000e+02   3.0773540e+04
   8.2350000e+02   2.9716480e+04
   8.2388000e+02   2.8702150e+04
   8.2427000e+02   2.8087570e+04
   8.2466000e+02   2.6623470e+04
   8.2505000e+02   2.5542630e+04
   8.2544000e+02   2.4593590e+04
   8.2582000e+02   2.3544060e+04
   8.2621000e+02   2.2144760e+04
   8.2660000e+02   2.0911980e+04
   8.2698000e+02   1.9551760e+04
   8.2737000e+02   1.8789610e+04
   8.2776000e+02   1.7531580e+04
   8.2815000e+02   1.6474290e+04
   8.2853000e+02   1.5620390e+04
   8.2892000e+02   1.4888580e+04
   8.2931000e+02   1.4345370e+04
   8.2969000e+02   1.3674000e+04
   8.3008000e+02   1.2924720e+04
   8.3047000e+02   1.2080280e+04
   8.3085000e+02   1.1455760e+04
   8.3124000e+02   1.0727840e+04
   8.3163000e+02   1.0345310e+04
   8.3201000e+02   9.8858300e+03
   8.3240000e+02   9.3477200e+03
   8.3279000e+02   8.7887300e+03
   8.3317000e+02   8.0501300e+03
   8.3356000e+02   7.5095800e+03
   8.3395000e+02   6.8853000e+03
   8.3433000e+02   6.5336000e+03
   8.3472000e+02   6.0663600e+03
   8.3510000e+02   5.7583400e+03
   8.3549000e+02   5.3105200e+03
   8.3588000e+02   4.8966800e+03
   8.3626000e+02   4.5668200e+03
   8.3665000e+02   4.1126900e+03
   8.3703000e+02   3.8549100e+03
   8.3742000e+02   3.5961700e+03
   8.3781000e+02   3.2816000e+03
   8.3819000e+02   3.0772300e+03
   8.3858000e+02   2.8536900e+03
   8.3896000e+02   2.6908200e+03
   8.3935000e+02   2.5619300e+03
   8.3973000e+02   2.3529500e+03
   8.4012000e+02   2.2048900e+03
   8.4050000e+02   2.0274600e+03
   8.4089000e+02   1.8781800e+03
   8.4127000e+02   1.6835200e+03
   8.4166000e+02   1.5847300e+03
   8.4204000e+02   1.4262400e+03
   8.4243000e+02   1.2024500e+03
   8.4281000e+02   1.0786600e+03
   8.4320000e+02   9.5293000e+02
   8.4358000e+02   8.0996000e+02
   8.4397000e+02   7.0050000e+02
   8.4435000e+02   6.1287000e+02
   8.4474000e+02   4.8666000e+02
   8.4512000e+02   4.4200000e+02
   8.4551000e+02   4.0195000e+02
   8.4589000e+02   3.0122000e+02
   8.4627000e+02   2.6214000e+02
   8.4666000e+02   2.4345000e+02
   8.4704000e+02   2.3423000e+02
   8.4743000e+02   2.0049000e+02
   8.4781000e+02   2.0000000e+02
   8.4819000e+02   1.5947000e+02
   8.4858000e+02   1.3010000e+02
   8.4896000e+02   1.3932000e+02
   8.4935000e+02   1.1262000e+02
   8.4973000e+02   1.1481000e+02
   8.5011000e+02   1.0073000e+02
   8.5050000e+02   5.8010000e+01
   8.5088000e+02   8.2530000e+01
   8.5126000e+02   1.0558000e+02
   8.5165000e+02   7.4760000e+01
   8.5203000e+02   5.4610000e+01
   8.5241000e+02   6.7480000e+01
   8.5280000e+02   3.6890000e+01
   8.5318000e+02   2.8160000e+01
   8.5356000e+02   8.3500000e+01
   8.5395000e+02   6.2380000e+01
   8.5433000e+02   3.5440000e+01
   8.5471000e+02   4.0780000e+01
   8.5510000e+02   4.7820000e+01
   8.5548000e+02   4.0780000e+01
   8.5586000e+02   1.0190000e+01
   8.5624000e+02   1.4320000e+01
   8.5663000e+02   4.2480000e+01
   8.5701000e+02   4.9030000e+01
   8.5739000e+02   4.3200000e+01
   8.5777000e+02   3.1070000e+01
   8.5816000e+02   7.5200000e+00
   8.5854000e+02  -3.0830000e+01
   8.5892000e+02   3.5680000e+01
   8.5930000e+02   4.2230000e+01
   8.5969000e+02   5.4610000e+01
   8.6007000e+02  -5.5800000e+00
   8.6045000e+02   3.5440000e+01
   8.6083000e+02   1.5780000e+01
   8.6121000e+02   1.3110000e+01
   8.6160000e+02  -4.3700000e+00
   8.6198000e+02   3.4220000e+01
   8.6236000e+02  -1.4320000e+01
   8.6274000e+02   4.4180000e+01
   8.6312000e+02   1.0680000e+01
   8.6350000e+02   2.3790000e+01
   8.6389000e+02   1.6750000e+01
   8.6427000e+02   1.3350000e+01
   8.6465000e+02   2.4030000e+01
   8.6503000e+02  -2.0630000e+01
   8.6541000e+02   1.2140000e+01
   8.6579000e+02   9.4700000e+00
   8.6617000e+02   4.6100000e+00
   8.6655000e+02   2.4270000e+01
   8.6694000e+02  -1.6260000e+01
   8.6732000e+02   5.5800000e+00
   8.6770000e+02   8.2500000e+00
   8.6808000e+02  -2.2090000e+01
   8.6846000e+02   3.6400000e+00
   8.6884000e+02   1.5780000e+01
   8.6922000e+02   1.2100000e+00
   8.6960000e+02   3.0580000e+01
   8.6998000e+02   4.3700000e+00
   8.7036000e+02   4.3700000e+00
   8.7074000e+02   2.4760000e+01
   8.7112000e+02   2.0390000e+01
   8.7150000e+02  -1.5290000e+01
   8.7188000e+02   2.8640000e+01
   8.7226000e+02  -1.8930000e+01
   8.7264000e+02   1.4080000e+01
   8.7302000e+02   2.9610000e+01
   8.7340000e+02   2.7430000e+01
   8.7378000e+02   3.4000000e+00
   8.7416000e+02   3.1600000e+00
   8.7454000e+02  -4.3700000e+00
   8.7492000e+02   9.9500000e+00
   8.7530000e+02  -1.0190000e+01
   8.7568000e+02  -1.1890000e+01
   8.7606000e+02  -2.7430000e+01
   8.7644000e+02  -7.0400000e+00
   8.7682000e+02   8.0100000e+00
   8.7720000e+02  -3.8800000e+00
   8.7758000e+02   1.6510000e+01
   8.7796000e+02   2.5730000e+01
   8.7834000e+02   1.1890000e+01
   8.7872000e+02   1.4080000e+01
   8.7909000e+02   8.9800000e+00
   8.7947000e+02   1.8930000e+01
   8.7985000e+02  -2.6700000e+00
   8.8023000e+02   2.0630000e+01
   8.8061000e+02   2.8880000e+01
   8.8099000e+02   2.6700000e+01
   8.8137000e+02   3.1600000e+00
   8.8175000e+02  -1.5050000e+01
   8.8212000e+02  -5.8300000e+00
   8.8250000e+02   1.8200000e+01
   8.8288000e+02   8.5000000e+00
   8.8326000e+02   9.7100000e+00
   8.8364000e+02  -1.1410000e+01
   8.8402000e+02   2.4760000e+01
   8.8439000e+02   1.5780000e+01
   8.8477000e+02  -4.1300000e+00
   8.8515000e+02   1.0920000e+01
   8.8553000e+02  -2.0870000e+01
   8.8591000e+02  -2.5000000e+01
   8.8628000e+02  -2.2820000e+01
   8.8666000e+02   2.5490000e+01
   8.8704000e+02   1.2620000e+01
   8.8742000e+02  -7.3000000e-01
   8.8780000e+02  -3.4000000e+00
   8.8817000e+02   2.6700000e+00
   8.8855000e+02   2.6700000e+00
   8.8893000e+02  -6.3100000e+00
   8.8930000e+02   1.4600000e+00
   8.8968000e+02   1.6510000e+01
   8.9006000e+02   9.4700000e+00
   8.9044000e+02   1.6990000e+01
   8.9081000e+02   2.5490000e+01
   8.9119000e+02   3.4000000e+00
   8.9157000e+02  -2.4030000e+01
   8.9194000e+02  -1.1890000e+01
   8.9232000e+02   1.8200000e+01
   8.9270000e+02   2.4300000e+00
   8.9308000e+02   2.4000000e-01
   8.9345000e+02  -2.1800000e+00
   8.9383000e+02  -1.4810000e+01
   8.9420000e+02  -1.1890000e+01
   8.9458000e+02  -1.1650000e+01
   8.9496000e+02  -2.7430000e+01
   8.9533000e+02   1.6510000e+01
   8.9571000e+02   1.0440000e+01
   8.9609000e+02   6.3100000e+00
   8.9646000e+02  -6.0700000e+00
   8.9684000e+02  -1.5530000e+01
   8.9722000e+02   1.3110000e+01
   8.9759000e+02   7.2800000e+00
   8.9797000e+02   1.3840000e+01
   8.9834000e+02   1.4320000e+01
   8.9872000e+02   4.1510000e+01
   8.9909000e+02  -8.0100000e+00
   8.9947000e+02  -1.0680000e+01
   8.9985000e+02   2.4030000e+01
   9.0022000e+02  -1.3110000e+01
   9.0060000e+02   7.2800000e+00
   9.0097000e+02   2.2090000e+01
   9.0135000e+02   1.0680000e+01
   9.0172000e+02   1.8690000e+01
   9.0210000e+02   6.5500000e+00
   9.0247000e+02   3.8800000e+00
   9.0285000e+02   1.3110000e+01
   9.0322000e+02   2.1800000e+00
   9.0360000e+02   6.5500000e+00
   9.0397000e+02  -3.1600000e+00
   9.0435000e+02   6.0700000e+00
   9.0472000e+02   2.4510000e+01
   9.0510000e+02   1.2100000e+00
   9.0547000e+02   2.9850000e+01
   9.0585000e+02   7.7700000e+00
   9.0622000e+02  -1.4560000e+01
   9.0660000e+02  -1.4600000e+00
   9.0697000e+02   3.4000000e+00
   9.0734000e+02   3.1310000e+01
   9.0772000e+02   2.5000000e+01
   9.0809000e+02   8.0100000e+00
   9.0847000e+02   1.0190000e+01
   9.0884000e+02   3.8800000e+00
   9.0922000e+02   1.8930000e+01
   9.0959000e+02   2.4300000e+00
   9.0996000e+02   1.4080000e+01
   9.1034000e+02  -7.7700000e+00
   9.1071000e+02   1.0680000e+01
   9.1109000e+02   4.6100000e+00
   9.1146000e+02   3.5440000e+01
   9.1183000e+02   1.6750000e+01
   9.1221000e+02  -5.1000000e+00
   9.1258000e+02  -2.4510000e+01
   9.1295000e+02   2.4000000e-01
   9.1333000e+02  -1.2380000e+01
   9.1370000e+02   1.7230000e+01
   9.1407000e+02  -1.2620000e+01
   9.1445000e+02   1.6750000e+01
   9.1482000e+02  -1.3840000e+01
   9.1519000e+02   4.6100000e+00
   9.1557000e+02  -5.1000000e+00
   9.1594000e+02   3.8800000e+00
   9.1631000e+02  -8.2500000e+00
   9.1668000e+02  -1.3350000e+01
   9.1706000e+02  -1.3840000e+01
   9.1743000e+02   1.1410000e+01
   9.1780000e+02   1.1410000e+01
   9.1817000e+02   2.8880000e+01
   9.1855000e+02   1.1170000e+01
   9.1892000e+02  -2.4000000e-01
   9.1929000e+02  -2.1360000e+01
   9.1966000e+02  -3.1310000e+01
   9.2004000e+02  -3.1600000e+00
   9.2041000e+02  -8.9800000e+00
   9.2078000e+02  -1.2100000e+00
   9.2115000e+02   5.1000000e+00
   9.2152000e+02   4.3700000e+00
   9.2190000e+02   5.3400000e+00
   9.2227000e+02  -5.5800000e+00
   9.2264000e+02   3.9080000e+01
   9.2301000e+02   4.5630000e+01
   9.2338000e+02  -3.6400000e+00
   9.2376000e+02   3.2770000e+01
   9.2413000e+02  -9.7100000e+00
   9.2450000e+02   2.3300000e+01
   9.2487000e+02   2.1360000e+01
   9.2524000e+02   5.3400000e+00
   9.2561000e+02   4.1300000e+00
   9.2598000e+02   4.8500000e+00
   9.2635000e+02   1.5290000e+01
   9.2673000e+02   4.5150000e+01
   9.2710000e+02   3.3500000e+01
   9.2747000e+02  -1.7000000e+00
   9.2784000e+02  -1.9400000e+00
   9.2821000e+02  -1.7230000e+01
   9.2858000e+02   1.8200000e+01
   9.2895000e+02   1.6510000e+01
   9.2932000e+02  -1.0920000e+01
   9.2969000e+02  -3.3980000e+01
   9.3006000e+02   5.8300000e+00
   9.3043000e+02   1.3350000e+01
   9.3080000e+02   3.9810000e+01
   9.3117000e+02   1.1650000e+01
   9.3154000e+02  -3.1600000e+00
   9.3191000e+02   3.4000000e+00
   9.3228000e+02   2.3790000e+01
   9.3265000e+02   2.1360000e+01
   9.3302000e+02   5.3400000e+00
   9.3339000e+02  -1.8930000e+01
   9.3376000e+02  -3.8840000e+01
   9.3413000e+02   2.7670000e+01
   9.3450000e+02   2.9130000e+01
   9.3487000e+02   9.7100000e+00
   9.3524000e+02   1.3840000e+01
   9.3561000e+02   2.5000000e+01
   9.3598000e+02   1.8690000e+01
   9.3635000e+02   1.1170000e+01
   9.3672000e+02  -6.0700000e+00
   9.3709000e+02  -1.8450000e+01
   9.3746000e+02   1.2860000e+01
   9.3783000e+02   2.6210000e+01
   9.3820000e+02   3.2770000e+01
   9.3857000e+02   2.5000000e+01
   9.3894000e+02   2.0630000e+01
   9.3931000e+02  -1.6990000e+01
   9.3967000e+02  -7.3000000e-01
   9.4004000e+02   2.1120000e+01
   9.4041000e+02  -7.0400000e+00
   9.4078000e+02  -7.5200000e+00
   9.4115000e+02   2.2820000e+01
   9.4152000e+02   8.5000000e+00
   9.4189000e+02   7.7700000e+00
   9.4225000e+02   2.2820000e+01
   9.4262000e+02  -4.9000000e-01
   9.4299000e+02  -3.1550000e+01
   9.4336000e+02  -3.6400000e+00
   9.4373000e+02   2.1360000e+01
   9.4410000e+02   1.5050000e+01
   9.4446000e+02   2.7430000e+01
   9.4483000e+02   6.5500000e+00
   9.4520000e+02  -2.1800000e+00
   9.4557000e+02   1.2100000e+00
   9.4594000e+02  -2.4000000e-01
   9.4630000e+02  -1.1410000e+01
   9.4667000e+02  -1.5290000e+01
   9.4704000e+02   3.0100000e+01
   9.4741000e+02   2.8160000e+01
   9.4777000e+02   4.3700000e+00
   9.4814000e+02   2.1600000e+01
   9.4851000e+02   6.3100000e+00
   9.4888000e+02   2.9100000e+00
   9.4924000e+02   9.4700000e+00
   9.4961000e+02   1.5290000e+01
   9.4998000e+02   2.0630000e+01
   9.5034000e+02   1.5290000e+01
   9.5071000e+02  -2.4000000e-01
   9.5108000e+02   1.6020000e+01
   9.5145000e+02   2.9370000e+01
   9.5181000e+02   4.9000000e-01
   9.5218000e+02   3.8110000e+01
   9.5255000e+02   1.7000000e+00
   9.5291000e+02  -1.1170000e+01
   9.5328000e+02   1.3590000e+01
   9.5365000e+02   1.5780000e+01
   9.5401000e+02  -1.1890000e+01
   9.5438000e+02   2.4510000e+01
   9.5474000e+02   1.6260000e+01
   9.5511000e+02  -8.0100000e+00
   9.5548000e+02   4.6100000e+00
   9.5584000e+02   2.7430000e+01
   9.5621000e+02  -1.4320000e+01
   9.5657000e+02   9.2200000e+00
   9.5694000e+02   1.8200000e+01
   9.5731000e+02  -4.3700000e+00
   9.5767000e+02  -1.5290000e+01
   9.5804000e+02  -1.3840000e+01
   9.5840000e+02   2.3540000e+01
   9.5877000e+02  -1.5530000e+01
   9.5913000e+02   1.9180000e+01
   9.5950000e+02   1.0680000e+01
   9.5987000e+02  -3.5440000e+01
   9.6023000e+02   8.2500000e+00
   9.6060000e+02   1.2100000e+00
   9.6096000e+02   1.2140000e+01
   9.6133000e+02  -1.1410000e+01
   9.6169000e+02   2.4030000e+01
   9.6206000e+02   3.1600000e+00
   9.6242000e+02   4.8500000e+00
   9.6279000e+02   1.5290000e+01
   9.6315000e+02   3.3740000e+01
   9.6352000e+02   1.6020000e+01
   9.6388000e+02   4.9000000e-01
   9.6425000e+02   1.5780000e+01
   9.6461000e+02  -2.1800000e+00
   9.6497000e+02  -1.2140000e+01
   9.6534000e+02   3.0830000e+01
   9.6570000e+02   4.1300000e+00
   9.6607000e+02  -5.5800000e+00
   9.6643000e+02  -2.3060000e+01
   9.6680000e+02  -9.4700000e+00
   9.6716000e+02  -2.2330000e+01
   9.6752000e+02   6.8000000e+00
   9.6789000e+02  -5.5800000e+00
   9.6825000e+02  -1.7480000e+01
   9.6862000e+02  -1.7000000e+00
   9.6898000e+02  -4.2960000e+01
   9.6934000e+02   1.9900000e+01
   9.6971000e+02   1.4810000e+01
   9.7007000e+02   1.3110000e+01
   9.7043000e+02  -7.2800000e+00
   9.7080000e+02   2.1800000e+00
   9.7116000e+02   1.3350000e+01
   9.7152000e+02   2.0630000e+01
   9.7189000e+02  -1.9400000e+00
   9.7225000e+02  -2.4000000e-01
   9.7261000e+02   4.1300000e+00
   9.7298000e+02  -1.2140000e+01
   9.7334000e+02   9.4700000e+00
   9.7370000e+02   1.2140000e+01
   9.7407000e+02   1.9180000e+01
   9.7443000e+02   4.1990000e+01
   9.7479000e+02   3.1600000e+00
   9.7515000e+02   1.4810000e+01
   9.7552000e+02  -5.1000000e+00
   9.7588000e+02  -9.9500000e+00
   9.7624000e+02  -6.5500000e+00
   9.7660000e+02  -1.0440000e+01
   9.7697000e+02  -2.6700000e+01
   9.7733000e+02  -1.2620000e+01
   9.7769000e+02   2.6700000e+00
   9.7805000e+02   1.8930000e+01
   9.7842000e+02  -1.9660000e+01
   9.7878000e+02  -2.4000000e-01
   9.7914000e+02   3.4710000e+01
   9.7950000e+02  -3.1600000e+00
   9.7986000e+02  -1.4320000e+01
   9.8023000e+02  -8.5000000e+00
   9.8059000e+02  -2.1120000e+01
   9.8095000e+02   1.2860000e+01
   9.8131000e+02  -4.9000000e-01
   9.8167000e+02   1.9400000e+00
   9.8203000e+02  -5.5800000e+00
   9.8239000e+02  -1.3350000e+01
   9.8276000e+02  -3.4000000e+00
   9.8312000e+02  -9.9500000e+00
   9.8348000e+02   5.3400000e+00
   9.8384000e+02  -6.5500000e+00
   9.8420000e+02  -2.5970000e+01
   9.8456000e+02   7.2800000e+00
   9.8492000e+02   2.9130000e+01
   9.8528000e+02   1.3110000e+01
   9.8564000e+02  -2.4300000e+00
   9.8601000e+02   2.4300000e+00
   9.8637000e+02  -2.1120000e+01
   9.8673000e+02   9.9500000e+00
   9.8709000e+02   2.1120000e+01
   9.8745000e+02  -2.2570000e+01
   9.8781000e+02   8.2500000e+00
   9.8817000e+02  -2.4000000e-01
   9.8853000e+02  -1.9180000e+01
   9.8889000e+02   2.1850000e+01
   9.8925000e+02   1.7000000e+00
   9.8961000e+02  -1.8450000e+01
   9.8997000e+02  -8.9800000e+00
   9.9033000e+02   3.6400000e+00
   9.9069000e+02   3.0340000e+01
   9.9105000e+02   1.6750000e+01
   9.9141000e+02  -6.3100000e+00
   9.9177000e+02  -1.3590000e+01
   9.9213000e+02  -1.0680000e+01
   9.9249000e+02  -2.3790000e+01
   9.9285000e+02   2.5240000e+01
   9.9321000e+02  -1.2100000e+00
   9.9357000e+02  -2.7670000e+01
   9.9393000e+02   1.0440000e+01
   9.9428000e+02   1.2620000e+01
   9.9464000e+02   3.0830000e+01
   9.9500000e+02   2.7910000e+01
   9.9536000e+02   4.1300000e+00
   9.9572000e+02   1.1650000e+01
   9.9608000e+02  -1.9180000e+01
   9.9644000e+02   6.5500000e+00
   9.9680000e+02   2.5730000e+01
   9.9716000e+02   1.0920000e+01
   9.9752000e+02   4.1300000e+00
   9.9787000e+02   6.3100000e+00
   9.9823000e+02   2.4000000e-01
   9.9859000e+02   2.0150000e+01
   9.9895000e+02   2.0390000e+01
   9.9931000e+02   2.2820000e+01
   9.9967000e+02   7.0400000e+00
   1.0000200e+03   8.5000000e+00
   1.0003800e+03   1.4810000e+01
   1.0007400e+03   1.5530000e+01
   1.0011000e+03   1.6510000e+01
   1.0014600e+03  -1.7720000e+01
   1.0018100e+03  -5.3400000e+00
   1.0021700e+03  -4.8500000e+00
   1.0025300e+03  -1.6020000e+01
   1.0028900e+03   1.5530000e+01
   1.0032500e+03   1.7230000e+01
   1.0036000e+03  -2.4300000e+00
   1.0039600e+03   7.3000000e-01
   1.0043200e+03  -1.4600000e+00
   1.0046800e+03   4.9000000e-01
   1.0050300e+03   6.0700000e+00
   1.0053900e+03   2.1800000e+00
   1.0057500e+03   6.0700000e+00
   1.0061000e+03   9.9500000e+00
   1.0064600e+03   3.8800000e+00
   1.0068200e+03   2.1600000e+01
   1.0071800e+03   9.4700000e+00
   1.0075300e+03   2.9100000e+00
   1.0078900e+03   2.9610000e+01
   1.0082500e+03   1.9180000e+01
   1.0086000e+03   1.7480000e+01
   1.0089600e+03   1.5050000e+01
   1.0093200e+03   1.0680000e+01
   1.0096700e+03   5.3400000e+00
   1.0100300e+03   1.7720000e+01
   1.0103800e+03  -1.7480000e+01
   1.0107400e+03  -9.9500000e+00
   1.0111000e+03   4.6100000e+00
   1.0114500e+03   1.4560000e+01
   1.0118100e+03  -4.6100000e+00
   1.0121700e+03   7.2800000e+00
   1.0125200e+03   2.2090000e+01
   1.0128800e+03  -2.0150000e+01
   1.0132300e+03  -1.7000000e+00
   1.0135900e+03  -9.7100000e+00
   1.0139400e+03  -2.5730000e+01
   1.0143000e+03  -1.9660000e+01
   1.0146600e+03   1.7960000e+01
   1.0150100e+03  -2.8640000e+01
   1.0153700e+03   1.9420000e+01
   1.0157200e+03  -7.7700000e+00
   1.0160800e+03   1.6020000e+01
   1.0164300e+03   3.4000000e+00
   1.0167900e+03  -2.4300000e+00
   1.0171400e+03   1.2140000e+01
   1.0175000e+03  -8.5000000e+00
   1.0178500e+03  -1.4600000e+00
   1.0182100e+03   1.7000000e+00
   1.0185600e+03   2.2330000e+01
   1.0189200e+03   1.7480000e+01
   1.0192700e+03  -8.7400000e+00
   1.0196300e+03   7.0400000e+00
   1.0199800e+03  -2.4000000e-01
   1.0203400e+03   7.3000000e-01
   1.0206900e+03   2.6700000e+00
   1.0210400e+03   1.1650000e+01
   1.0214000e+03   1.0190000e+01
   1.0217500e+03  -4.9000000e-01
   1.0221100e+03  -1.9400000e+00
   1.0224600e+03   2.7910000e+01
   1.0228200e+03  -1.2380000e+01
   1.0231700e+03   7.3000000e-01
   1.0235200e+03  -1.1650000e+01
   1.0238800e+03   2.2090000e+01
   1.0242300e+03  -1.2380000e+01
   1.0245800e+03   1.0440000e+01
   1.0249400e+03   5.5800000e+00
   1.0252900e+03   1.2380000e+01
   1.0256500e+03   4.6100000e+00
   1.0260000e+03   2.3540000e+01
   1.0263500e+03   9.4700000e+00
   1.0267100e+03  -8.0100000e+00
   1.0270600e+03  -9.7000000e-01
   1.0274100e+03   1.1650000e+01
   1.0277600e+03   9.7000000e-01
   1.0281200e+03   1.1410000e+01
   1.0284700e+03   1.4560000e+01
   1.0288200e+03   1.2140000e+01
   1.0291800e+03  -3.4000000e+00
   1.0295300e+03   1.7000000e+00
